/*--------------------------------*- C++ -*----------------------------------*\
| =========                 |                                                 |
| \\      /  F ield         | foam-extend: Open Source CFD                    |
|  \\    /   O peration     | Version:     3.1                                |
|   \\  /    A nd           | Web:         http://www.extend-project.de       |
|    \\/     M anipulation  |                                                 |
\*---------------------------------------------------------------------------*/
FoamFile
{
    version     2.0;
    format      ascii;
    class       volScalarField;
    location    "0.0012";
    object      sigmaEq;
}
// * * * * * * * * * * * * * * * * * * * * * * * * * * * * * * * * * * * * * //

dimensions      [1 -1 -2 0 0 0 0];

internalField   nonuniform List<scalar> 
6400
(
5126.53
3898.56
3503.95
4118.55
5095.58
3883.34
3502.54
4142.64
5093.34
3881.55
3501.78
4143.09
5092.36
3880.96
3501.46
4142.85
5092
3880.75
3501.24
4142.41
5091.93
3880.64
3500.97
4141.8
5091.98
3880.52
3500.61
4141.09
5092.07
3880.33
3500.14
4140.34
5092.16
3880.04
3499.64
4139.65
5092.13
3879.79
3499.27
4139.22
5092.13
3879.79
3499.27
4139.22
5092.16
3880.04
3499.64
4139.65
5092.07
3880.32
3500.14
4140.34
5091.98
3880.52
3500.61
4141.09
5091.93
3880.64
3500.97
4141.8
5092
3880.75
3501.24
4142.41
5092.36
3880.96
3501.46
4142.85
5093.33
3881.55
3501.78
4143.09
5095.58
3883.34
3502.54
4142.64
5126.53
3898.55
3503.94
4118.55
3339.99
3442
3106.58
2226.19
3345.04
3439.16
3095.25
2210.89
3342.85
3437.78
3094.39
2211.08
3341.78
3437.22
3094.02
2210.84
3341.2
3436.83
3093.67
2210.39
3340.87
3436.53
3093.33
2209.84
3340.73
3436.27
3092.98
2209.25
3340.71
3436.02
3092.63
2208.68
3340.8
3435.75
3092.28
2208.2
3341.18
3435.56
3092.04
2207.9
3341.18
3435.56
3092.04
2207.9
3340.8
3435.75
3092.28
2208.2
3340.71
3436.02
3092.63
2208.68
3340.73
3436.27
3092.98
2209.25
3340.87
3436.53
3093.33
2209.84
3341.2
3436.83
3093.67
2210.39
3341.78
3437.22
3094.02
2210.84
3342.85
3437.78
3094.39
2211.08
3345.04
3439.15
3095.25
2210.89
3339.99
3441.99
3106.58
2226.19
3648.63
3539.77
3206.77
2655.23
3655.39
3535.8
3194.67
2638.26
3654.35
3535.61
3194.16
2638.95
3653.91
3535.55
3194.19
2639.21
3653.63
3535.42
3194.17
2639.34
3653.49
3535.29
3194.09
2639.36
3653.48
3535.19
3193.98
2639.31
3653.63
3535.15
3193.86
2639.19
3654.01
3535.16
3193.75
2639.02
3654.92
3535.24
3193.66
2638.86
3654.92
3535.24
3193.66
2638.86
3654.01
3535.16
3193.75
2639.01
3653.63
3535.14
3193.86
2639.19
3653.48
3535.19
3193.97
2639.31
3653.48
3535.28
3194.08
2639.36
3653.63
3535.42
3194.17
2639.34
3653.9
3535.55
3194.19
2639.21
3654.34
3535.61
3194.16
2638.95
3655.39
3535.79
3194.67
2638.26
3648.62
3539.77
3206.77
2655.22
4799.04
4301.2
3895.94
3643.38
4797.89
4293.86
3885.93
3630.76
4796.91
4293.86
3885.75
3632.43
4796.71
4293.78
3885.77
3633.01
4796.79
4293.82
3885.87
3633.34
4797.06
4293.95
3885.98
3633.56
4797.48
4294.16
3886.08
3633.69
4798.04
4294.44
3886.18
3633.74
4798.75
4294.75
3886.25
3633.69
4799.9
4295.06
3886.28
3633.61
4799.9
4295.06
3886.28
3633.61
4798.75
4294.75
3886.25
3633.69
4798.04
4294.44
3886.18
3633.73
4797.48
4294.16
3886.08
3633.69
4797.06
4293.95
3885.98
3633.55
4796.78
4293.82
3885.87
3633.34
4796.71
4293.78
3885.77
3633.01
4796.91
4293.85
3885.75
3632.43
4797.89
4293.85
3885.93
3630.76
4799.04
4301.19
3895.93
3643.38
5656.15
4966.53
4495.07
4319.4
5651.78
4957.95
4485.97
4307.5
5650.92
4958.06
4485.87
4309.56
5650.85
4957.87
4485.7
4310.09
5651.19
4957.97
4485.73
4310.3
5651.84
4958.3
4485.87
4310.42
5652.67
4958.76
4486.05
4310.5
5653.61
4959.28
4486.25
4310.52
5654.61
4959.82
4486.42
4310.48
5655.89
4960.26
4486.53
4310.42
5655.89
4960.26
4486.53
4310.42
5654.61
4959.82
4486.42
4310.48
5653.6
4959.28
4486.25
4310.52
5652.67
4958.75
4486.05
4310.5
5651.83
4958.3
4485.87
4310.42
5651.19
4957.97
4485.73
4310.3
5650.85
4957.87
4485.7
4310.08
5650.91
4958.06
4485.87
4309.56
5651.77
4957.95
4485.97
4307.5
5656.15
4966.52
4495.07
4319.4
5982.81
5261.01
4767.93
4576.09
5978.82
5252.91
4759.26
4563.44
5978.3
5253.22
4759.16
4565.34
5978.5
5253.08
4758.83
4565.53
5979.15
5253.29
4758.75
4565.39
5980.16
5253.77
4758.82
4565.19
5981.37
5254.42
4758.98
4565
5982.64
5255.14
4759.18
4564.83
5983.89
5255.82
4759.38
4564.67
5985.27
5256.36
4759.51
4564.56
5985.27
5256.36
4759.51
4564.56
5983.88
5255.82
4759.38
4564.67
5982.64
5255.13
4759.18
4564.83
5981.37
5254.42
4758.98
4565
5980.16
5253.77
4758.82
4565.19
5979.15
5253.28
4758.75
4565.39
5978.5
5253.08
4758.83
4565.53
5978.29
5253.21
4759.16
4565.34
5978.82
5252.9
4759.26
4563.44
5982.81
5261
4767.92
4576.09
5781.36
5139.45
4673.35
4436.01
5779.87
5132.95
4665.16
4422.44
5779.77
5133.49
4664.99
4423.75
5780.36
5133.55
4664.59
4423.44
5781.35
5133.92
4664.4
4422.79
5782.69
5134.56
4664.37
4422.09
5784.2
5135.35
4664.43
4421.45
5785.74
5136.19
4664.57
4420.91
5787.18
5136.98
4664.72
4420.5
5788.62
5137.56
4664.83
4420.26
5788.62
5137.56
4664.83
4420.26
5787.18
5136.98
4664.72
4420.5
5785.74
5136.19
4664.57
4420.91
5784.2
5135.35
4664.43
4421.45
5782.68
5134.56
4664.37
4422.09
5781.35
5133.92
4664.4
4422.78
5780.36
5133.55
4664.58
4423.44
5779.77
5133.48
4664.99
4423.75
5779.86
5132.94
4665.15
4422.43
5781.35
5139.44
4673.34
4436.01
5133.1
4650.92
4253.91
3967.53
5135.45
4646.81
4246.53
3953.45
5135.78
4647.53
4246.26
3953.95
5136.72
4647.84
4245.83
3953.09
5137.99
4648.35
4245.56
3951.92
5139.54
4649.07
4245.39
3950.69
5141.24
4649.91
4245.32
3949.53
5142.93
4650.79
4245.32
3948.53
5144.48
4651.59
4245.37
3947.77
5145.92
4652.16
4245.42
3947.34
5145.92
4652.16
4245.42
3947.34
5144.48
4651.59
4245.37
3947.77
5142.93
4650.79
4245.32
3948.53
5141.23
4649.91
4245.31
3949.53
5139.54
4649.07
4245.39
3950.69
5137.99
4648.34
4245.55
3951.92
5136.72
4647.83
4245.83
3953.09
5135.77
4647.53
4246.26
3953.94
5135.44
4646.8
4246.53
3953.45
5133.1
4650.92
4253.91
3967.52
4195.52
3897.68
3594.98
3287.91
4201.92
3896.2
3589
3274.75
4202.58
3896.98
3588.59
3274.44
4203.77
3897.4
3588.14
3273.25
4205.18
3897.9
3587.72
3271.78
4206.79
3898.52
3587.36
3270.23
4208.5
3899.22
3587.07
3268.72
4210.18
3899.95
3586.86
3267.39
4211.71
3900.62
3586.73
3266.35
4213.03
3901.09
3586.68
3265.76
4213.03
3901.09
3586.68
3265.76
4211.71
3900.62
3586.73
3266.35
4210.18
3899.95
3586.86
3267.39
4208.5
3899.22
3587.07
3268.72
4206.79
3898.52
3587.36
3270.23
4205.18
3897.9
3587.72
3271.78
4203.76
3897.4
3588.13
3273.24
4202.58
3896.98
3588.59
3274.44
4201.92
3896.2
3589
3274.75
4195.52
3897.67
3594.98
3287.91
3210.66
3015.58
2800.93
2555.99
3218.82
3015.97
2797.15
2546.91
3219.59
3016.59
2796.6
2546.17
3220.84
3016.91
2796.06
2545.05
3222.23
3017.15
2795.45
2543.73
3223.74
3017.42
2794.81
2542.3
3225.29
3017.73
2794.2
2540.87
3226.79
3018.07
2793.68
2539.56
3228.12
3018.39
2793.29
2538.5
3229.19
3018.63
2793.08
2537.89
3229.19
3018.63
2793.08
2537.89
3228.12
3018.39
2793.29
2538.5
3226.79
3018.07
2793.68
2539.56
3225.29
3017.73
2794.2
2540.87
3223.74
3017.42
2794.81
2542.3
3222.23
3017.15
2795.45
2543.73
3220.83
3016.91
2796.06
2545.05
3219.59
3016.58
2796.6
2546.17
3218.81
3015.97
2797.15
2546.91
3210.66
3015.58
2800.93
2555.99
2433.23
2166.48
1995.72
1917.25
2438.33
2166.94
1994.77
1915.75
2438.86
2167.22
1994.16
1915.09
2439.89
2167.34
1993.59
1914.41
2441.06
2167.29
1992.85
1913.6
2442.28
2167.17
1992.02
1912.66
2443.51
2167.06
1991.18
1911.68
2444.67
2166.97
1990.41
1910.73
2445.64
2166.9
1989.8
1909.92
2446.36
2166.89
1989.46
1909.44
2446.36
2166.89
1989.46
1909.44
2445.64
2166.9
1989.8
1909.92
2444.67
2166.96
1990.41
1910.73
2443.51
2167.06
1991.18
1911.68
2442.28
2167.17
1992.02
1912.66
2441.06
2167.29
1992.85
1913.6
2439.89
2167.34
1993.59
1914.41
2438.86
2167.21
1994.15
1915.09
2438.33
2166.93
1994.77
1915.75
2433.23
2166.48
1995.72
1917.25
1952.41
1523.08
1333.16
1424.24
1951.96
1522
1334.58
1429.6
1952.03
1522.01
1334.09
1429.19
1952.58
1522.14
1333.76
1428.88
1953.29
1522.11
1333.27
1428.47
1954.06
1522.02
1332.67
1427.94
1954.82
1521.91
1332.04
1427.34
1955.52
1521.79
1331.43
1426.73
1956.09
1521.68
1330.94
1426.19
1956.5
1521.62
1330.64
1425.86
1956.5
1521.62
1330.64
1425.86
1956.09
1521.68
1330.94
1426.19
1955.52
1521.8
1331.44
1426.73
1954.82
1521.91
1332.04
1427.34
1954.06
1522.02
1332.67
1427.94
1953.29
1522.11
1333.27
1428.47
1952.58
1522.14
1333.76
1428.88
1952.03
1522.01
1334.09
1429.18
1951.96
1522
1334.58
1429.6
1952.41
1523.08
1333.16
1424.24
1628.37
1172.01
942.314
1036.97
1625.55
1169.78
943.795
1043.42
1625.32
1169.75
943.521
1042.97
1625.42
1170.08
943.62
1042.67
1625.66
1170.37
943.686
1042.3
1625.94
1170.66
943.713
1041.83
1626.23
1170.94
943.713
1041.3
1626.53
1171.2
943.688
1040.76
1626.8
1171.39
943.645
1040.31
1627
1171.49
943.61
1040.04
1627
1171.49
943.61
1040.04
1626.8
1171.39
943.646
1040.31
1626.53
1171.2
943.689
1040.76
1626.24
1170.95
943.713
1041.3
1625.94
1170.66
943.714
1041.83
1625.66
1170.37
943.687
1042.3
1625.43
1170.08
943.621
1042.67
1625.32
1169.75
943.522
1042.97
1625.56
1169.79
943.796
1043.42
1628.38
1172.01
942.316
1036.97
1326.12
1003.01
784.544
734.299
1324.72
1001.2
784.111
736.598
1324.47
1001.21
783.906
735.94
1324.36
1001.57
784.167
735.556
1324.31
1001.94
784.492
735.183
1324.27
1002.34
784.835
734.766
1324.26
1002.74
785.175
734.324
1324.3
1003.12
785.478
733.897
1324.39
1003.43
785.705
733.544
1324.51
1003.62
785.827
733.337
1324.51
1003.62
785.827
733.337
1324.39
1003.43
785.705
733.544
1324.3
1003.12
785.479
733.898
1324.27
1002.74
785.176
734.325
1324.28
1002.34
784.837
734.767
1324.32
1001.95
784.494
735.184
1324.37
1001.57
784.169
735.558
1324.47
1001.22
783.908
735.941
1324.73
1001.2
784.113
736.6
1326.13
1003.01
784.546
734.3
1050.96
870.865
704.721
566.955
1051.72
869.867
703.142
565.026
1051.59
869.887
702.923
564.498
1051.49
870.117
703.107
564.344
1051.39
870.33
703.359
564.316
1051.26
870.542
703.633
564.327
1051.15
870.761
703.91
564.341
1051.09
870.977
704.161
564.342
1051.11
871.165
704.355
564.329
1051.22
871.288
704.463
564.314
1051.22
871.288
704.463
564.314
1051.11
871.166
704.356
564.33
1051.09
870.979
704.163
564.343
1051.15
870.763
703.912
564.342
1051.26
870.545
703.636
564.329
1051.39
870.334
703.361
564.318
1051.5
870.121
703.11
564.346
1051.6
869.891
702.927
564.5
1051.73
869.872
703.146
565.028
1050.97
870.87
704.724
566.958
851.117
749.501
639.828
534.945
852.851
748.985
638.379
532.458
852.821
749.016
638.221
532.332
852.791
749.153
638.355
532.495
852.744
749.256
638.544
532.798
852.667
749.344
638.747
533.165
852.595
749.431
638.95
533.537
852.56
749.521
639.131
533.865
852.592
749.61
639.271
534.104
852.714
749.679
639.348
534.227
852.715
749.679
639.348
534.228
852.594
749.611
639.272
534.104
852.563
749.523
639.133
533.866
852.599
749.434
638.952
533.539
852.673
749.348
638.75
533.167
852.751
749.261
638.547
532.8
852.799
749.158
638.358
532.497
852.829
749.022
638.225
532.334
852.859
748.991
638.383
532.46
851.125
749.507
639.832
534.948
723.412
654.853
585.354
529.936
725.15
654.584
584.385
528.155
725.168
654.65
584.303
528.197
725.177
654.76
584.415
528.392
725.18
654.842
584.571
528.665
725.166
654.914
584.737
528.973
725.155
654.984
584.898
529.276
725.169
655.055
585.04
529.535
725.231
655.125
585.145
529.719
725.363
655.18
585.202
529.812
725.364
655.18
585.203
529.812
725.233
655.126
585.146
529.72
725.173
655.058
585.042
529.537
725.16
654.988
584.901
529.278
725.172
654.919
584.74
528.975
725.188
654.847
584.574
528.667
725.185
654.765
584.419
528.394
725.177
654.657
584.307
528.2
725.159
654.591
584.39
528.158
723.421
654.86
585.358
529.939
633.205
579.294
528.545
489.427
634.683
579.148
527.825
487.886
634.731
579.225
527.753
487.881
634.755
579.307
527.805
487.952
634.783
579.366
527.885
488.047
634.806
579.42
527.967
488.145
634.836
579.471
528.042
488.229
634.884
579.522
528.101
488.285
634.962
579.569
528.141
488.31
635.083
579.606
528.159
488.314
635.084
579.607
528.16
488.315
634.965
579.571
528.142
488.311
634.888
579.525
528.103
488.286
634.841
579.475
528.044
488.23
634.812
579.425
527.97
488.147
634.791
579.372
527.889
488.049
634.764
579.313
527.809
487.955
634.741
579.232
527.757
487.884
634.693
579.155
527.83
487.889
633.215
579.301
528.549
489.43
561.731
509.82
462.358
420.296
562.81
509.645
461.669
418.736
562.877
509.699
461.564
418.637
562.912
509.744
461.547
418.597
562.957
509.766
461.543
418.555
563.005
509.781
461.532
418.499
563.061
509.793
461.511
418.425
563.128
509.803
461.483
418.337
563.209
509.813
461.452
418.249
563.307
509.824
461.43
418.192
563.308
509.824
461.431
418.192
563.211
509.815
461.453
418.25
563.132
509.806
461.485
418.338
563.066
509.796
461.514
418.426
563.011
509.786
461.535
418.501
562.965
509.771
461.547
418.557
562.921
509.75
461.551
418.6
562.887
509.706
461.569
418.64
562.821
509.653
461.674
418.739
561.742
509.828
462.363
420.299
503.013
446.215
395.719
348.195
503.611
445.903
394.991
346.666
503.675
445.923
394.862
346.513
503.708
445.944
394.811
346.433
503.756
445.945
394.768
346.346
503.81
445.939
394.717
346.244
503.872
445.931
394.656
346.123
503.94
445.921
394.591
345.995
504.011
445.912
394.532
345.878
504.086
445.908
394.495
345.805
504.087
445.909
394.495
345.805
504.014
445.914
394.533
345.879
503.944
445.924
394.593
345.996
503.877
445.934
394.658
346.125
503.816
445.944
394.72
346.245
503.763
445.95
394.772
346.348
503.716
445.95
394.815
346.435
503.685
445.929
394.866
346.516
503.621
445.909
394.996
346.668
503.024
446.222
395.724
348.198
450.57
391.78
339.734
290.53
450.794
391.344
338.989
289.132
450.842
391.342
338.863
288.98
450.856
391.354
338.818
288.915
450.887
391.354
338.784
288.852
450.925
391.351
338.744
288.777
450.971
391.345
338.698
288.688
451.021
391.339
338.648
288.591
451.074
391.333
338.602
288.502
451.127
391.33
338.573
288.446
451.128
391.33
338.573
288.446
451.076
391.334
338.603
288.503
451.025
391.342
338.649
288.592
450.975
391.349
338.7
288.689
450.931
391.355
338.747
288.779
450.894
391.359
338.787
288.853
450.864
391.36
338.821
288.917
450.851
391.347
338.867
288.982
450.803
391.35
338.993
289.134
450.58
391.786
339.738
290.532
399.362
345.498
296.937
251.09
399.407
345.033
296.24
249.893
399.442
345.022
296.137
249.773
399.435
345.034
296.112
249.745
399.442
345.036
296.102
249.726
399.455
345.038
296.09
249.702
399.475
345.04
296.073
249.667
399.502
345.042
296.052
249.623
399.534
345.042
296.031
249.578
399.57
345.043
296.017
249.548
399.57
345.044
296.017
249.549
399.536
345.044
296.032
249.579
399.505
345.044
296.054
249.624
399.479
345.043
296.075
249.668
399.46
345.042
296.092
249.703
399.448
345.04
296.104
249.727
399.442
345.038
296.115
249.746
399.449
345.027
296.14
249.774
399.415
345.038
296.243
249.894
399.37
345.503
296.94
251.091
349.096
304.456
263.315
224.681
349.104
304.043
262.721
223.72
349.133
304.035
262.647
223.64
349.114
304.046
262.639
223.643
349.104
304.049
262.646
223.658
349.098
304.052
262.652
223.671
349.099
304.056
262.655
223.676
349.107
304.059
262.654
223.67
349.124
304.062
262.648
223.657
349.148
304.064
262.643
223.646
349.148
304.064
262.644
223.646
349.126
304.063
262.649
223.658
349.11
304.061
262.655
223.67
349.102
304.058
262.656
223.676
349.102
304.055
262.654
223.672
349.109
304.052
262.647
223.658
349.119
304.049
262.641
223.644
349.139
304.039
262.649
223.641
349.11
304.047
262.724
223.721
349.102
304.46
263.318
224.682
302.086
267.081
234.391
204.11
302.109
266.752
233.921
203.373
302.138
266.749
233.87
203.324
302.117
266.759
233.872
203.343
302.101
266.762
233.885
203.372
302.087
266.764
233.897
203.399
302.079
266.765
233.906
203.418
302.079
266.767
233.911
203.428
302.087
266.768
233.911
203.429
302.103
266.769
233.909
203.426
302.103
266.77
233.91
203.426
302.088
266.769
233.912
203.429
302.081
266.768
233.912
203.428
302.082
266.767
233.907
203.419
302.09
266.765
233.898
203.399
302.105
266.764
233.886
203.372
302.121
266.762
233.873
203.344
302.143
266.752
233.871
203.324
302.114
266.754
233.922
203.373
302.091
267.084
234.392
204.111
260.179
233.07
207.732
184.646
260.217
232.818
207.372
184.088
260.248
232.82
207.337
184.057
260.23
232.83
207.343
184.08
260.215
232.832
207.356
184.107
260.201
232.832
207.367
184.132
260.192
232.832
207.375
184.151
260.189
232.831
207.379
184.16
260.193
232.83
207.378
184.161
260.204
232.83
207.376
184.159
260.204
232.83
207.376
184.159
260.194
232.831
207.378
184.161
260.19
232.832
207.379
184.16
260.194
232.833
207.376
184.151
260.203
232.834
207.368
184.132
260.218
232.834
207.356
184.107
260.233
232.832
207.343
184.08
260.251
232.822
207.338
184.057
260.221
232.82
207.373
184.088
260.183
233.072
207.733
184.646
223.742
202.379
182.578
164.735
223.779
202.184
182.301
164.304
223.81
202.189
182.275
164.28
223.796
202.198
182.28
164.301
223.784
202.199
182.29
164.322
223.773
202.198
182.298
164.339
223.765
202.197
182.302
164.35
223.762
202.194
182.303
164.354
223.765
202.191
182.3
164.352
223.773
202.189
182.297
164.348
223.773
202.189
182.297
164.348
223.765
202.191
182.3
164.352
223.763
202.194
182.303
164.354
223.767
202.197
182.303
164.35
223.774
202.199
182.298
164.339
223.786
202.2
182.29
164.321
223.798
202.198
182.28
164.3
223.812
202.19
182.275
164.28
223.781
202.185
182.301
164.303
223.745
202.38
182.579
164.735
192.153
174.842
158.98
144.734
192.178
174.684
158.76
144.39
192.206
174.689
158.739
144.37
192.195
174.697
158.743
144.386
192.186
174.698
158.75
144.401
192.178
174.696
158.755
144.411
192.172
174.694
158.756
144.416
192.169
174.69
158.753
144.415
192.17
174.686
158.749
144.41
192.176
174.683
158.745
144.405
192.176
174.683
158.745
144.405
192.171
174.686
158.749
144.409
192.169
174.69
158.753
144.415
192.172
174.694
158.755
144.416
192.178
174.697
158.754
144.411
192.187
174.698
158.75
144.4
192.196
174.697
158.742
144.385
192.208
174.69
158.739
144.369
192.179
174.685
158.759
144.389
192.154
174.842
158.98
144.733
164.551
150.224
137.227
125.545
164.561
150.092
137.046
125.265
164.586
150.096
137.029
125.247
164.577
150.102
137.031
125.26
164.57
150.102
137.036
125.27
164.563
150.1
137.039
125.277
164.558
150.097
137.038
125.278
164.555
150.093
137.034
125.274
164.555
150.089
137.029
125.268
164.559
150.085
137.025
125.263
164.559
150.085
137.025
125.263
164.555
150.088
137.029
125.268
164.555
150.093
137.034
125.274
164.558
150.097
137.038
125.278
164.563
150.1
137.038
125.276
164.57
150.102
137.036
125.27
164.577
150.101
137.031
125.259
164.587
150.095
137.028
125.247
164.562
150.092
137.046
125.264
164.552
150.223
137.226
125.544
140.256
128.307
117.543
107.867
140.255
128.195
117.393
107.638
140.276
128.198
117.379
107.622
140.267
128.202
117.38
107.632
140.261
128.202
117.384
107.641
140.255
128.2
117.385
107.645
140.25
128.197
117.384
107.645
140.247
128.193
117.38
107.641
140.246
128.188
117.375
107.636
140.249
128.185
117.371
107.631
140.249
128.185
117.371
107.631
140.246
128.188
117.375
107.636
140.247
128.192
117.38
107.641
140.25
128.196
117.384
107.645
140.254
128.2
117.385
107.645
140.261
128.201
117.383
107.64
140.267
128.202
117.38
107.632
140.276
128.197
117.378
107.622
140.255
128.195
117.393
107.637
140.256
128.307
117.542
107.866
118.846
108.911
100.001
92.0117
118.838
108.816
99.8779
91.8256
118.856
108.818
99.8659
91.8126
118.848
108.821
99.8668
91.8211
118.842
108.821
99.8697
91.8279
118.836
108.819
99.8706
91.8317
118.831
108.815
99.8692
91.8318
118.828
108.812
99.8658
91.8286
118.827
108.808
99.8615
91.8239
118.828
108.805
99.8582
91.8202
118.828
108.805
99.8582
91.8202
118.827
108.807
99.8613
91.8238
118.828
108.811
99.8655
91.8285
118.831
108.815
99.8688
91.8315
118.835
108.818
99.8701
91.8314
118.841
108.82
99.8691
91.8275
118.847
108.82
99.8662
91.8206
118.855
108.817
99.8652
91.8121
118.837
108.815
99.8772
91.825
118.846
108.91
100.001
92.0111
100.075
91.8748
84.5469
78.0074
100.064
91.7955
84.4458
77.8575
100.079
91.7968
84.436
77.8469
100.072
91.7993
84.4368
77.8543
100.066
91.7986
84.4391
77.8601
100.061
91.7966
84.4398
77.8634
100.056
91.7937
84.4386
77.8637
100.053
91.7903
84.4357
77.8613
100.052
91.7867
84.4321
77.8575
100.052
91.7841
84.4293
77.8546
100.052
91.784
84.4292
77.8546
100.051
91.7864
84.4319
77.8574
100.053
91.7899
84.4354
77.8611
100.056
91.7932
84.4382
77.8635
100.06
91.796
84.4393
77.8631
100.066
91.7979
84.4385
77.8597
100.071
91.7985
84.4361
77.8538
100.078
91.796
84.4353
77.8465
100.063
91.7947
84.4451
77.857
100.074
91.874
84.5462
78.007
83.7627
77.0405
71.0545
65.7463
83.7515
76.975
70.9725
65.6262
83.7639
76.976
70.9646
65.6178
83.7577
76.978
70.9653
65.6241
83.7527
76.9772
70.9672
65.629
83.7479
76.9754
70.9678
65.6319
83.7438
76.9727
70.9667
65.6322
83.7406
76.9696
70.9643
65.6303
83.7389
76.9665
70.9612
65.6274
83.7389
76.9642
70.9589
65.625
83.7388
76.9641
70.9588
65.625
83.7385
76.9662
70.961
65.6273
83.7401
76.9692
70.964
65.6302
83.7431
76.9722
70.9663
65.6321
83.7471
76.9747
70.9673
65.6317
83.7519
76.9764
70.9667
65.6288
83.757
76.9771
70.9647
65.6238
83.7632
76.9752
70.964
65.6174
83.7507
76.9741
70.9718
65.6259
83.7619
77.0396
71.0539
65.746
69.7258
64.2382
59.3712
55.0838
69.7154
64.1846
59.3049
54.9879
69.7258
64.1855
59.2987
54.9811
69.7205
64.187
59.2993
54.9865
69.7162
64.1863
59.3009
54.9906
69.7119
64.1846
59.3012
54.9929
69.7083
64.1822
59.3002
54.9931
69.7054
64.1795
59.2981
54.9916
69.7037
64.1767
59.2956
54.9891
69.7035
64.1747
59.2936
54.9872
69.7034
64.1746
59.2935
54.9872
69.7033
64.1764
59.2954
54.9891
69.7049
64.1791
59.2979
54.9915
69.7076
64.1817
59.2999
54.9931
69.7111
64.1839
59.3008
54.9928
69.7153
64.1855
59.3004
54.9904
69.7196
64.1862
59.2988
54.9863
69.7249
64.1846
59.2981
54.9809
69.7145
64.1837
59.3044
54.9877
69.7249
64.2373
59.3706
55.0836
57.7571
53.2844
49.335
45.8774
57.7478
53.2407
49.2816
45.8007
57.7565
53.2414
49.2766
45.7953
57.752
53.2426
49.2771
45.7997
57.7483
53.242
49.2784
45.8031
57.7447
53.2405
49.2786
45.8049
57.7415
53.2384
49.2777
45.805
57.739
53.236
49.2759
45.8036
57.7374
53.2336
49.2736
45.8016
57.737
53.2319
49.272
45.8
57.7369
53.2318
49.2719
45.8
57.737
53.2333
49.2735
45.8016
57.7384
53.2356
49.2756
45.8036
57.7407
53.2378
49.2774
45.805
57.7437
53.2398
49.2782
45.8049
57.7473
53.2412
49.2779
45.803
57.7509
53.2418
49.2766
45.7997
57.7554
53.2406
49.2761
45.7952
57.7467
53.2398
49.2811
45.8006
57.756
53.2835
49.3345
45.8773
47.6318
43.9866
40.7822
37.9918
47.6236
43.951
40.7391
37.9304
47.6307
43.9516
40.7351
37.926
47.627
43.9526
40.7355
37.9297
47.6239
43.9519
40.7365
37.9323
47.6209
43.9506
40.7365
37.9337
47.6182
43.9489
40.7357
37.9336
47.616
43.9468
40.7341
37.9324
47.6145
43.9447
40.7322
37.9307
47.6141
43.9432
40.7308
37.9294
47.6139
43.9431
40.7308
37.9294
47.614
43.9444
40.7321
37.9307
47.6152
43.9463
40.7339
37.9325
47.6172
43.9482
40.7354
37.9337
47.6197
43.9498
40.7362
37.9337
47.6227
43.951
40.736
37.9323
47.6257
43.9516
40.735
37.9297
47.6294
43.9506
40.7345
37.926
47.6222
43.9499
40.7385
37.9304
47.6304
43.9856
40.7816
37.9918
39.123
36.1514
33.5497
31.2947
39.1159
36.1223
33.5149
31.2453
39.1217
36.1228
33.5116
31.2418
39.1186
36.1235
33.512
31.2448
39.116
36.123
33.5127
31.2468
39.1135
36.1218
33.5127
31.2479
39.1112
36.1203
33.5119
31.2477
39.1093
36.1185
33.5105
31.2466
39.108
36.1167
33.5089
31.2452
39.1075
36.1154
33.5077
31.2441
39.1073
36.1153
33.5077
31.2441
39.1074
36.1164
33.5088
31.2452
39.1084
36.1179
33.5103
31.2467
39.11
36.1195
33.5115
31.2478
39.1121
36.1209
33.5122
31.2479
39.1145
36.1219
33.5121
31.2469
39.117
36.1224
33.5114
31.2447
39.1201
36.1216
33.511
31.2417
39.1142
36.121
33.5142
31.2453
39.1212
36.1501
33.549
31.2947
32.0144
29.5917
27.4783
25.6538
32.0083
29.568
27.4501
25.614
32.0131
29.5684
27.4475
25.6111
32.0105
29.569
27.4477
25.6135
32.0083
29.5685
27.4483
25.6151
32.0062
29.5675
27.4482
25.6159
32.0042
29.5661
27.4475
25.6157
32.0025
29.5646
27.4463
25.6148
32.0013
29.563
27.4449
25.6135
32.0008
29.5619
27.4439
25.6126
32.0006
29.5617
27.4438
25.6126
32.0006
29.5626
27.4447
25.6135
32.0014
29.5639
27.4459
25.6148
32.0027
29.5652
27.447
25.6157
32.0044
29.5663
27.4476
25.6159
32.0064
29.5671
27.4476
25.6151
32.0084
29.5675
27.4469
25.6134
32.0109
29.5668
27.4467
25.611
32.0061
29.5664
27.4493
25.6139
32.0121
29.5901
27.4774
25.6537
26.1072
24.1328
22.4157
20.9385
26.1021
24.1135
22.3929
20.9063
26.1059
24.1137
22.3907
20.904
26.1037
24.1142
22.3909
20.906
26.1018
24.1137
22.3913
20.9072
26.1
24.1128
22.3912
20.9078
26.0984
24.1117
22.3905
20.9076
26.0969
24.1103
22.3895
20.9068
26.0958
24.109
22.3883
20.9057
26.0953
24.108
22.3874
20.9049
26.095
24.1078
22.3873
20.9049
26.0949
24.1084
22.388
20.9057
26.0955
24.1094
22.389
20.9068
26.0965
24.1104
22.3899
20.9076
26.0978
24.1113
22.3904
20.9077
26.0994
24.112
22.3904
20.9071
26.101
24.1123
22.3899
20.9058
26.1031
24.1118
22.3896
20.9038
26.0991
24.1114
22.3917
20.9062
26.1042
24.1307
22.4146
20.9383
21.2227
19.6147
18.2199
17.0236
21.2184
19.599
18.2014
16.9976
21.2214
19.5992
18.1996
16.9957
21.2196
19.5995
18.1997
16.9972
21.218
19.599
18.2
16.9983
21.2165
19.5983
18.1998
16.9987
21.2151
19.5973
18.1993
16.9984
21.2137
19.5961
18.1984
16.9977
21.2127
19.5949
18.1973
16.9969
21.2122
19.594
18.1966
16.9962
21.2118
19.5937
18.1964
16.9962
21.2117
19.5942
18.197
16.9968
21.212
19.595
18.1978
16.9977
21.2128
19.5957
18.1985
16.9984
21.2138
19.5964
18.1989
16.9985
21.215
19.5969
18.1988
16.998
21.2163
19.5971
18.1984
16.997
21.2179
19.5967
18.1982
16.9954
21.2147
19.5963
18.1999
16.9973
21.2189
19.612
18.2184
17.0232
17.2027
15.8941
14.7614
13.7924
17.199
15.8812
14.7464
13.7714
17.2015
15.8814
14.7449
13.7698
17.1999
15.8816
14.745
13.7711
17.1986
15.8812
14.7452
13.7719
17.1973
15.8805
14.745
13.7722
17.196
15.8796
14.7445
13.772
17.1949
15.8786
14.7437
13.7714
17.1939
15.8776
14.7428
13.7707
17.1933
15.8767
14.7422
13.7701
17.1929
15.8764
14.742
13.7701
17.1927
15.8767
14.7424
13.7706
17.1929
15.8773
14.743
13.7713
17.1934
15.8778
14.7435
13.7718
17.1941
15.8783
14.7438
13.772
17.195
15.8787
14.7438
13.7716
17.196
15.8788
14.7434
13.7707
17.1973
15.8784
14.7432
13.7694
17.1946
15.8781
14.7446
13.7709
17.1981
15.8909
14.7596
13.7919
13.9083
12.8442
11.9246
11.1396
13.9053
12.8337
11.9124
11.1225
13.9073
12.8338
11.9112
11.1213
13.906
12.834
11.9113
11.1224
13.9049
12.8336
11.9114
11.123
13.9038
12.833
11.9112
11.1232
13.9027
12.8322
11.9108
11.123
13.9016
12.8313
11.9101
11.1225
13.9007
12.8304
11.9093
11.1219
13.9001
12.8296
11.9087
11.1215
13.8997
12.8293
11.9085
11.1214
13.8994
12.8294
11.9088
11.1218
13.8994
12.8298
11.9092
11.1223
13.8997
12.8302
11.9096
11.1227
13.9002
12.8305
11.9098
11.1228
13.9008
12.8307
11.9097
11.1225
13.9015
12.8308
11.9094
11.1218
13.9025
12.8304
11.9092
11.1207
13.9003
12.8301
11.9103
11.1219
13.9032
12.8405
11.9225
11.1389
11.2193
10.3544
9.60796
8.97173
11.2169
10.3459
9.59805
8.95791
11.2184
10.346
9.59709
8.95694
11.2173
10.3461
9.59711
8.95778
11.2164
10.3458
9.59719
8.95828
11.2155
10.3452
9.59704
8.95846
11.2146
10.3446
9.59664
8.9583
11.2136
10.3438
9.59606
8.95789
11.2128
10.343
9.5954
8.95738
11.2122
10.3423
9.59486
8.95699
11.2117
10.3419
9.59467
8.95695
11.2114
10.3419
9.59483
8.95723
11.2113
10.3421
9.59512
8.95763
11.2114
10.3423
9.59537
8.95792
11.2117
10.3425
9.59546
8.95796
11.2121
10.3426
9.59536
8.95766
11.2126
10.3426
9.59506
8.95705
11.2133
10.3423
9.59489
8.95616
11.2115
10.342
9.59574
8.95711
11.2138
10.3504
9.60558
8.9709
9.03211
8.32947
7.72351
7.20758
9.03014
8.32256
7.71546
7.19636
9.03135
8.3226
7.71468
7.19559
9.03048
8.32267
7.71469
7.19627
9.02974
8.3224
7.71475
7.19668
9.02897
8.32196
7.71461
7.19682
9.0282
8.32139
7.71427
7.19669
9.02741
8.32071
7.71377
7.19635
9.02669
8.31999
7.71321
7.19592
9.02613
8.31936
7.71273
7.19559
9.02562
8.31901
7.71253
7.19553
9.0252
8.31894
7.7126
7.19573
9.02501
8.31901
7.71278
7.19602
9.025
8.3191
7.71292
7.19622
9.02512
8.31917
7.71295
7.19621
9.02536
8.3192
7.71281
7.19594
9.0257
8.31913
7.71253
7.19542
9.02623
8.31881
7.71236
7.19467
9.02476
8.31858
7.71303
7.19541
9.02659
8.32537
7.721
7.20659
7.25858
6.68793
6.19598
5.77733
7.25699
6.68232
6.18943
5.76821
7.25796
6.68235
6.1888
5.7676
7.25728
6.68241
6.18881
5.76816
7.2567
6.6822
6.18886
5.76849
7.2561
6.68184
6.18874
5.76859
7.25547
6.68137
6.18845
5.76848
7.25483
6.6808
6.18803
5.7682
7.25421
6.68018
6.18755
5.76784
7.25371
6.67963
6.18714
5.76756
7.25323
6.67929
6.18693
5.76749
7.2528
6.67917
6.18695
5.76762
7.25255
6.67915
6.18704
5.76783
7.25245
6.67915
6.1871
5.76795
7.25246
6.67914
6.18707
5.76791
7.25258
6.6791
6.18692
5.76765
7.25278
6.679
6.18665
5.7672
7.25316
6.6787
6.18648
5.76656
7.25195
6.67848
6.187
5.76714
7.2534
6.68398
6.19346
5.77622
5.82436
5.36104
4.96159
4.62169
5.8231
5.35648
4.95627
4.61427
5.82389
5.35652
4.95576
4.61378
5.82338
5.35658
4.95577
4.61423
5.82296
5.35643
4.95582
4.61449
5.82253
5.35616
4.95572
4.61457
5.82206
5.35579
4.95549
4.61447
5.82156
5.35533
4.95514
4.61423
5.82106
5.35483
4.95474
4.61393
5.82064
5.35436
4.95438
4.61368
5.82022
5.35405
4.95419
4.61361
5.81982
5.35391
4.95417
4.6137
5.81956
5.35384
4.95421
4.61383
5.81942
5.35379
4.95422
4.6139
5.81936
5.35373
4.95415
4.61383
5.8194
5.35364
4.95399
4.61359
5.81951
5.35352
4.95374
4.6132
5.81977
5.35324
4.95357
4.61267
5.81877
5.35305
4.95397
4.61312
5.81993
5.3575
4.95922
4.6205
4.6673
4.2912
3.96685
3.69075
4.6663
4.28751
3.96252
3.68471
4.66697
4.28756
3.96211
3.68432
4.66663
4.28764
3.96213
3.68467
4.66637
4.28755
3.96217
3.68486
4.66609
4.28737
3.96211
3.68491
4.66578
4.2871
3.96192
3.68482
4.66544
4.28675
3.96165
3.68461
4.66508
4.28636
3.96132
3.68436
4.66476
4.28599
3.96103
3.68415
4.66443
4.28573
3.96086
3.68408
4.6641
4.2856
3.96082
3.68413
4.66387
4.28552
3.96083
3.68421
4.66372
4.28545
3.96081
3.68425
4.66364
4.28537
3.96072
3.68417
4.66364
4.28527
3.96057
3.68395
4.66369
4.28514
3.96034
3.68362
4.66387
4.28489
3.96019
3.68318
4.66305
4.28472
3.9605
3.68353
4.66397
4.28833
3.96477
3.68954
3.73578
3.43056
3.16719
2.94286
3.73501
3.42758
3.16367
2.93794
3.7356
3.42765
3.16336
2.93762
3.7354
3.42776
3.16338
2.93789
3.73529
3.42773
3.16343
2.93803
3.73518
3.42764
3.16339
2.93805
3.73503
3.42747
3.16326
2.93796
3.73484
3.42724
3.16305
2.93779
3.73463
3.42696
3.1628
2.93757
3.73444
3.4267
3.16257
2.93739
3.73422
3.42651
3.16244
2.93732
3.73398
3.42641
3.1624
2.93735
3.73382
3.42635
3.1624
2.9374
3.73371
3.42629
3.16237
2.93741
3.73365
3.42621
3.16229
2.93733
3.73363
3.42612
3.16215
2.93715
3.73366
3.426
3.16196
2.93687
3.73379
3.42579
3.16183
2.93651
3.73313
3.42564
3.16207
2.93679
3.73386
3.42857
3.16555
2.94169
2.98722
2.7396
2.52578
2.3435
2.98664
2.7372
2.52292
2.33948
2.98717
2.73729
2.52268
2.33922
2.98711
2.73743
2.52272
2.33942
2.98715
2.73747
2.52278
2.33952
2.98718
2.73746
2.52277
2.33952
2.98719
2.7374
2.52269
2.33944
2.98716
2.73728
2.52255
2.33929
2.98711
2.73712
2.52237
2.33911
2.98705
2.73696
2.52221
2.33896
2.98696
2.73686
2.52212
2.3389
2.98684
2.73682
2.52211
2.33891
2.98676
2.7368
2.52211
2.33894
2.98672
2.73677
2.52209
2.33894
2.9867
2.73672
2.52202
2.33887
2.98672
2.73665
2.52191
2.33871
2.98675
2.73656
2.52175
2.33848
2.98685
2.73639
2.52164
2.3382
2.98632
2.73627
2.52185
2.33843
2.98691
2.73866
2.52468
2.34242
2.38663
2.18582
2.01229
1.8642
2.3862
2.1839
2.00998
1.86093
2.3867
2.18401
2.00979
1.86071
2.38676
2.18418
2.00985
1.86086
2.38693
2.18429
2.00992
1.86092
2.3871
2.18437
2.00995
1.86091
2.38726
2.18441
2.00992
1.86084
2.38738
2.1844
2.00985
1.86071
2.38748
2.18436
2.00975
1.86057
2.38757
2.18431
2.00966
1.86046
2.38761
2.1843
2.00962
1.8604
2.38761
2.18433
2.00963
1.86041
2.38765
2.18436
2.00965
1.86043
2.38769
2.18437
2.00964
1.86042
2.38774
2.18437
2.0096
1.86035
2.38779
2.18434
2.00952
1.86023
2.38785
2.18428
2.0094
1.86005
2.38796
2.18416
2.00932
1.85982
2.38754
2.18407
2.00949
1.86001
2.38802
2.18602
2.01181
1.86328
1.90536
1.74263
1.60189
1.48162
1.90506
1.74109
1.60001
1.47896
1.90554
1.74123
1.59988
1.47878
1.90571
1.74144
1.59995
1.47889
1.90598
1.74161
1.60005
1.47893
1.90629
1.74176
1.60011
1.47892
1.90658
1.7419
1.60014
1.47886
1.90684
1.742
1.60014
1.47877
1.90708
1.74207
1.60011
1.47867
1.9073
1.74213
1.60009
1.47859
1.90748
1.74221
1.6001
1.47855
1.90761
1.74231
1.60014
1.47856
1.90776
1.7424
1.60018
1.47857
1.90789
1.74247
1.6002
1.47855
1.90801
1.74251
1.60018
1.47849
1.90812
1.74252
1.60013
1.47839
1.90822
1.74251
1.60005
1.47825
1.90834
1.74243
1.6
1.47808
1.90803
1.74237
1.60015
1.47823
1.90842
1.74396
1.60205
1.48091
1.52006
1.38832
1.2743
1.17674
1.51987
1.3871
1.27279
1.17457
1.52034
1.38727
1.27271
1.17443
1.5206
1.38751
1.2728
1.17452
1.52097
1.38774
1.27292
1.17455
1.52138
1.38797
1.27302
1.17454
1.52179
1.38818
1.2731
1.17451
1.52217
1.38838
1.27317
1.17446
1.52254
1.38856
1.27321
1.1744
1.52289
1.38872
1.27325
1.17435
1.52318
1.38888
1.27331
1.17433
1.52343
1.38905
1.27339
1.17434
1.52367
1.3892
1.27346
1.17434
1.5239
1.38932
1.2735
1.17432
1.52409
1.3894
1.27351
1.17427
1.52426
1.38946
1.27349
1.17419
1.52439
1.38949
1.27344
1.17408
1.52453
1.38945
1.27341
1.17394
1.52431
1.38942
1.27354
1.17407
1.52464
1.39073
1.2751
1.17626
1.2118
1.10532
1.01313
0.934125
1.21169
1.10436
1.01192
0.932365
1.21215
1.10455
1.01188
0.932258
1.21248
1.10481
1.01199
0.932334
1.21293
1.10509
1.01213
0.932367
1.21342
1.10538
1.01227
0.932374
1.21393
1.10567
1.0124
0.932368
1.21441
1.10596
1.01252
0.932353
1.21488
1.10622
1.01262
0.932333
1.21533
1.10647
1.01273
0.932319
1.21573
1.1067
1.01283
0.932321
1.21607
1.10693
1.01294
0.932334
1.2164
1.10713
1.01303
0.932337
1.21669
1.10729
1.01309
0.932319
1.21695
1.10742
1.01313
0.932277
1.21716
1.10751
1.01313
0.932208
1.21733
1.10757
1.01311
0.932116
1.21749
1.10757
1.0131
0.932007
1.21735
1.10757
1.01322
0.932115
1.21762
1.10864
1.0145
0.93391
0.965291
0.879437
0.805115
0.741348
0.96526
0.878699
0.804153
0.739926
0.965704
0.878897
0.804149
0.739851
0.966086
0.879185
0.804276
0.739922
0.966591
0.879498
0.804439
0.739961
0.96715
0.879836
0.804607
0.739986
0.967722
0.880185
0.804779
0.740008
0.968284
0.880532
0.804948
0.74003
0.968829
0.880863
0.805108
0.740048
0.969355
0.881174
0.805258
0.740067
0.969823
0.881466
0.805402
0.740091
0.970233
0.881736
0.805538
0.740113
0.970614
0.881974
0.80565
0.74012
0.970957
0.882171
0.805731
0.740105
0.971252
0.882331
0.805783
0.740068
0.971499
0.882454
0.805807
0.74001
0.9717
0.882541
0.805809
0.739933
0.971868
0.882568
0.805815
0.739844
0.971785
0.882585
0.805918
0.739931
0.972009
0.883463
0.806964
0.741401
0.768306
0.699316
0.639637
0.588409
0.768334
0.698754
0.63888
0.587266
0.768765
0.698962
0.638904
0.587219
0.769182
0.699262
0.639045
0.587289
0.769722
0.699599
0.639224
0.587338
0.77032
0.699968
0.639417
0.587383
0.770934
0.700355
0.63962
0.587433
0.771541
0.700745
0.639828
0.587487
0.772133
0.701122
0.640028
0.58754
0.772701
0.701477
0.640214
0.587589
0.77321
0.701806
0.640388
0.587634
0.773657
0.702105
0.640544
0.587668
0.774069
0.702366
0.640671
0.58768
0.774437
0.702585
0.640766
0.587669
0.774752
0.702765
0.640831
0.587638
0.775016
0.702907
0.640869
0.587588
0.77523
0.703012
0.640887
0.587522
0.775404
0.70306
0.640903
0.587447
0.775363
0.70309
0.640995
0.587516
0.775539
0.703805
0.641848
0.588716
0.611088
0.555865
0.508156
0.467236
0.611162
0.555445
0.507566
0.466323
0.611576
0.555657
0.507611
0.466299
0.612011
0.555961
0.507761
0.466372
0.612567
0.55631
0.507951
0.466431
0.613181
0.556695
0.508161
0.466494
0.613811
0.557102
0.508387
0.466569
0.614435
0.557515
0.508621
0.466653
0.615041
0.557916
0.508848
0.466736
0.615621
0.558292
0.509059
0.466811
0.61614
0.558638
0.509251
0.466874
0.616596
0.558948
0.509418
0.466918
0.617012
0.559217
0.509553
0.466935
0.617381
0.559442
0.509654
0.466927
0.617695
0.559628
0.509725
0.4669
0.617958
0.559777
0.509772
0.466857
0.618171
0.55989
0.509798
0.466798
0.618339
0.55995
0.509821
0.466734
0.618324
0.559987
0.509902
0.466789
0.618455
0.560565
0.510593
0.467765
0.485838
0.44178
0.40378
0.371266
0.485947
0.441472
0.403324
0.370541
0.486341
0.441683
0.403385
0.370536
0.48678
0.441984
0.403539
0.370611
0.487334
0.442334
0.403734
0.370679
0.487943
0.442722
0.403953
0.370759
0.488567
0.443134
0.404193
0.370857
0.489181
0.443552
0.404442
0.370966
0.489775
0.443958
0.404686
0.371075
0.490339
0.444337
0.40491
0.371171
0.490841
0.44468
0.405108
0.371248
0.49128
0.444984
0.405277
0.371299
0.491676
0.445243
0.405409
0.371318
0.492024
0.445459
0.405508
0.37131
0.492318
0.445637
0.405578
0.371284
0.492563
0.445781
0.405625
0.371243
0.492758
0.44589
0.405654
0.371191
0.492911
0.445952
0.405679
0.371136
0.492908
0.44599
0.405748
0.371178
0.492997
0.446452
0.406305
0.371969
0.386261
0.351143
0.320913
0.295145
0.386393
0.350923
0.320564
0.294571
0.386765
0.351128
0.320634
0.29458
0.387196
0.35142
0.320788
0.294655
0.387735
0.351762
0.320983
0.294731
0.388324
0.352143
0.321206
0.294825
0.388922
0.352547
0.321451
0.294941
0.389507
0.352957
0.321707
0.295071
0.390067
0.353352
0.321955
0.2952
0.390592
0.353717
0.322182
0.295312
0.391056
0.354042
0.322377
0.295399
0.391456
0.354323
0.322537
0.295451
0.391814
0.354558
0.322658
0.295467
0.392124
0.354752
0.322745
0.295455
0.392382
0.354908
0.322806
0.295427
0.392594
0.355035
0.322847
0.295387
0.39276
0.355131
0.322873
0.295339
0.392887
0.355187
0.322895
0.295291
0.392885
0.35522
0.322953
0.295323
0.392938
0.355587
0.323401
0.295962
0.307206
0.279129
0.255015
0.234541
0.307348
0.278973
0.254748
0.234086
0.307696
0.279169
0.254822
0.234103
0.308112
0.279447
0.254971
0.234175
0.308626
0.279776
0.255161
0.234256
0.309182
0.280141
0.255381
0.234358
0.309741
0.280528
0.255624
0.234486
0.310282
0.280917
0.255877
0.23463
0.310792
0.28129
0.256122
0.234772
0.311264
0.281629
0.256342
0.234895
0.311674
0.281923
0.256525
0.234985
0.312023
0.28217
0.256669
0.235035
0.312329
0.282371
0.256772
0.235044
0.312591
0.282532
0.256842
0.235026
0.312804
0.28266
0.256888
0.234993
0.312973
0.282762
0.256918
0.234952
0.313103
0.282838
0.256937
0.234907
0.313198
0.282881
0.256954
0.234866
0.313189
0.282905
0.257
0.234892
0.313214
0.283197
0.25736
0.235409
0.244424
0.22182
0.202451
0.18604
0.244566
0.22171
0.202244
0.185676
0.244889
0.221895
0.202318
0.185694
0.245284
0.222155
0.202458
0.18576
0.245766
0.222464
0.202638
0.185838
0.246282
0.222806
0.202847
0.185941
0.246794
0.223166
0.20308
0.186073
0.24728
0.223525
0.203321
0.186222
0.247732
0.223865
0.203553
0.186368
0.248141
0.224169
0.203758
0.186493
0.248491
0.224426
0.203923
0.186582
0.248783
0.224634
0.204046
0.186626
0.249036
0.224798
0.204129
0.186629
0.249246
0.224925
0.20418
0.186603
0.249411
0.225021
0.20421
0.186566
0.249537
0.225096
0.204228
0.186525
0.249627
0.22515
0.204239
0.186485
0.249687
0.225177
0.20425
0.186452
0.249668
0.225192
0.204287
0.186474
0.249676
0.225425
0.204578
0.186895
0.194456
0.1761
0.160388
0.147052
0.194588
0.176021
0.160223
0.146755
0.194888
0.176191
0.160292
0.146768
0.195259
0.17643
0.160419
0.146822
0.195705
0.176714
0.160583
0.146891
0.196176
0.177027
0.160774
0.146986
0.196635
0.177352
0.160987
0.14711
0.197063
0.177673
0.161208
0.147252
0.197452
0.177972
0.161418
0.147392
0.197797
0.178235
0.161601
0.147512
0.198087
0.178453
0.161745
0.147594
0.198326
0.178625
0.161847
0.147631
0.198529
0.178755
0.161911
0.147628
0.198693
0.17885
0.161946
0.147598
0.198815
0.178919
0.161962
0.14756
0.1989
0.17897
0.161971
0.147522
0.198954
0.179004
0.161976
0.147489
0.198983
0.179017
0.161982
0.147466
0.198951
0.179024
0.162012
0.147488
0.198951
0.179211
0.162251
0.147835
0.154572
0.139562
0.126683
0.115679
0.154688
0.139502
0.126549
0.115432
0.154965
0.139656
0.126609
0.115436
0.15531
0.139871
0.126719
0.115474
0.155719
0.140126
0.126861
0.115525
0.156144
0.140405
0.127028
0.115603
0.156551
0.140691
0.127213
0.115709
0.156921
0.140968
0.127405
0.115832
0.157248
0.141223
0.127587
0.115956
0.157532
0.141443
0.127742
0.116061
0.157769
0.141623
0.127863
0.116133
0.157963
0.141762
0.127947
0.116164
0.158126
0.141865
0.127996
0.116157
0.158252
0.141937
0.128019
0.116128
0.158339
0.141985
0.128028
0.116093
0.158391
0.142017
0.128031
0.116062
0.158415
0.142036
0.128033
0.11604
0.158418
0.14204
0.128039
0.116028
0.158375
0.142039
0.128063
0.116054
0.158373
0.142193
0.128262
0.116344
0.122697
0.110391
0.0997434
0.090545
0.122795
0.110343
0.0996294
0.0903349
0.123049
0.110479
0.0996791
0.0903287
0.123369
0.11067
0.09977
0.0903466
0.123742
0.110895
0.0998877
0.090377
0.124123
0.111138
0.100026
0.0904309
0.124481
0.111383
0.10018
0.0905104
0.124799
0.111617
0.100338
0.0906071
0.125072
0.111827
0.100486
0.0907065
0.125304
0.112007
0.100614
0.0907921
0.125496
0.112152
0.100712
0.0908504
0.125655
0.112265
0.100779
0.0908744
0.125785
0.112347
0.100817
0.0908673
0.125882
0.112401
0.100833
0.0908422
0.125942
0.112435
0.100838
0.0908138
0.125969
0.112454
0.10084
0.0907918
0.125969
0.112462
0.100842
0.0907816
0.125952
0.112458
0.100848
0.0907831
0.1259
0.112453
0.100871
0.0908134
0.1259
0.112581
0.101039
0.0910575
0.0972871
0.0872106
0.0783573
0.0706013
0.0973688
0.0871697
0.0782584
0.0704215
0.0975998
0.0872888
0.0782976
0.0704054
0.0978942
0.0874575
0.0783706
0.0704055
0.0982348
0.0876547
0.0784648
0.070414
0.0985787
0.0878647
0.0785752
0.0704422
0.0988962
0.0880732
0.0786972
0.070493
0.0991715
0.0882679
0.078822
0.0705604
0.0994015
0.0884395
0.0789386
0.0706324
0.0995918
0.0885835
0.0790376
0.0706959
0.0997483
0.0886999
0.0791141
0.0707394
0.0998775
0.0887899
0.0791662
0.0707565
0.0999811
0.0888535
0.0791951
0.0707494
0.100052
0.0888928
0.0792064
0.0707289
0.10009
0.0889136
0.0792089
0.0707078
0.100096
0.0889222
0.0792102
0.070695
0.100078
0.0889216
0.0792131
0.0706956
0.100045
0.0889119
0.0792196
0.0707078
0.0999875
0.0889026
0.0792396
0.0707418
0.0999904
0.0890092
0.0793829
0.0709476
0.0771635
0.0689268
0.0615443
0.0549779
0.0772307
0.0688921
0.0614586
0.0548251
0.0774391
0.0689966
0.0614896
0.0548033
0.077709
0.0691461
0.0615481
0.0547901
0.0780212
0.0693202
0.0616228
0.0547805
0.0783352
0.0695038
0.0617097
0.0547863
0.0786216
0.0696832
0.0618053
0.0548119
0.0788653
0.0698475
0.0619025
0.0548532
0.0790634
0.0699889
0.0619923
0.0549009
0.0792222
0.0701044
0.0620675
0.054944
0.0793498
0.0701956
0.0621244
0.0549729
0.0794528
0.0702642
0.0621619
0.0549822
0.0795306
0.0703094
0.0621807
0.0549734
0.0795773
0.0703326
0.0621851
0.0549551
0.0795924
0.0703393
0.0621828
0.0549381
0.0795801
0.0703359
0.0621806
0.0549307
0.0795461
0.0703257
0.0621812
0.0549371
0.0795008
0.0703095
0.0621858
0.0549547
0.0794396
0.0702957
0.0622018
0.0549888
0.0794447
0.070384
0.062323
0.055161
0.0613522
0.0546083
0.0484527
0.042897
0.0614078
0.0545802
0.0483804
0.04277
0.0615933
0.0546731
0.0484067
0.0427479
0.0618388
0.054807
0.0484553
0.042728
0.0621259
0.0549633
0.0485163
0.0427067
0.0624157
0.0551274
0.0485866
0.0426969
0.0626783
0.0552862
0.0486638
0.042705
0.0628984
0.0554292
0.0487417
0.0427283
0.0630731
0.0555491
0.0488124
0.0427586
0.0632077
0.0556431
0.0488693
0.042786
0.0633104
0.0557128
0.0489093
0.042802
0.0633876
0.0557602
0.0489317
0.042802
0.0634388
0.0557851
0.0489376
0.0427876
0.0634603
0.0557896
0.0489311
0.0427662
0.0634532
0.0557797
0.0489195
0.0427475
0.0634228
0.0557619
0.0489092
0.0427385
0.0633754
0.0557401
0.0489028
0.042743
0.063321
0.0557158
0.0489014
0.0427583
0.0632578
0.0556966
0.0489107
0.0427871
0.063264
0.0557683
0.049011
0.0429287
0.0489893
0.0434353
0.0383234
0.0336532
0.0490354
0.0434147
0.0382653
0.0335514
0.0491974
0.043498
0.0382898
0.0335342
0.0494176
0.0436185
0.0383322
0.0335133
0.0496803
0.0437602
0.0383845
0.0334867
0.0499476
0.0439091
0.0384444
0.0334688
0.0501886
0.0440526
0.0385104
0.0334681
0.0503872
0.04418
0.0385766
0.0334825
0.0505406
0.0442839
0.038635
0.0335036
0.0506533
0.0443609
0.0386787
0.0335208
0.0507319
0.0444114
0.0387039
0.0335258
0.050783
0.0444377
0.0387106
0.0335147
0.0508078
0.0444416
0.038701
0.0334898
0.050805
0.0444264
0.03868
0.033459
0.0507772
0.0443987
0.0386548
0.0334313
0.050731
0.0443655
0.038632
0.0334132
0.0506732
0.0443314
0.0386144
0.0334076
0.0506128
0.0442983
0.0386032
0.0334126
0.0505496
0.0442729
0.0386032
0.0334312
0.0505554
0.0443294
0.0386832
0.0335445
0.0393037
0.0347072
0.0305057
0.0266381
0.0393414
0.0346937
0.0304618
0.0265601
0.0394786
0.0347676
0.0304856
0.0265504
0.0396715
0.0348746
0.0305232
0.0265318
0.0399075
0.0350014
0.0305687
0.0265037
0.0401491
0.0351349
0.0306209
0.0264827
0.0403637
0.0352627
0.0306788
0.0264792
0.0405353
0.035374
0.0307367
0.0264912
0.0406623
0.0354617
0.030786
0.026509
0.0407491
0.0355215
0.0308187
0.0265202
0.0408012
0.0355528
0.0308302
0.0265154
0.0408254
0.0355586
0.0308208
0.0264914
0.0408252
0.0355424
0.0307943
0.0264523
0.0408009
0.0355089
0.0307569
0.0264068
0.0407558
0.0354647
0.0307161
0.0263646
0.0406972
0.0354177
0.0306788
0.0263317
0.0406322
0.0353724
0.0306481
0.0263104
0.0405686
0.0353312
0.0306255
0.0263002
0.0405067
0.0353002
0.0306153
0.0263053
0.0405102
0.0353426
0.0306761
0.026393
0.0316559
0.02787
0.0244842
0.0213682
0.0316855
0.027862
0.0244528
0.0213115
0.0317958
0.0279245
0.0244747
0.0213091
0.0319586
0.0280151
0.0245062
0.0212924
0.0321629
0.0281233
0.0245432
0.021263
0.0323711
0.0282367
0.0245859
0.0212397
0.0325492
0.0283428
0.0246338
0.0212347
0.0326817
0.0284315
0.0246814
0.0212461
0.0327699
0.0284965
0.0247197
0.0212622
0.0328206
0.0285339
0.0247397
0.0212686
0.0328394
0.0285429
0.0247364
0.0212543
0.0328338
0.0285273
0.0247105
0.0212168
0.0328087
0.0284919
0.0246672
0.0211617
0.0327643
0.0284416
0.0246135
0.0210997
0.0327034
0.0283832
0.0245576
0.0210413
0.0326338
0.0283243
0.0245064
0.0209922
0.0325628
0.0282701
0.0244635
0.0209545
0.0324966
0.0282222
0.0244304
0.0209288
0.0324357
0.0281868
0.0244113
0.0209209
0.0324335
0.0282156
0.0244543
0.0209861
0.0255788
0.0225198
0.0198743
0.0174752
0.0256
0.0225144
0.0198521
0.0174362
0.0256811
0.0225622
0.0198692
0.0174381
0.02581
0.0226323
0.0198911
0.0174204
0.0259761
0.0227161
0.0199153
0.0173869
0.0261408
0.0228017
0.0199433
0.0173586
0.0262691
0.0228769
0.0199755
0.0173495
0.0263472
0.0229327
0.0200067
0.0173576
0.0263805
0.0229644
0.020028
0.0173701
0.02638
0.0229701
0.0200306
0.0173703
0.0263537
0.0229501
0.0200092
0.0173461
0.02631
0.0229088
0.0199653
0.0172954
0.0262539
0.0228517
0.019905
0.0172255
0.0261846
0.0227834
0.0198359
0.0171488
0.0261036
0.0227101
0.0197662
0.0170767
0.0260187
0.0226395
0.0197033
0.017015
0.0259376
0.0225765
0.0196508
0.0169651
0.025865
0.0225226
0.01961
0.0169285
0.0258018
0.022483
0.0195847
0.0169117
0.0257886
0.0224978
0.0196116
0.0169575
0.0207768
0.0183686
0.0163771
0.014646
0.0207885
0.018362
0.0163601
0.0146201
0.0208384
0.0183917
0.0163687
0.0146219
0.0209295
0.0184369
0.0163768
0.0145993
0.0210503
0.0184903
0.0163832
0.0145583
0.0211614
0.0185405
0.0163905
0.0145213
0.0212277
0.0185758
0.0164001
0.0145037
0.0212375
0.0185884
0.0164075
0.0145041
0.0212003
0.0185762
0.0164048
0.0145089
0.0211325
0.0185397
0.0163837
0.0145005
0.0210457
0.0184813
0.0163397
0.014466
0.0209496
0.0184063
0.016275
0.0144037
0.0208491
0.0183204
0.0161962
0.0143222
0.0207418
0.0182278
0.0161114
0.0142351
0.0206286
0.0181343
0.0160288
0.0141547
0.0205172
0.0180478
0.0159558
0.0140866
0.0204158
0.0179731
0.0158961
0.0140319
0.0203287
0.0179114
0.0158504
0.0139919
0.0202567
0.0178665
0.0158217
0.013972
0.0202263
0.017866
0.0158342
0.0140018
0.0170682
0.0151876
0.013725
0.0125608
0.0170694
0.0151765
0.013709
0.0125422
0.0170876
0.0151858
0.0137058
0.0125396
0.0171377
0.015203
0.0136971
0.0125093
0.0172074
0.0152221
0.0136823
0.012459
0.017258
0.0152321
0.0136649
0.0124112
0.0172554
0.0152221
0.0136471
0.0123817
0.0171898
0.015186
0.0136256
0.0123702
0.0170733
0.0151233
0.0135937
0.0123636
0.0169268
0.0150371
0.0135443
0.0123444
0.0167659
0.0149318
0.0134738
0.0122998
0.0166019
0.0148139
0.013385
0.0122282
0.01644
0.0146896
0.0132852
0.012139
0.0162782
0.0145635
0.0131828
0.0120464
0.0161173
0.0144418
0.0130865
0.011963
0.0159654
0.0143325
0.0130037
0.0118948
0.0158312
0.0142407
0.0129377
0.0118425
0.0157192
0.0141673
0.0128888
0.0118063
0.0156308
0.0141147
0.0128583
0.0117888
0.0155788
0.014098
0.0128582
0.0118062
0.0142814
0.0127556
0.0116607
0.0108995
0.0142718
0.012738
0.0116425
0.0108821
0.0142611
0.0127274
0.0116268
0.0108722
0.0142704
0.0127168
0.0116007
0.0108338
0.0142876
0.0127016
0.0115647
0.010775
0.0142774
0.0126721
0.0115229
0.0107169
0.0142082
0.0126184
0.0114776
0.0106746
0.0140712
0.0125354
0.0114269
0.0106489
0.013879
0.0124236
0.0113651
0.0106287
0.0136543
0.0122874
0.0112863
0.0105975
0.0134153
0.0121326
0.011188
0.0105431
0.0131756
0.011967
0.0110737
0.0104642
0.0129425
0.011798
0.0109509
0.0103703
0.0127156
0.0116317
0.010829
0.0102753
0.0124975
0.0114756
0.0107174
0.0101919
0.0122966
0.0113383
0.0106237
0.0101267
0.0121215
0.0112249
0.0105508
0.0100805
0.0119777
0.0111363
0.0104987
0.0100519
0.0118675
0.0110736
0.0104665
0.0100399
0.0117936
0.0110415
0.010456
0.0100491
0.0121621
0.0108385
0.00996546
0.00942917
0.0121436
0.010815
0.00994389
0.00940846
0.0121106
0.0107883
0.00991737
0.00939075
0.0120846
0.0107543
0.00987685
0.00934573
0.0120552
0.0107103
0.00982381
0.00928125
0.0119924
0.010648
0.00976195
0.00921522
0.0118686
0.0105587
0.0096938
0.00916145
0.0116756
0.010438
0.00961815
0.00912183
0.0114241
0.0102865
0.00953058
0.0090873
0.0111359
0.0101086
0.00942591
0.00904347
0.0108303
0.00991069
0.00930249
0.00897929
0.0105229
0.00970175
0.00916424
0.0088937
0.0102239
0.00949083
0.00901944
0.00879534
0.00993671
0.00928618
0.00887823
0.00869762
0.00966596
0.00909698
0.00875084
0.00861315
0.00941988
0.00893224
0.00864522
0.00854926
0.00920651
0.00879711
0.00856443
0.00850772
0.00903189
0.00869287
0.0085078
0.00848591
0.00890015
0.00861967
0.00847323
0.00847901
0.00880867
0.00857499
0.00845493
0.00848374
0.0103931
0.00921833
0.00849821
0.00808502
0.0103695
0.00919158
0.00847449
0.00806014
0.0103231
0.00915484
0.00844095
0.00803595
0.010272
0.00910498
0.0083912
0.00798693
0.0102079
0.00904115
0.00832743
0.00792004
0.0101068
0.00895631
0.00825251
0.00784942
0.00994572
0.00884279
0.00816848
0.00778677
0.00971677
0.00869677
0.00807471
0.00773464
0.00942857
0.00851885
0.00796773
0.00768618
0.00910044
0.00831286
0.00784334
0.00762931
0.00875157
0.00808562
0.00770053
0.00755443
0.00839881
0.00784658
0.00754352
0.00746053
0.00805548
0.00760614
0.00738087
0.00735529
0.00772832
0.00737439
0.00722333
0.00725112
0.00742361
0.00716169
0.0070818
0.00716061
0.00714865
0.00697716
0.00696464
0.00709241
0.00690989
0.00682574
0.00687517
0.00704969
0.0067137
0.00670914
0.00681276
0.00702925
0.00656637
0.0066275
0.00677459
0.00702371
0.00646396
0.00657398
0.00675039
0.0070254
0.008724
0.00775543
0.00720494
0.00692961
0.00869997
0.00772906
0.00718163
0.00690346
0.00864888
0.00768816
0.00714519
0.00687524
0.00858475
0.00763047
0.00709155
0.00682482
0.00850037
0.00755597
0.00702304
0.00675813
0.00837685
0.00745847
0.00694141
0.00668565
0.00819555
0.00733127
0.00684798
0.00661659
0.00794968
0.00717131
0.00674246
0.00655365
0.00764642
0.00697944
0.0066224
0.00649178
0.0073032
0.00675968
0.00648474
0.00642119
0.00693883
0.00651916
0.00632928
0.00633388
0.00657067
0.00626739
0.00616025
0.00622893
0.00621312
0.00601494
0.00598594
0.00611295
0.00587463
0.00577236
0.00581701
0.00599729
0.00556166
0.00555015
0.0056646
0.00589461
0.00527971
0.00535701
0.0055374
0.00581504
0.00503328
0.00519763
0.00543923
0.00576348
0.00482886
0.00507427
0.00537
0.00573698
0.00467473
0.00498771
0.00532696
0.00572705
0.00456762
0.00492884
0.00529769
0.00572356
0.00708067
0.00640325
0.00605589
0.00598143
0.00706016
0.00637956
0.00603486
0.00595793
0.00701123
0.00633892
0.00599841
0.00592735
0.0069451
0.00627988
0.00594454
0.00587627
0.00685445
0.00620218
0.00587516
0.00580976
0.00672397
0.00610028
0.0057911
0.00573537
0.00653886
0.00596846
0.00569306
0.00566
0.00629398
0.00580467
0.00558108
0.00558611
0.00599635
0.00561065
0.0054538
0.00551009
0.0056625
0.00539117
0.00530953
0.00542436
0.00531108
0.00515382
0.00514887
0.00532264
0.00495867
0.00490751
0.00497584
0.00520425
0.00461831
0.00466154
0.00479776
0.0050748
0.0042978
0.00442538
0.00462448
0.00494461
0.00400229
0.00420862
0.00446671
0.00482618
0.00373517
0.00401914
0.00433323
0.00473074
0.00349918
0.0038614
0.00422843
0.00466469
0.00330093
0.00373829
0.00415301
0.00462589
0.00315018
0.00365141
0.00410495
0.00460622
0.00304502
0.00359124
0.00407191
0.00459432
0.00556294
0.00517342
0.00497513
0.00505691
0.00554775
0.00515259
0.00495597
0.00503674
0.00550522
0.00511531
0.00492134
0.00500335
0.00544463
0.00506017
0.00486999
0.00494996
0.00535844
0.00498602
0.00480306
0.0048809
0.00523407
0.00488808
0.00472089
0.00480182
0.0050604
0.00476199
0.00462396
0.00471792
0.00483433
0.00460695
0.00451276
0.0046315
0.00456321
0.00442563
0.00438696
0.00454027
0.00426256
0.00422346
0.00424607
0.00443883
0.00395004
0.00400789
0.0040913
0.00432275
0.00363996
0.00378641
0.00392602
0.00419175
0.00334204
0.003566
0.00375611
0.00405058
0.00306199
0.0033541
0.00358985
0.00390836
0.00280338
0.00315877
0.00343687
0.00377675
0.00256838
0.00298703
0.00330553
0.00366706
0.00235909
0.00284323
0.00320059
0.00358632
0.00218206
0.00273049
0.0031235
0.00353353
0.00204702
0.00265077
0.00307337
0.00350221
0.00195313
0.00259646
0.00304169
0.00348331
0.00453208
0.0043494
0.00405267
0.00384683
0.00452094
0.00432848
0.00402964
0.00382273
0.00448426
0.00429346
0.00399651
0.00378726
0.00442894
0.00424137
0.00394783
0.00373311
0.00434915
0.00417071
0.003884
0.00366332
0.00423601
0.00407868
0.00380569
0.00358212
0.00408292
0.00396334
0.00371385
0.00349351
0.00388949
0.0038254
0.00360953
0.00339977
0.00366277
0.00366781
0.00349306
0.00329994
0.00341549
0.00349512
0.00336445
0.00319077
0.00316183
0.00331303
0.00322469
0.00306957
0.00291227
0.00312671
0.00307619
0.00293644
0.00267289
0.00294097
0.00292328
0.00279513
0.00244782
0.00276166
0.00277263
0.00265295
0.00224056
0.00259585
0.00263249
0.00251964
0.00205415
0.00245015
0.00251046
0.00240529
0.00189163
0.00232896
0.00241151
0.00231685
0.00175831
0.00223482
0.00233766
0.00225485
0.0016601
0.00216951
0.00228957
0.00221595
0.00159657
0.00213072
0.00226857
0.0022007
0.00481606
0.00438896
0.0035896
0.00230611
0.00479154
0.00435657
0.00355219
0.00226292
0.00475082
0.00431371
0.00351478
0.00223232
0.00468935
0.00425181
0.00346153
0.00218823
0.0046051
0.00417059
0.00339303
0.00213124
0.0044952
0.00407079
0.0033115
0.00206415
0.00435875
0.0039538
0.00321932
0.00198995
0.00419801
0.00382167
0.00311816
0.00191078
0.0040181
0.0036763
0.00300812
0.00182655
0.00382631
0.00351955
0.00288822
0.00173534
0.00363059
0.00335395
0.00275812
0.00163529
0.00343701
0.00318267
0.00261923
0.0015261
0.00324994
0.00301014
0.00247534
0.00140969
0.0030739
0.00284275
0.00233281
0.00129039
0.00291369
0.00268808
0.00219937
0.00117452
0.00277366
0.00255303
0.00208228
0.00106958
0.00265719
0.00244224
0.0019867
0.000982547
0.00256682
0.00235764
0.00191501
0.000917366
0.00250457
0.0023012
0.00186876
0.000876626
0.0024818
0.0022803
0.00186035
0.000881037
0.0061196
0.00429825
0.00289087
0.00191409
0.00605714
0.00425111
0.00285191
0.00190461
0.00600407
0.00420812
0.00281977
0.00189124
0.00592691
0.00414658
0.00277418
0.00187195
0.00582774
0.00406811
0.00271698
0.00184951
0.00570922
0.0039757
0.0026515
0.0018275
0.00557429
0.00387232
0.00258084
0.00180868
0.00542545
0.0037599
0.0025064
0.00179331
0.00526393
0.0036385
0.00242688
0.001778
0.00509053
0.0035072
0.00233922
0.00175698
0.00490692
0.00336584
0.00224096
0.00172489
0.00471619
0.00321629
0.00213206
0.00167913
0.00452348
0.00306302
0.00201572
0.00162079
0.00433623
0.00291289
0.00189801
0.00155428
0.00416296
0.00277358
0.0017862
0.00148588
0.00401142
0.00265184
0.00168701
0.00142211
0.00388738
0.00255247
0.00160581
0.00136915
0.00379333
0.00247715
0.00154497
0.00133132
0.00373002
0.00242665
0.00150457
0.00130846
0.00372467
0.00241985
0.00149818
0.00128488
)
;

boundaryField
{
    inlet
    {
        type            calculated;
        value           nonuniform List<scalar> 
80
(
6222.21
6217.58
6215.31
6214.27
6213.89
6213.81
6213.86
6213.97
6214.12
6214.35
6214.35
6214.12
6213.96
6213.86
6213.8
6213.88
6214.27
6215.31
6217.58
6222.21
3937.53
3934.36
3933.09
3932.68
3932.6
3932.58
3932.5
3932.31
3932.03
3931.75
3931.75
3932.03
3932.31
3932.5
3932.58
3932.6
3932.68
3933.09
3934.36
3937.53
3445.13
3440.92
3440.08
3440.01
3440.03
3439.91
3439.6
3439.12
3438.52
3438.02
3438.02
3438.52
3439.12
3439.6
3439.91
3440.02
3440.01
3440.08
3440.92
3445.13
4876.59
4873.59
4873.16
4873.11
4872.94
4872.53
4871.9
4871.12
4870.33
4869.75
4869.75
4870.32
4871.12
4871.9
4872.53
4872.94
4873.11
4873.16
4873.58
4876.59
)
;
    }
    outlet
    {
        type            calculated;
        value           nonuniform List<scalar> 
80
(
0.00652223
0.00649282
0.00643717
0.0063561
0.00625357
0.00613342
0.00599938
0.00585356
0.00569544
0.0055231
0.00533665
0.00513824
0.00493352
0.00473181
0.00454354
0.00437794
0.00424225
0.00414073
0.00407167
0.00403443
0.0038684
0.00385042
0.00381503
0.00376277
0.00369675
0.00362005
0.00353581
0.0034456
0.00334836
0.00324155
0.00312399
0.00299685
0.00286435
0.00273344
0.00261148
0.00250451
0.00241723
0.00235225
0.00230569
0.0022819
0.00227058
0.0022575
0.00223385
0.00219893
0.00215589
0.00210804
0.00205884
0.00200953
0.00195762
0.00189821
0.00182738
0.0017442
0.00165145
0.00155531
0.00146288
0.00138016
0.00131245
0.00126388
0.00122858
0.00121197
0.00211841
0.00210888
0.00209562
0.00207722
0.00205746
0.00204041
0.00202961
0.00202505
0.00202155
0.00201077
0.00198534
0.00194182
0.00188159
0.00181056
0.00173669
0.00166733
0.00160921
0.00156884
0.00154451
0.00153381
)
;
    }
    inner-wall
    {
        type            calculated;
        value           nonuniform List<scalar> 
1600
(
6716.97
6663.76
6660.52
6659.08
6658.49
6658.43
6658.74
6659.33
6660.15
6661.01
6661.01
6660.15
6659.33
6658.74
6658.43
6658.49
6659.08
6660.52
6663.75
6716.97
3312.58
3327.43
3322.05
3320.68
3319.96
3319.64
3319.63
3319.9
3320.43
3321.98
3321.98
3320.43
3319.9
3319.63
3319.63
3319.95
3320.68
3322.05
3327.43
3312.58
3682.47
3697.66
3693.05
3692.43
3692.07
3691.94
3692.05
3692.41
3693.11
3695.14
3695.14
3693.11
3692.41
3692.05
3691.94
3692.07
3692.43
3693.04
3697.66
3682.47
5091.84
5096.28
5092.61
5092.45
5092.56
5092.94
5093.51
5094.25
5095.21
5097.21
5097.21
5095.2
5094.25
5093.51
5092.94
5092.56
5092.45
5092.61
5096.28
5091.83
6072.4
6072.71
6069.45
6069.57
6070.06
6070.91
6071.96
6073.12
6074.35
6076.39
6076.39
6074.35
6073.12
6071.96
6070.9
6070.06
6069.57
6069.44
6072.7
6072.4
6418.47
6419.26
6416.42
6416.93
6417.84
6419.15
6420.66
6422.22
6423.73
6425.84
6425.84
6423.73
6422.22
6420.66
6419.14
6417.84
6416.93
6416.42
6419.25
6418.47
6165.15
6169.1
6166.71
6167.68
6169.02
6170.74
6172.65
6174.55
6176.31
6178.47
6178.47
6176.31
6174.55
6172.64
6170.74
6169.01
6167.68
6166.71
6169.09
6165.15
5414.09
5423.06
5421.08
5422.47
5424.16
5426.18
5428.34
5430.48
5432.41
5434.56
5434.56
5432.41
5430.48
5428.34
5426.18
5424.16
5422.46
5421.08
5423.05
5414.09
4360.55
4375.29
4373.66
4375.4
4377.38
4379.6
4381.93
4384.18
4386.19
4388.22
4388.22
4386.19
4384.18
4381.92
4379.6
4377.38
4375.39
4373.65
4375.28
4360.55
3327.24
3345.25
3343.88
3345.86
3348.07
3350.46
3352.89
3355.2
3357.19
3358.95
3358.95
3357.19
3355.2
3352.89
3350.46
3348.07
3345.86
3343.88
3345.25
3327.24
2629.85
2644.39
2643.08
2644.82
2646.85
2649.03
2651.23
2653.27
2654.94
2656.23
2656.23
2654.94
2653.27
2651.23
2649.03
2646.85
2644.82
2643.08
2644.39
2629.85
2253.57
2260.75
2259.26
2260.16
2261.32
2262.61
2263.93
2265.16
2266.15
2266.89
2266.89
2266.15
2265.16
2263.93
2262.61
2261.33
2260.16
2259.26
2260.75
2253.57
1918.9
1922.03
1920.4
1920.44
1920.63
1920.87
1921.17
1921.51
1921.83
1922.18
1922.18
1921.83
1921.51
1921.18
1920.88
1920.63
1920.45
1920.4
1922.03
1918.9
1516.24
1519.61
1518.06
1517.71
1517.36
1517.02
1516.74
1516.55
1516.51
1516.71
1516.71
1516.51
1516.56
1516.74
1517.03
1517.37
1517.71
1518.07
1519.62
1516.24
1141.92
1146.94
1145.64
1145.33
1144.98
1144.59
1144.23
1143.98
1143.89
1144.11
1144.11
1143.89
1143.98
1144.24
1144.6
1144.99
1145.34
1145.65
1146.95
1141.93
891.953
897.526
896.479
896.358
896.192
895.987
895.791
895.661
895.644
895.917
895.918
895.647
895.665
895.796
895.993
896.199
896.367
896.488
897.536
891.963
749.555
754.53
753.665
753.637
753.584
753.508
753.438
753.408
753.45
753.719
753.72
753.452
753.413
753.444
753.516
753.592
753.646
753.676
754.541
749.567
656.433
660.614
659.907
659.921
659.928
659.933
659.95
659.996
660.081
660.318
660.319
660.084
660
659.956
659.941
659.937
659.931
659.918
660.626
656.446
587.994
591.367
590.807
590.859
590.921
590.995
591.085
591.195
591.317
591.519
591.52
591.32
591.199
591.092
591.003
590.93
590.87
590.819
591.379
588.007
534.184
536.726
536.277
536.334
536.41
536.505
536.617
536.741
536.865
537.028
537.028
536.868
536.745
536.623
536.512
536.419
536.344
536.289
536.738
534.197
482.94
484.806
484.426
484.452
484.497
484.56
484.639
484.73
484.823
484.945
484.946
484.826
484.734
484.645
484.567
484.505
484.461
484.436
484.817
482.951
428.186
429.617
429.287
429.278
429.281
429.298
429.33
429.377
429.432
429.52
429.52
429.434
429.38
429.335
429.304
429.288
429.286
429.296
429.627
428.196
372.152
373.327
373.042
373.012
372.989
372.976
372.975
372.99
373.018
373.082
373.082
373.019
372.993
372.979
372.981
372.995
373.019
373.049
373.335
372.16
319.627
320.628
320.388
320.355
320.323
320.299
320.286
320.286
320.3
320.348
320.349
320.301
320.288
320.289
320.303
320.328
320.36
320.394
320.634
319.633
273.533
274.385
274.187
274.158
274.13
274.107
274.093
274.09
274.098
274.136
274.136
274.099
274.092
274.095
274.109
274.133
274.162
274.192
274.39
273.538
234.24
234.952
234.79
234.766
234.744
234.726
234.716
234.714
234.721
234.751
234.751
234.722
234.715
234.717
234.728
234.746
234.769
234.793
234.955
234.244
200.716
201.298
201.165
201.146
201.129
201.116
201.109
201.108
201.114
201.138
201.138
201.114
201.109
201.11
201.117
201.13
201.148
201.167
201.3
200.718
171.69
172.16
172.05
172.034
172.02
172.01
172.004
172.004
172.008
172.027
172.027
172.008
172.004
172.005
172.01
172.021
172.035
172.051
172.161
171.691
146.228
146.605
146.514
146.5
146.488
146.479
146.474
146.473
146.475
146.49
146.49
146.475
146.473
146.474
146.479
146.488
146.5
146.514
146.605
146.228
123.803
124.107
124.031
124.018
124.007
123.999
123.994
123.992
123.994
124.005
124.004
123.993
123.992
123.994
123.999
124.007
124.018
124.031
124.107
123.803
104.147
104.393
104.33
104.319
104.309
104.301
104.296
104.294
104.294
104.303
104.303
104.294
104.294
104.296
104.301
104.308
104.318
104.33
104.392
104.146
87.0816
87.2814
87.2296
87.2198
87.2111
87.2043
87.1997
87.1973
87.197
87.2033
87.2032
87.1966
87.1968
87.199
87.2035
87.2104
87.2191
87.229
87.2807
87.0809
72.4208
72.5834
72.5407
72.5323
72.5249
72.519
72.515
72.5127
72.512
72.5169
72.5168
72.5116
72.5121
72.5142
72.5182
72.524
72.5315
72.5399
72.5825
72.4199
59.944
60.0763
60.0413
60.0342
60.028
60.023
60.0195
60.0174
60.0167
60.0204
60.0203
60.0162
60.0167
60.0186
60.022
60.0269
60.0332
60.0403
60.0752
59.9429
49.4079
49.5154
49.4867
49.4807
49.4756
49.4715
49.4685
49.4667
49.4659
49.4688
49.4686
49.4653
49.4658
49.4674
49.4702
49.4743
49.4795
49.4854
49.514
49.4065
40.5669
40.6541
40.6306
40.6256
40.6214
40.618
40.6155
40.6138
40.613
40.6153
40.615
40.6124
40.6128
40.6141
40.6164
40.6197
40.624
40.6288
40.6523
40.5649
33.1886
33.2594
33.2401
33.236
33.2324
33.2296
33.2275
33.226
33.2252
33.2269
33.2266
33.2244
33.2247
33.2257
33.2276
33.2303
33.2337
33.2377
33.2568
33.186
27.0618
27.1192
27.1034
27.1
27.097
27.0947
27.0928
27.0915
27.0907
27.0919
27.0916
27.0897
27.0899
27.0906
27.0921
27.0942
27.097
27.1003
27.1159
27.0584
21.9984
22.0448
22.0319
22.0291
22.0266
22.0246
22.023
22.0219
22.021
22.0219
22.0214
22.0198
22.0198
22.0204
22.0214
22.0231
22.0253
22.0279
22.0406
21.994
17.8325
17.8702
17.8596
17.8572
17.8552
17.8535
17.8521
17.8511
17.8503
17.8508
17.8503
17.8488
17.8487
17.849
17.8498
17.851
17.8527
17.8548
17.8651
17.8273
14.4196
14.4501
14.4414
14.4395
14.4378
14.4364
14.4352
14.4342
14.4334
14.4337
14.4331
14.4318
14.4315
14.4317
14.4322
14.4331
14.4344
14.436
14.4443
14.4136
11.6342
11.6589
11.6519
11.6502
11.6489
11.6477
11.6467
11.6458
11.6451
11.6452
11.6446
11.6433
11.643
11.6429
11.6432
11.6438
11.6448
11.646
11.6527
11.6278
9.3687
9.3887
9.38299
9.3817
9.3806
9.37966
9.37882
9.37805
9.37738
9.37736
9.37676
9.37561
9.37521
9.37506
9.37517
9.37557
9.37625
9.37717
9.38254
9.36238
7.53162
7.54781
7.54319
7.54218
7.54134
7.54061
7.53995
7.53932
7.53875
7.53868
7.53811
7.53708
7.53666
7.53643
7.53642
7.53665
7.53713
7.53781
7.54211
7.52577
6.04583
6.05893
6.05523
6.05448
6.05388
6.05336
6.05288
6.05241
6.05196
6.05189
6.0514
6.05051
6.05011
6.04986
6.04978
6.0499
6.05022
6.05072
6.05416
6.04093
4.84692
4.85754
4.8546
4.85409
4.85371
4.8534
4.85312
4.85282
4.85251
4.85249
4.8521
4.85138
4.85104
4.85082
4.85072
4.85078
4.85099
4.85136
4.85412
4.8434
3.88146
3.89007
3.88778
3.88748
3.88731
3.88721
3.88711
3.88699
3.88684
3.88692
3.88667
3.88613
3.88589
3.88573
3.88566
3.8857
3.88586
3.88613
3.88834
3.87966
3.10537
3.11236
3.1106
3.11049
3.11052
3.11061
3.1107
3.11076
3.11077
3.11096
3.11087
3.11053
3.11042
3.11035
3.11035
3.11041
3.11055
3.11077
3.11256
3.10554
2.48243
2.48812
2.4868
2.48686
2.48706
2.48733
2.48758
2.48781
2.48799
2.48831
2.48838
2.48824
2.48828
2.48833
2.48841
2.48853
2.48868
2.48888
2.49033
2.48466
1.98301
1.98766
1.98669
1.98689
1.98725
1.98766
1.98807
1.98845
1.98879
1.98924
1.98947
1.98952
1.9897
1.98988
1.99005
1.99023
1.99042
1.99062
1.99182
1.98723
1.58295
1.58675
1.58608
1.58639
1.58687
1.58741
1.58796
1.58847
1.58895
1.58951
1.58988
1.5901
1.59041
1.5907
1.59097
1.59121
1.59144
1.59165
1.59265
1.58895
1.26264
1.26576
1.26532
1.26573
1.2663
1.26695
1.26759
1.26821
1.2688
1.26945
1.26995
1.27029
1.27071
1.27109
1.27143
1.27172
1.27199
1.27222
1.27306
1.27007
1.00627
1.00885
1.00859
1.00906
1.00971
1.01043
1.01115
1.01184
1.01251
1.01323
1.01381
1.01424
1.01473
1.01517
1.01555
1.01588
1.01617
1.01641
1.01712
1.0147
0.801207
0.803341
0.803224
0.803744
0.804435
0.805195
0.805956
0.806697
0.807413
0.808159
0.808774
0.809265
0.809779
0.810244
0.810647
0.810989
0.811283
0.811523
0.812126
0.810153
0.63738
0.639158
0.63915
0.639694
0.640404
0.641178
0.641952
0.642702
0.643426
0.644166
0.644785
0.645291
0.645804
0.646265
0.646659
0.646992
0.647274
0.647501
0.648005
0.646387
0.506788
0.508277
0.508347
0.508898
0.509604
0.510368
0.511124
0.511854
0.512552
0.513255
0.513846
0.514333
0.514817
0.515249
0.515614
0.515917
0.516171
0.51637
0.516784
0.515446
0.402972
0.404226
0.40435
0.404893
0.405578
0.40631
0.407028
0.407712
0.408359
0.408999
0.409535
0.409979
0.410414
0.410798
0.411116
0.411375
0.411586
0.411748
0.412078
0.410964
0.320622
0.321678
0.32184
0.322364
0.323015
0.323701
0.324365
0.324988
0.325566
0.326127
0.326593
0.326977
0.327351
0.327675
0.327936
0.328141
0.328302
0.328418
0.328672
0.327742
0.255304
0.256189
0.256376
0.256877
0.257486
0.25812
0.258721
0.259273
0.259774
0.260249
0.260639
0.260958
0.261267
0.261529
0.261732
0.261882
0.26199
0.262059
0.262243
0.261468
0.203352
0.204086
0.204293
0.204766
0.205332
0.205909
0.206447
0.206926
0.207349
0.207741
0.208057
0.208317
0.208566
0.208772
0.208923
0.209022
0.209082
0.209108
0.209229
0.20859
0.16185
0.162451
0.162671
0.163118
0.16364
0.164162
0.164638
0.165051
0.165402
0.165718
0.165972
0.166183
0.166385
0.166546
0.166654
0.166713
0.166733
0.166722
0.16679
0.166271
0.128604
0.129088
0.129314
0.129734
0.130216
0.130689
0.131112
0.131468
0.13176
0.132014
0.132219
0.132394
0.132559
0.132685
0.132761
0.132789
0.132778
0.132738
0.132764
0.132351
0.102023
0.102408
0.102633
0.103026
0.103472
0.103905
0.104286
0.104599
0.104847
0.105055
0.105223
0.10537
0.105505
0.105602
0.105651
0.105655
0.105621
0.105559
0.105552
0.10523
0.0809351
0.0812389
0.081455
0.081818
0.0822324
0.0826349
0.0829852
0.0832682
0.0834864
0.083661
0.0838004
0.0839234
0.0840286
0.0840972
0.0841216
0.0841045
0.0840522
0.0839769
0.0839465
0.0836986
0.0643839
0.0646225
0.0648208
0.0651505
0.0655364
0.0659142
0.0662412
0.0665016
0.0666981
0.066849
0.0669637
0.0670602
0.0671351
0.0671748
0.0671745
0.0671385
0.0670731
0.0669902
0.0669452
0.0667551
0.0514911
0.0516784
0.0518512
0.0521445
0.0525016
0.0528558
0.0531598
0.0533971
0.0535716
0.0537003
0.0537896
0.0538568
0.0539012
0.0539134
0.0538906
0.0538387
0.0537655
0.0536811
0.0536289
0.0534808
0.0414289
0.0415755
0.0417176
0.0419721
0.042297
0.0426226
0.0428959
0.0431006
0.0432435
0.0433433
0.0434024
0.043438
0.0434538
0.043442
0.0434004
0.0433367
0.0432599
0.0431782
0.0431236
0.0430035
0.0334809
0.0335949
0.0337026
0.0339165
0.0342033
0.03449
0.0347186
0.034874
0.034968
0.0350242
0.0350434
0.0350433
0.0350307
0.0349966
0.0349379
0.034863
0.034783
0.0347038
0.0346479
0.0345428
0.0271239
0.0272108
0.0272818
0.0274528
0.0276931
0.0279274
0.0280944
0.0281808
0.0282046
0.0281967
0.0281609
0.028115
0.0280665
0.0280035
0.0279212
0.0278285
0.0277378
0.0276541
0.0275928
0.0274912
0.0220507
0.0221146
0.0221476
0.0222725
0.0224569
0.0226251
0.0227151
0.0227157
0.02265
0.0225567
0.0224462
0.0223367
0.0222345
0.0221254
0.0220033
0.0218771
0.0217607
0.0216588
0.0215834
0.021475
0.0181086
0.0181528
0.0181489
0.0182246
0.0183448
0.0184368
0.0184414
0.0183483
0.0181836
0.0179906
0.0177878
0.0175942
0.0174158
0.0172384
0.0170559
0.0168777
0.0167178
0.0165819
0.0164817
0.0163594
0.0151643
0.0151924
0.0151566
0.0151829
0.0152352
0.0152494
0.0151714
0.014991
0.0147331
0.0144415
0.0141411
0.0138524
0.0135836
0.0133237
0.0130689
0.0128278
0.0126136
0.0124333
0.0123006
0.0121628
0.0129681
0.0129846
0.0129264
0.0129088
0.0128989
0.0128442
0.0126984
0.0124508
0.0121217
0.0117513
0.0113674
0.0109924
0.0106389
0.0103021
0.00998095
0.00968291
0.00941818
0.00919481
0.00902973
0.00888064
0.0111532
0.0111624
0.0110928
0.0110433
0.0109855
0.0108793
0.0106869
0.0103975
0.0100267
0.00960838
0.00917076
0.00873765
0.00832632
0.00793842
0.00757548
0.00724223
0.00694492
0.0066918
0.00650256
0.00634913
0.00938251
0.00938779
0.00931676
0.00925016
0.00916307
0.00902555
0.00880789
0.00850021
0.00811501
0.00768099
0.0072262
0.00677461
0.00634562
0.00594499
0.0055748
0.00523635
0.00493157
0.00466842
0.00446813
0.00431731
0.00752259
0.00752686
0.00746257
0.00739374
0.00729686
0.00714894
0.00692721
0.00662383
0.00625045
0.0058325
0.00539844
0.00497097
0.00456738
0.00419415
0.00385188
0.0035384
0.00325204
0.00300027
0.00280461
0.00266454
0.00572351
0.00572949
0.00567708
0.00561667
0.00552587
0.00538612
0.00518074
0.00490464
0.0045695
0.00419804
0.00381866
0.00345048
0.0031054
0.00278827
0.00249807
0.00223118
0.00198473
0.00176579
0.00159394
0.00147622
0.00446545
0.00447381
0.00443318
0.00438235
0.00430329
0.00418203
0.00400832
0.00378076
0.00351072
0.00321655
0.00292326
0.00264444
0.00238552
0.00214963
0.00193678
0.0017466
0.00157973
0.00144214
0.00134296
0.00128276
0.00496546
0.00495788
0.00491929
0.0048651
0.00478743
0.00468073
0.00454254
0.00437546
0.00418763
0.0039893
0.00379452
0.00360913
0.00343515
0.00327515
0.00313174
0.00300761
0.00290519
0.00282664
0.00277364
0.00275306
0.00808629
0.00800342
0.00793888
0.00784706
0.00772959
0.00758878
0.00742749
0.00724853
0.00705444
0.00684746
0.00663167
0.00641001
0.00618733
0.00597115
0.00577075
0.00559541
0.00545206
0.00534386
0.00527147
0.00527066
)
;
    }
    outer-wall
    {
        type            calculated;
        value           nonuniform List<scalar> 
1600
(
5058.67
5119.91
5120.11
5119.82
5119.15
5118.26
5117.29
5116.34
5115.56
5115.11
5115.11
5115.56
5116.34
5117.29
5118.26
5119.15
5119.82
5120.11
5119.9
5058.67
1927.37
1932.82
1933.1
1932.8
1932.24
1931.49
1930.69
1929.94
1929.31
1928.92
1928.92
1929.31
1929.94
1930.69
1931.49
1932.24
1932.8
1933.1
1932.82
1927.37
2496.5
2483.29
2485.23
2485.59
2485.83
2485.94
2485.95
2485.85
2485.64
2485.44
2485.44
2485.64
2485.85
2485.95
2485.94
2485.82
2485.58
2485.23
2483.29
2496.49
3698.4
3682.65
3686.51
3687.32
3687.82
3688.17
3688.38
3688.47
3688.42
3688.31
3688.31
3688.42
3688.47
3688.38
3688.16
3687.82
3687.32
3686.51
3682.65
3698.4
4425.49
4407.31
4412.03
4412.87
4413.26
4413.49
4413.63
4413.68
4413.62
4413.53
4413.53
4413.62
4413.68
4413.63
4413.49
4413.26
4412.87
4412.03
4407.31
4425.49
4659.72
4639.52
4644.16
4644.59
4644.54
4644.35
4644.13
4643.91
4643.69
4643.53
4643.53
4643.69
4643.91
4644.12
4644.34
4644.54
4644.59
4644.16
4639.52
4659.72
4462.92
4441.8
4445.6
4445.3
4444.51
4443.61
4442.74
4442
4441.41
4441.06
4441.06
4441.41
4442
4442.74
4443.61
4444.51
4445.3
4445.59
4441.8
4462.92
3915.56
3894.9
3897.33
3896.19
3894.57
3892.84
3891.17
3889.72
3888.59
3887.95
3887.95
3888.59
3889.72
3891.17
3892.84
3894.57
3896.19
3897.33
3894.9
3915.55
3161.17
3143.27
3144.26
3142.59
3140.52
3138.3
3136.11
3134.16
3132.62
3131.73
3131.73
3132.61
3134.16
3136.11
3138.29
3140.52
3142.59
3144.26
3143.27
3161.17
2431.77
2421.03
2421.1
2419.73
2418.1
2416.32
2414.52
2412.83
2411.44
2410.62
2410.62
2411.44
2412.83
2414.52
2416.32
2418.1
2419.73
2421.1
2421.02
2431.77
1922.67
1922.87
1922.8
1922.32
1921.74
1921.04
1920.27
1919.46
1918.73
1918.27
1918.27
1918.73
1919.46
1920.27
1921.04
1921.74
1922.32
1922.8
1922.87
1922.67
1574.11
1582.03
1581.94
1581.84
1581.67
1581.4
1581.03
1580.62
1580.21
1579.94
1579.94
1580.21
1580.62
1581.03
1581.4
1581.67
1581.84
1581.94
1582.03
1574.11
1200.39
1209.01
1208.54
1208.1
1207.55
1206.87
1206.13
1205.4
1204.79
1204.43
1204.43
1204.79
1205.4
1206.13
1206.87
1207.55
1208.1
1208.54
1209.01
1200.39
793.962
798.531
797.692
796.906
796.072
795.146
794.186
793.286
792.563
792.148
792.148
792.563
793.287
794.186
795.147
796.073
796.907
797.693
798.532
793.963
529.421
528.712
528.187
527.774
527.509
527.277
527.05
526.832
526.644
526.528
526.528
526.644
526.832
527.051
527.278
527.511
527.776
528.188
528.714
529.423
501.665
499.103
499.34
499.553
499.964
500.464
500.973
501.422
501.749
501.917
501.918
501.75
501.423
500.975
500.466
499.966
499.555
499.342
499.105
501.667
519.908
517.615
518.054
518.298
518.644
519.033
519.414
519.739
519.968
520.081
520.081
519.968
519.74
519.415
519.035
518.646
518.3
518.056
517.617
519.911
479.485
477.29
477.619
477.679
477.765
477.848
477.911
477.942
477.94
477.926
477.926
477.941
477.943
477.912
477.85
477.766
477.681
477.62
477.292
479.487
401.556
399.358
399.543
399.471
399.393
399.293
399.168
399.026
398.891
398.803
398.803
398.892
399.027
399.169
399.294
399.395
399.473
399.544
399.36
401.557
323.542
321.478
321.576
321.47
321.356
321.219
321.058
320.886
320.729
320.63
320.63
320.729
320.887
321.059
321.22
321.358
321.471
321.577
321.48
323.543
264.834
263.032
263.101
263.023
262.948
262.857
262.746
262.623
262.509
262.435
262.435
262.509
262.624
262.747
262.858
262.949
263.024
263.102
263.033
264.835
227.868
226.378
226.451
226.423
226.406
226.382
226.342
226.288
226.232
226.194
226.194
226.232
226.289
226.342
226.382
226.407
226.424
226.452
226.379
227.869
205.909
204.733
204.819
204.829
204.855
204.877
204.888
204.885
204.871
204.858
204.858
204.871
204.885
204.889
204.878
204.855
204.83
204.819
204.733
205.91
189.994
189.089
189.18
189.209
189.25
189.288
189.317
189.333
189.336
189.333
189.333
189.336
189.333
189.317
189.289
189.25
189.209
189.18
189.089
189.994
174.159
173.46
173.546
173.576
173.614
173.648
173.673
173.686
173.689
173.688
173.688
173.689
173.686
173.673
173.648
173.614
173.576
173.545
173.46
174.158
156.638
156.084
156.158
156.183
156.211
156.234
156.249
156.254
156.252
156.248
156.248
156.252
156.254
156.248
156.234
156.211
156.183
156.157
156.084
156.637
138.157
137.708
137.769
137.788
137.807
137.821
137.827
137.826
137.82
137.814
137.814
137.82
137.825
137.827
137.82
137.807
137.787
137.768
137.707
138.156
120.041
119.672
119.722
119.737
119.75
119.759
119.761
119.757
119.75
119.744
119.744
119.749
119.757
119.76
119.758
119.75
119.736
119.721
119.672
120.041
103.243
102.94
102.981
102.993
103.003
103.009
103.01
103.006
103
102.995
102.995
103
103.006
103.01
103.009
103.003
102.992
102.98
102.939
103.242
88.1684
87.9218
87.9555
87.9658
87.9747
87.9799
87.9807
87.9777
87.9726
87.9686
87.9686
87.9726
87.9776
87.9805
87.9797
87.9744
87.9653
87.955
87.9213
88.1679
74.8561
74.6569
74.6849
74.6939
74.7016
74.7062
74.7072
74.7051
74.7013
74.6982
74.6982
74.7013
74.7051
74.7071
74.7061
74.7014
74.6936
74.6846
74.6566
74.8559
63.1878
63.0275
63.0509
63.0586
63.0652
63.0691
63.0702
63.0686
63.0657
63.0633
63.0633
63.0657
63.0686
63.0701
63.0691
63.0651
63.0585
63.0508
63.0274
63.1877
53.0157
52.8869
52.9063
52.9128
52.9182
52.9215
52.9223
52.921
52.9187
52.9167
52.9168
52.9187
52.9211
52.9224
52.9215
52.9183
52.9128
52.9063
52.8869
53.0157
44.2059
44.1023
44.1184
44.1238
44.1281
44.1307
44.1312
44.1301
44.1281
44.1265
44.1265
44.1282
44.1302
44.1314
44.1308
44.1283
44.1239
44.1185
44.1025
44.2061
36.6385
36.555
36.5683
36.5727
36.5761
36.578
36.5783
36.5773
36.5756
36.5743
36.5743
36.5757
36.5775
36.5786
36.5783
36.5764
36.5729
36.5685
36.5553
36.6388
30.1969
30.1295
30.1403
30.1439
30.1466
30.1481
30.1482
30.1473
30.1458
30.1447
30.1448
30.146
30.1475
30.1485
30.1484
30.1469
30.1442
30.1406
30.1298
30.1972
24.7623
24.7078
24.7167
24.7195
24.7217
24.7227
24.7228
24.7219
24.7207
24.7198
24.7199
24.7209
24.7222
24.723
24.723
24.722
24.7198
24.7169
24.7081
24.7626
20.2143
20.1703
20.1775
20.1798
20.1815
20.1823
20.1823
20.1816
20.1806
20.1798
20.1799
20.1807
20.1818
20.1826
20.1826
20.1818
20.1801
20.1778
20.1706
20.2147
16.4355
16.3998
16.4057
16.4076
16.4089
16.4095
16.4095
16.4089
16.408
16.4074
16.4075
16.4082
16.4091
16.4097
16.4098
16.4091
16.4078
16.4059
16.4001
16.4357
13.315
13.2861
13.2909
13.2925
13.2935
13.294
13.2939
13.2934
13.2927
13.2922
13.2923
13.2928
13.2936
13.2941
13.2942
13.2936
13.2925
13.291
13.2863
13.3151
10.752
10.7287
10.7326
10.7338
10.7347
10.735
10.735
10.7346
10.734
10.7336
10.7336
10.7341
10.7347
10.7351
10.7351
10.7347
10.7338
10.7326
10.7287
10.7521
8.65705
8.63816
8.64135
8.64236
8.64305
8.64335
8.6433
8.64297
8.64252
8.64219
8.6422
8.64256
8.64301
8.64332
8.64333
8.64297
8.64222
8.64121
8.63805
8.65696
6.952
6.9367
6.9393
6.94012
6.94068
6.94093
6.94089
6.94063
6.94026
6.93999
6.93999
6.94026
6.9406
6.94082
6.9408
6.94048
6.93985
6.939
6.93643
6.95174
5.56967
5.55727
5.55939
5.56006
5.56051
5.56071
5.56067
5.56046
5.56015
5.55992
5.55991
5.56011
5.56036
5.56051
5.56046
5.56017
5.55963
5.55893
5.55683
5.56922
4.45289
4.44285
4.44456
4.44509
4.44545
4.4456
4.44556
4.44537
4.44512
4.44492
4.44489
4.44504
4.44521
4.44531
4.44524
4.44497
4.44452
4.44393
4.44222
4.45227
3.5535
3.54536
3.54673
3.54715
3.54742
3.54752
3.54746
3.54729
3.54707
3.54689
3.54686
3.54695
3.54708
3.54713
3.54705
3.54682
3.54644
3.54596
3.54457
3.55272
2.83126
2.82465
2.82575
2.82606
2.82625
2.82629
2.82622
2.82606
2.82586
2.8257
2.82566
2.82572
2.8258
2.82582
2.82575
2.82555
2.82523
2.82484
2.82373
2.83033
2.25276
2.24739
2.24826
2.24849
2.2486
2.2486
2.24852
2.24836
2.24818
2.24804
2.24798
2.24802
2.24806
2.24807
2.248
2.24783
2.24757
2.24727
2.24637
2.25174
1.79045
1.78609
1.78677
1.78693
1.78698
1.78695
1.78686
1.78671
1.78655
1.78642
1.78637
1.78638
1.7864
1.78638
1.78631
1.78617
1.78597
1.78573
1.78502
1.78937
1.42171
1.41818
1.41871
1.41881
1.41883
1.41878
1.41868
1.41856
1.41842
1.41831
1.41826
1.41824
1.41824
1.41821
1.41814
1.41803
1.41786
1.41767
1.4171
1.42064
1.12812
1.12525
1.12567
1.12574
1.12573
1.12567
1.12559
1.12549
1.12538
1.12529
1.12524
1.12522
1.12519
1.12515
1.12508
1.12498
1.12484
1.12468
1.12423
1.12711
0.894734
0.892407
0.892748
0.89279
0.892773
0.892721
0.892656
0.892584
0.892511
0.892446
0.892403
0.892375
0.89234
0.892287
0.892216
0.892121
0.892
0.891869
0.891505
0.893842
0.709533
0.707651
0.707931
0.707962
0.707945
0.707906
0.707865
0.707824
0.707782
0.707744
0.707716
0.70769
0.707651
0.707593
0.707523
0.707435
0.707325
0.70721
0.706914
0.708814
0.562845
0.561328
0.56156
0.561589
0.561579
0.561557
0.561541
0.561532
0.561522
0.561511
0.5615
0.561482
0.561444
0.561387
0.56132
0.561238
0.561136
0.561032
0.560789
0.562332
0.446836
0.445617
0.445815
0.445845
0.445845
0.445843
0.445854
0.445876
0.445897
0.445913
0.445921
0.445912
0.445879
0.445824
0.44576
0.445683
0.445587
0.445493
0.445294
0.446545
0.355103
0.354128
0.354298
0.354331
0.354344
0.354363
0.354401
0.354452
0.354503
0.354545
0.35457
0.354571
0.35454
0.354486
0.354423
0.35435
0.354262
0.354177
0.354013
0.355024
0.282394
0.281616
0.281762
0.281799
0.281823
0.281861
0.281924
0.282003
0.282082
0.282146
0.282187
0.282192
0.282162
0.282107
0.282043
0.281972
0.281891
0.281816
0.281681
0.282498
0.22446
0.223837
0.223962
0.223999
0.224032
0.224085
0.224167
0.224268
0.224368
0.224451
0.224502
0.22451
0.224477
0.224419
0.224354
0.224285
0.224212
0.224149
0.224039
0.224699
0.177981
0.177479
0.17758
0.177613
0.177648
0.177708
0.1778
0.177912
0.178026
0.178119
0.178175
0.178184
0.178149
0.178088
0.178023
0.177958
0.177895
0.177845
0.17776
0.178296
0.14049
0.140079
0.140155
0.140176
0.140204
0.14026
0.140349
0.140461
0.140574
0.140668
0.140725
0.140733
0.140697
0.140637
0.140576
0.140519
0.140469
0.140435
0.140374
0.140814
0.110227
0.109886
0.109934
0.109938
0.109951
0.109992
0.110066
0.110162
0.110263
0.110348
0.110399
0.110405
0.110372
0.110318
0.110265
0.11022
0.110187
0.110172
0.110134
0.110498
0.0859445
0.0856577
0.0856794
0.0856629
0.0856551
0.0856728
0.085721
0.0857919
0.0858704
0.0859386
0.0859798
0.085984
0.0859553
0.0859109
0.0858692
0.0858379
0.0858234
0.0858276
0.0858122
0.0861156
0.0666891
0.066447
0.0664473
0.0664123
0.0663821
0.0663739
0.0663934
0.0664351
0.066487
0.0665346
0.0665634
0.0665645
0.0665404
0.0665055
0.0664755
0.066458
0.0664599
0.0664803
0.0664826
0.0667347
0.0516457
0.0514434
0.0514306
0.0513829
0.0513342
0.0513032
0.0512973
0.0513129
0.0513408
0.0513689
0.0513851
0.0513815
0.0513597
0.0513312
0.0513094
0.0513012
0.0513131
0.0513425
0.0513556
0.0515627
0.0400642
0.0398995
0.0398828
0.0398304
0.0397702
0.0397235
0.0397004
0.0396986
0.03971
0.0397235
0.0397284
0.0397181
0.0396939
0.0396659
0.0396454
0.0396386
0.0396507
0.0396786
0.0396941
0.0398611
0.031258
0.031129
0.0311164
0.0310665
0.031002
0.0309478
0.0309171
0.0309082
0.0309122
0.0309173
0.0309128
0.0308932
0.0308608
0.0308255
0.0307979
0.0307832
0.0307848
0.0308006
0.0308102
0.0309416
0.0246382
0.0245425
0.0245388
0.0244951
0.0244311
0.0243753
0.0243442
0.0243362
0.02434
0.0243417
0.0243292
0.0242979
0.024252
0.0242024
0.0241606
0.0241307
0.0241141
0.0241107
0.0241088
0.0242092
0.0197452
0.0196793
0.0196853
0.0196474
0.0195846
0.0195291
0.0195003
0.0194964
0.0195035
0.019504
0.0194842
0.01944
0.0193779
0.0193112
0.0192524
0.0192049
0.0191687
0.0191453
0.0191308
0.0192053
0.0162328
0.0161915
0.0162041
0.0161687
0.0161052
0.0160486
0.0160207
0.0160198
0.0160296
0.0160292
0.0160027
0.0159467
0.0158699
0.0157882
0.0157153
0.0156543
0.0156039
0.0155668
0.0155439
0.0155975
0.0137866
0.0137627
0.013777
0.0137402
0.0136738
0.013614
0.0135843
0.013583
0.0135928
0.0135906
0.0135588
0.0134946
0.0134085
0.0133182
0.0132386
0.0131728
0.0131187
0.0130788
0.0130544
0.0130925
0.0120438
0.0120286
0.0120393
0.0119988
0.0119294
0.0118659
0.0118316
0.0118261
0.0118325
0.0118272
0.0117923
0.0117251
0.0116372
0.0115467
0.0114689
0.0114074
0.0113604
0.0113285
0.0113101
0.0113381
0.0106197
0.0106047
0.0106083
0.0105639
0.010493
0.0104264
0.0103862
0.0103733
0.0103729
0.010363
0.0103264
0.0102605
0.0101766
0.0100919
0.0100212
0.00996924
0.0099351
0.00991736
0.00990939
0.00993286
0.00925194
0.00923114
0.00922632
0.0091793
0.00910902
0.00904101
0.00899466
0.00897243
0.00896267
0.00894613
0.00890706
0.00884291
0.00876352
0.00868438
0.00861947
0.00857512
0.00855223
0.0085475
0.00854944
0.00857259
0.00792921
0.00790095
0.00788842
0.00784032
0.00777253
0.00770467
0.00765305
0.00762115
0.00760027
0.00757424
0.00752925
0.0074626
0.0073823
0.00730184
0.00723465
0.00718926
0.00716907
0.00716969
0.00717638
0.00719984
0.00682515
0.00679285
0.00677427
0.00672596
0.00666114
0.006594
0.00653743
0.00649521
0.00646094
0.00642132
0.0063646
0.00628804
0.00619789
0.00610595
0.00602555
0.0059677
0.00593855
0.00593356
0.00593682
0.00595622
0.00602184
0.00599126
0.00596729
0.00591709
0.00585195
0.00578191
0.00571671
0.0056599
0.00560679
0.00554681
0.00547046
0.00537524
0.00526616
0.00515378
0.00505138
0.00497192
0.00492374
0.00490298
0.0048945
0.00490292
0.00525854
0.0052322
0.00520096
0.00514428
0.00507174
0.00499114
0.00490997
0.00483156
0.00475279
0.00466581
0.0045635
0.00444411
0.00431198
0.00417664
0.00405084
0.00394808
0.00387767
0.0038367
0.00381249
0.00380798
0.0039489
0.00392296
0.00388587
0.0038254
0.00374864
0.00366185
0.00357095
0.00347927
0.00338532
0.00328395
0.00317034
0.00304345
0.00290668
0.00276775
0.00263752
0.00252841
0.0024495
0.00239897
0.00236712
0.00235937
0.0016959
0.00167047
0.0016439
0.001604
0.0015541
0.00149848
0.0014419
0.00138808
0.00133727
0.00128634
0.00123134
0.00116976
0.0011014
0.00102912
0.000959285
0.00090183
0.000865207
0.000847775
0.000841308
0.000846434
0.00208447
0.00213466
0.00213361
0.0021344
0.00213952
0.00215162
0.0021721
0.00219986
0.00223074
0.00225851
0.00227683
0.00228141
0.00227125
0.00224905
0.00222049
0.00219245
0.00217083
0.00215906
0.00215622
0.00211711
)
;
    }
    symmetry-x
    {
        type            symmetryPlane;
    }
    symmetry-y
    {
        type            symmetryPlane;
    }
}


// ************************************************************************* //
