/*--------------------------------*- C++ -*----------------------------------*\
| =========                 |                                                 |
| \\      /  F ield         | foam-extend: Open Source CFD                    |
|  \\    /   O peration     | Version:     3.1                                |
|   \\  /    A nd           | Web:         http://www.extend-project.de       |
|    \\/     M anipulation  |                                                 |
\*---------------------------------------------------------------------------*/
FoamFile
{
    version     2.0;
    format      ascii;
    class       vectorField;
    location    "3.9/polyMesh";
    object      points;
}
// * * * * * * * * * * * * * * * * * * * * * * * * * * * * * * * * * * * * * //


405
(
(0.45 0 -0.2)
(0.475 0 -0.2)
(0.5 0 -0.2)
(0.525 0 -0.2)
(0.55 0 -0.2)
(0.450884 0.0259409 -0.199611)
(0.475542 0.0253209 -0.199759)
(0.500417 0.0249778 -0.200027)
(0.52548 0.0246277 -0.200302)
(0.550742 0.0240125 -0.200473)
(0.451774 0.0513874 -0.199741)
(0.476491 0.0505645 -0.199845)
(0.501343 0.0499738 -0.20005)
(0.526389 0.0493792 -0.200268)
(0.551565 0.0485525 -0.200413)
(0.452977 0.0768449 -0.199858)
(0.477707 0.0757945 -0.199922)
(0.50256 0.0749629 -0.200073)
(0.527579 0.0741267 -0.200239)
(0.552713 0.0730641 -0.20035)
(0.454338 0.102164 -0.200015)
(0.479104 0.100956 -0.200017)
(0.503965 0.0999427 -0.200094)
(0.528958 0.0989253 -0.200186)
(0.554037 0.0977056 -0.200239)
(0.455809 0.127378 -0.200165)
(0.480605 0.126062 -0.200108)
(0.505472 0.124915 -0.200115)
(0.530446 0.123766 -0.200136)
(0.555481 0.122445 -0.20013)
(0.457324 0.152501 -0.200297)
(0.482142 0.151121 -0.200189)
(0.507015 0.149882 -0.200137)
(0.531975 0.148647 -0.200096)
(0.556978 0.147273 -0.200035)
(0.458842 0.177568 -0.200404)
(0.48367 0.176149 -0.200262)
(0.508542 0.17485 -0.200162)
(0.533491 0.173559 -0.200071)
(0.558478 0.172165 -0.199969)
(0.460358 0.2026 -0.200477)
(0.485157 0.201164 -0.200318)
(0.509991 0.199829 -0.20019)
(0.534944 0.198498 -0.200071)
(0.559942 0.197095 -0.19995)
(0.45 0 -0.175)
(0.475 0 -0.175)
(0.5 0 -0.175)
(0.525 0 -0.175)
(0.55 0 -0.175)
(0.450956 0.0258934 -0.174775)
(0.475628 0.025285 -0.174861)
(0.500528 0.0249892 -0.175021)
(0.525578 0.0246939 -0.175189)
(0.550828 0.0240943 -0.175296)
(0.451851 0.0514315 -0.174822)
(0.476587 0.0505998 -0.174897)
(0.501468 0.0499822 -0.175043)
(0.526501 0.0493642 -0.1752)
(0.551666 0.0485291 -0.175305)
(0.453011 0.0768959 -0.174915)
(0.477765 0.0758382 -0.174958)
(0.502649 0.0749719 -0.175063)
(0.527657 0.0741033 -0.17518)
(0.552777 0.0730345 -0.175257)
(0.454325 0.102225 -0.175033)
(0.479113 0.101008 -0.17503)
(0.504001 0.0999544 -0.175081)
(0.528988 0.0988986 -0.175145)
(0.554055 0.0976715 -0.17518)
(0.455745 0.127438 -0.175151)
(0.48056 0.126115 -0.175101)
(0.505454 0.124931 -0.175099)
(0.530424 0.123747 -0.17511)
(0.555449 0.12242 -0.175098)
(0.457214 0.152557 -0.175256)
(0.482049 0.151172 -0.175167)
(0.506947 0.149904 -0.175119)
(0.531904 0.14864 -0.175083)
(0.556899 0.147262 -0.175027)
(0.458694 0.177616 -0.175343)
(0.483538 0.176194 -0.175225)
(0.508432 0.174877 -0.175143)
(0.53338 0.173568 -0.17507)
(0.558361 0.172174 -0.174981)
(0.460193 0.202642 -0.1754)
(0.485006 0.201204 -0.175269)
(0.50986 0.199858 -0.175169)
(0.534813 0.198517 -0.175079)
(0.559806 0.197116 -0.174977)
(0.45 0 -0.15)
(0.475 0 -0.15)
(0.5 0 -0.15)
(0.525 0 -0.15)
(0.55 0 -0.15)
(0.45101 0.0259049 -0.149883)
(0.475662 0.0252857 -0.14993)
(0.500556 0.0249934 -0.150018)
(0.52561 0.0247016 -0.150113)
(0.550873 0.0240873 -0.150171)
(0.451911 0.0514259 -0.149906)
(0.47663 0.0506024 -0.149951)
(0.501504 0.0499892 -0.150037)
(0.526544 0.0493748 -0.150131)
(0.551723 0.0485435 -0.150191)
(0.453049 0.0768877 -0.149966)
(0.477796 0.075846 -0.149992)
(0.502677 0.0749812 -0.150055)
(0.527688 0.0741137 -0.150125)
(0.552812 0.0730591 -0.150168)
(0.454334 0.102218 -0.150046)
(0.479118 0.101019 -0.150044)
(0.504005 0.0999669 -0.150072)
(0.528992 0.0989121 -0.150107)
(0.554061 0.097703 -0.150123)
(0.45572 0.127435 -0.150129)
(0.480534 0.12613 -0.150097)
(0.505427 0.124947 -0.150088)
(0.530395 0.123765 -0.150087)
(0.55542 0.122457 -0.150071)
(0.457156 0.152559 -0.150207)
(0.481991 0.15119 -0.150147)
(0.50689 0.149924 -0.150106)
(0.531844 0.148663 -0.150072)
(0.556837 0.147304 -0.150026)
(0.458609 0.177627 -0.150272)
(0.483453 0.176214 -0.150191)
(0.508349 0.174899 -0.150128)
(0.533294 0.173596 -0.15007)
(0.558271 0.172218 -0.149999)
(0.460093 0.20266 -0.150313)
(0.484908 0.201226 -0.150224)
(0.509763 0.199883 -0.150151)
(0.534709 0.198549 -0.150087)
(0.559694 0.197163 -0.150009)
(0.45 0 -0.125)
(0.475 0 -0.125)
(0.5 0 -0.125)
(0.525 0 -0.125)
(0.55 0 -0.125)
(0.451036 0.0259126 -0.124947)
(0.475674 0.0252866 -0.124969)
(0.500561 0.0249957 -0.125016)
(0.525617 0.024705 -0.125066)
(0.55089 0.0240838 -0.125095)
(0.451941 0.0514182 -0.124963)
(0.476646 0.0506007 -0.124984)
(0.501512 0.0499945 -0.125032)
(0.526555 0.0493866 -0.125083)
(0.551744 0.0485597 -0.125112)
(0.453068 0.0768728 -0.125003)
(0.477806 0.0758443 -0.125013)
(0.50268 0.0749895 -0.125047)
(0.527692 0.0741316 -0.125084)
(0.552824 0.0730896 -0.125103)
(0.454336 0.102201 -0.125057)
(0.479113 0.101019 -0.12505)
(0.503995 0.0999785 -0.125061)
(0.528982 0.0989353 -0.125077)
(0.554055 0.097743 -0.125078)
(0.455701 0.12742 -0.125115)
(0.480511 0.126133 -0.125088)
(0.5054 0.124962 -0.125076)
(0.530367 0.123792 -0.125067)
(0.555393 0.122503 -0.125048)
(0.457116 0.152551 -0.12517)
(0.481949 0.151198 -0.125125)
(0.506844 0.149942 -0.125092)
(0.531797 0.148693 -0.125061)
(0.556788 0.147353 -0.125022)
(0.45855 0.177629 -0.125217)
(0.483394 0.176227 -0.125159)
(0.508287 0.174921 -0.12511)
(0.533228 0.173628 -0.125065)
(0.558201 0.172268 -0.125009)
(0.460022 0.202671 -0.125248)
(0.484839 0.201244 -0.125184)
(0.50969 0.199907 -0.125132)
(0.534629 0.198582 -0.125085)
(0.559606 0.197212 -0.125025)
(0.45 0 -0.1)
(0.475 0 -0.1)
(0.5 0 -0.1)
(0.525 0 -0.1)
(0.55 0 -0.1)
(0.451048 0.0259158 -0.0999798)
(0.475676 0.0252871 -0.0999887)
(0.500559 0.0249974 -0.100013)
(0.525616 0.024708 -0.100039)
(0.550894 0.0240854 -0.100051)
(0.451953 0.0514123 -0.0999942)
(0.476648 0.0505992 -0.100001)
(0.501509 0.0499989 -0.100025)
(0.526552 0.0493968 -0.100052)
(0.551748 0.0485742 -0.100064)
(0.453075 0.0768614 -0.100022)
(0.477804 0.0758421 -0.100022)
(0.502672 0.0749968 -0.100038)
(0.527685 0.0741483 -0.100056)
(0.552822 0.0731154 -0.10006)
(0.454332 0.102188 -0.100058)
(0.479103 0.101018 -0.100048)
(0.50398 0.0999887 -0.10005)
(0.528967 0.0989572 -0.100054)
(0.554043 0.0977774 -0.100047)
(0.455684 0.127408 -0.100098)
(0.48049 0.126134 -0.100076)
(0.505375 0.124975 -0.100062)
(0.530341 0.123818 -0.10005)
(0.555368 0.122543 -0.100031)
(0.457085 0.152543 -0.100137)
(0.481916 0.151202 -0.100103)
(0.506808 0.149958 -0.100075)
(0.531758 0.148722 -0.100049)
(0.556748 0.147396 -0.100017)
(0.458506 0.177628 -0.100171)
(0.483349 0.176235 -0.100127)
(0.508239 0.174939 -0.100091)
(0.533177 0.173658 -0.100055)
(0.558147 0.172312 -0.100012)
(0.459969 0.202676 -0.100193)
(0.484785 0.201257 -0.100146)
(0.509632 0.199928 -0.100109)
(0.534565 0.198613 -0.100074)
(0.559538 0.197257 -0.100028)
(0.45 0 -0.075)
(0.475 0 -0.075)
(0.5 0 -0.075)
(0.525 0 -0.075)
(0.55 0 -0.075)
(0.451053 0.0259167 -0.0749953)
(0.475676 0.0252874 -0.074998)
(0.500555 0.0249988 -0.0750093)
(0.525612 0.0247106 -0.075022)
(0.550893 0.024089 -0.075027)
(0.451957 0.0514083 -0.0750072)
(0.476646 0.0505984 -0.0750079)
(0.501502 0.0500024 -0.075019)
(0.526546 0.0494048 -0.0750316)
(0.551745 0.0485858 -0.0750351)
(0.453075 0.0768541 -0.0750266)
(0.477797 0.075841 -0.0750227)
(0.502662 0.0750027 -0.0750284)
(0.527675 0.0741613 -0.0750354)
(0.552814 0.0731348 -0.0750341)
(0.454325 0.102179 -0.0750511)
(0.479091 0.101018 -0.0750405)
(0.503965 0.099997 -0.0750375)
(0.528952 0.0989746 -0.0750358)
(0.554029 0.0978033 -0.0750275)
(0.455669 0.1274 -0.075078)
(0.480471 0.126135 -0.0750596)
(0.505354 0.124986 -0.075047)
(0.530319 0.123839 -0.0750354)
(0.555346 0.122574 -0.0750188)
(0.457061 0.152537 -0.0751046)
(0.481889 0.151205 -0.0750785)
(0.506779 0.149971 -0.0750573)
(0.531728 0.148745 -0.0750367)
(0.556717 0.14743 -0.0750118)
(0.458473 0.177626 -0.0751283)
(0.483314 0.176241 -0.0750961)
(0.508202 0.174954 -0.0750693)
(0.533139 0.173683 -0.0750429)
(0.558106 0.172348 -0.0750109)
(0.459929 0.202679 -0.0751435)
(0.484743 0.201266 -0.0751094)
(0.509587 0.199944 -0.0750829)
(0.534517 0.198639 -0.0750581)
(0.559487 0.197293 -0.075025)
(0.45 0 -0.05)
(0.475 0 -0.05)
(0.5 0 -0.05)
(0.525 0 -0.05)
(0.55 0 -0.05)
(0.451055 0.0259167 -0.0500009)
(0.475674 0.0252876 -0.0500012)
(0.500552 0.0249998 -0.0500061)
(0.525609 0.0247125 -0.0500118)
(0.550891 0.0240925 -0.0500133)
(0.451957 0.0514057 -0.0500095)
(0.476642 0.0505982 -0.0500081)
(0.501496 0.050005 -0.0500126)
(0.52654 0.0494104 -0.050018)
(0.55174 0.0485943 -0.0500181)
(0.453072 0.0768498 -0.050022)
(0.477791 0.0758407 -0.0500177)
(0.502653 0.0750071 -0.0500189)
(0.527666 0.0741705 -0.0500209)
(0.552807 0.0731482 -0.050018)
(0.454318 0.102174 -0.0500374)
(0.479081 0.101018 -0.050029)
(0.503953 0.100003 -0.0500251)
(0.528939 0.0989868 -0.0500219)
(0.554017 0.097821 -0.0500148)
(0.455657 0.127395 -0.0500541)
(0.480456 0.126136 -0.050041)
(0.505337 0.124994 -0.0500315)
(0.530302 0.123853 -0.0500225)
(0.555329 0.122595 -0.0500105)
(0.457043 0.152534 -0.0500709)
(0.481869 0.151208 -0.0500532)
(0.506757 0.14998 -0.0500386)
(0.531706 0.148761 -0.0500243)
(0.556695 0.147453 -0.0500073)
(0.458449 0.177624 -0.0500859)
(0.483289 0.176246 -0.0500645)
(0.508175 0.174964 -0.0500468)
(0.533111 0.1737 -0.0500292)
(0.558078 0.172373 -0.0500079)
(0.4599 0.20268 -0.0500955)
(0.484712 0.201272 -0.0500731)
(0.509554 0.199956 -0.0500559)
(0.534482 0.198657 -0.0500397)
(0.55945 0.197319 -0.0500179)
(0.45 0 -0.025)
(0.475 0 -0.025)
(0.5 0 -0.025)
(0.525 0 -0.025)
(0.55 0 -0.025)
(0.451056 0.0259164 -0.0250015)
(0.475673 0.0252877 -0.0250013)
(0.50055 0.0250004 -0.025003)
(0.525607 0.0247137 -0.0250051)
(0.550889 0.0240949 -0.0250054)
(0.451956 0.0514042 -0.025006)
(0.476639 0.0505982 -0.0250048)
(0.501492 0.0500066 -0.0250063)
(0.526536 0.0494137 -0.0250081)
(0.551737 0.0485994 -0.0250076)
(0.453069 0.0768475 -0.0250122)
(0.477786 0.0758408 -0.0250096)
(0.502648 0.0750097 -0.0250094)
(0.52766 0.0741759 -0.0250097)
(0.552801 0.0731561 -0.0250077)
(0.454314 0.102171 -0.0250196)
(0.479074 0.101018 -0.025015)
(0.503945 0.100007 -0.0250126)
(0.528931 0.098994 -0.0250104)
(0.55401 0.0978313 -0.0250064)
(0.455649 0.127393 -0.0250277)
(0.480447 0.126137 -0.0250209)
(0.505327 0.124998 -0.0250158)
(0.530291 0.123862 -0.025011)
(0.555319 0.122607 -0.0250046)
(0.457033 0.152532 -0.0250358)
(0.481857 0.15121 -0.0250268)
(0.506744 0.149986 -0.0250194)
(0.531692 0.148771 -0.0250121)
(0.556681 0.147467 -0.0250034)
(0.458435 0.177624 -0.0250431)
(0.483273 0.176248 -0.0250324)
(0.508159 0.174971 -0.0250235)
(0.533094 0.173711 -0.0250147)
(0.55806 0.172388 -0.0250041)
(0.459882 0.20268 -0.0250478)
(0.484694 0.201276 -0.0250366)
(0.509535 0.199964 -0.0250281)
(0.534461 0.198668 -0.0250201)
(0.559429 0.197335 -0.0250092)
(0.45 0 0)
(0.475 0 0)
(0.5 0 0)
(0.525 0 0)
(0.55 0 0)
(0.451056 0.0259163 0)
(0.475673 0.0252877 0)
(0.500549 0.0250006 0)
(0.525606 0.0247141 0)
(0.550889 0.0240958 0)
(0.451956 0.0514038 0)
(0.476638 0.0505982 0)
(0.501491 0.0500072 0)
(0.526534 0.0494148 0)
(0.551735 0.0486011 0)
(0.453068 0.0768468 0)
(0.477785 0.0758408 0)
(0.502646 0.0750106 0)
(0.527658 0.0741776 0)
(0.552799 0.0731587 0)
(0.454312 0.102171 0)
(0.479072 0.101018 0)
(0.503943 0.100008 0)
(0.528928 0.0989964 0)
(0.554007 0.0978347 0)
(0.455647 0.127392 0)
(0.480444 0.126138 0)
(0.505324 0.125 0)
(0.530288 0.123865 0)
(0.555315 0.122611 0)
(0.457029 0.152532 0)
(0.481853 0.15121 0)
(0.50674 0.149987 0)
(0.531688 0.148774 0)
(0.556677 0.147472 0)
(0.45843 0.177623 0)
(0.483268 0.176249 0)
(0.508154 0.174973 0)
(0.533088 0.173714 0)
(0.558054 0.172393 0)
(0.459876 0.20268 0)
(0.484688 0.201277 0)
(0.509528 0.199966 0)
(0.534454 0.198672 0)
(0.559421 0.19734 0)
)


// ************************************************************************* //
