/*--------------------------------*- C++ -*----------------------------------*\
| =========                 |                                                 |
| \\      /  F ield         | foam-extend: Open Source CFD                    |
|  \\    /   O peration     | Version:     3.1                                |
|   \\  /    A nd           | Web:         http://www.extend-project.de       |
|    \\/     M anipulation  |                                                 |
\*---------------------------------------------------------------------------*/
FoamFile
{
    version     2.0;
    format      ascii;
    class       volScalarField;
    location    "0.0007";
    object      sigmaEq;
}
// * * * * * * * * * * * * * * * * * * * * * * * * * * * * * * * * * * * * * //

dimensions      [1 -1 -2 0 0 0 0];

internalField   nonuniform List<scalar> 
6400
(
4052.01
3422
3127.98
3245.16
4034.06
3413.3
3123.96
3255.48
4032.19
3411.9
3123.22
3255.61
4031.23
3411.25
3122.71
3255.04
4030.68
3410.83
3122.24
3254.26
4030.34
3410.51
3121.78
3253.39
4030.15
3410.25
3121.34
3252.53
4030.07
3410.03
3120.93
3251.75
4030.03
3409.79
3120.56
3251.12
4029.96
3409.59
3120.3
3250.75
4029.96
3409.59
3120.3
3250.75
4030.03
3409.79
3120.56
3251.12
4030.07
3410.03
3120.93
3251.75
4030.15
3410.26
3121.34
3252.53
4030.34
3410.51
3121.78
3253.39
4030.68
3410.83
3122.24
3254.26
4031.23
3411.25
3122.71
3255.04
4032.19
3411.9
3123.22
3255.61
4034.06
3413.3
3123.97
3255.48
4052.01
3422
3127.98
3245.16
2398.7
2806.24
2587.71
1604.87
2409.16
2806.73
2576.77
1580.73
2407.82
2805.85
2575.91
1580.46
2407.15
2805.25
2575.34
1580.05
2406.79
2804.73
2574.8
1579.56
2406.61
2804.31
2574.33
1579.11
2406.55
2803.99
2573.95
1578.73
2406.57
2803.75
2573.66
1578.45
2406.68
2803.56
2573.44
1578.25
2407.11
2803.46
2573.31
1578.12
2407.11
2803.46
2573.31
1578.12
2406.68
2803.56
2573.45
1578.25
2406.57
2803.75
2573.66
1578.45
2406.55
2803.99
2573.95
1578.73
2406.61
2804.31
2574.33
1579.11
2406.79
2804.73
2574.8
1579.57
2407.15
2805.25
2575.34
1580.05
2407.82
2805.85
2575.91
1580.47
2409.16
2806.73
2576.77
1580.73
2398.7
2806.24
2587.71
1604.88
2737.26
2566.29
2332.45
2095.35
2736.51
2561.44
2323.46
2087.92
2735.77
2561.19
2323.09
2088.95
2735.77
2561.04
2322.9
2089.08
2736.05
2560.93
2322.68
2089.03
2736.47
2560.86
2322.45
2088.96
2736.95
2560.85
2322.26
2088.92
2737.46
2560.9
2322.14
2088.94
2738.04
2561.02
2322.08
2088.96
2738.99
2561.18
2322.05
2088.97
2738.99
2561.18
2322.05
2088.97
2738.04
2561.02
2322.08
2088.96
2737.46
2560.9
2322.14
2088.94
2736.95
2560.85
2322.26
2088.92
2736.47
2560.86
2322.45
2088.96
2736.05
2560.93
2322.68
2089.03
2735.77
2561.04
2322.9
2089.08
2735.77
2561.19
2323.09
2088.95
2736.51
2561.44
2323.46
2087.92
2737.26
2566.29
2332.45
2095.35
3317.57
2775.13
2498.72
2599.5
3308.67
2766.4
2492.59
2598.41
3307.74
2766.16
2492.57
2600.04
3307.8
2766.11
2492.5
2600.23
3308.31
2766.33
2492.48
2600.01
3309.08
2766.68
2492.45
2599.68
3309.96
2767.09
2492.44
2599.34
3310.87
2767.53
2492.45
2599.06
3311.78
2767.99
2492.5
2598.86
3312.88
2768.37
2492.54
2598.74
3312.88
2768.37
2492.54
2598.74
3311.78
2767.99
2492.5
2598.86
3310.87
2767.53
2492.45
2599.06
3309.96
2767.09
2492.44
2599.34
3309.08
2766.68
2492.45
2599.68
3308.31
2766.33
2492.48
2600.01
3307.8
2766.11
2492.5
2600.23
3307.75
2766.16
2492.57
2600.04
3308.67
2766.4
2492.59
2598.41
3317.57
2775.13
2498.72
2599.5
3336.61
2841.97
2572.09
2608.32
3329.25
2834.6
2566.57
2605.05
3328.45
2834.52
2566.55
2606.34
3328.44
2834.49
2566.4
2606.21
3328.92
2834.78
2566.36
2605.61
3329.74
2835.3
2566.35
2604.83
3330.75
2835.94
2566.38
2604
3331.86
2836.63
2566.45
2603.25
3332.96
2837.29
2566.53
2602.65
3334.1
2837.78
2566.6
2602.3
3334.1
2837.78
2566.6
2602.31
3332.96
2837.29
2566.53
2602.65
3331.86
2836.63
2566.45
2603.25
3330.75
2835.94
2566.38
2604
3329.74
2835.3
2566.35
2604.83
3328.92
2834.78
2566.36
2605.61
3328.44
2834.49
2566.4
2606.21
3328.45
2834.52
2566.55
2606.34
3329.25
2834.6
2566.57
2605.05
3336.61
2841.97
2572.09
2608.32
2843.48
2590.65
2378.59
2232.68
2842.48
2587.03
2373.35
2224.98
2842.06
2587.14
2373.19
2225.55
2842.06
2587.06
2372.88
2225.07
2842.42
2587.17
2372.62
2224.19
2843.1
2587.48
2372.39
2223.1
2844.04
2587.95
2372.2
2221.91
2845.12
2588.5
2372.06
2220.78
2846.22
2589.04
2371.98
2219.84
2847.26
2589.44
2371.95
2219.29
2847.26
2589.44
2371.95
2219.29
2846.22
2589.04
2371.98
2219.84
2845.12
2588.5
2372.06
2220.78
2844.04
2587.95
2372.2
2221.92
2843.11
2587.48
2372.39
2223.1
2842.42
2587.17
2372.62
2224.19
2842.06
2587.06
2372.89
2225.07
2842.06
2587.14
2373.2
2225.55
2842.48
2587.03
2373.35
2224.98
2843.48
2590.65
2378.59
2232.69
2149.9
2071.43
1927.83
1710.89
2153.97
2070.9
1923.94
1702.57
2153.87
2071.08
1923.67
1702.6
2153.93
2070.89
1923.22
1702.09
2154.18
2070.69
1922.7
1701.27
2154.69
2070.58
1922.13
1700.24
2155.43
2070.58
1921.56
1699.07
2156.32
2070.66
1921.05
1697.9
2157.22
2070.8
1920.65
1696.9
2158.02
2070.93
1920.43
1696.3
2158.02
2070.93
1920.43
1696.3
2157.22
2070.8
1920.65
1696.9
2156.32
2070.66
1921.05
1697.9
2155.43
2070.58
1921.56
1699.08
2154.69
2070.58
1922.13
1700.24
2154.18
2070.69
1922.7
1701.27
2153.93
2070.89
1923.22
1702.09
2153.87
2071.08
1923.67
1702.6
2153.98
2070.9
1923.94
1702.57
2149.9
2071.43
1927.83
1710.89
1580.36
1473.3
1369.51
1254.51
1584.09
1473.8
1368.04
1251.33
1583.98
1473.92
1367.8
1251.27
1584.02
1473.73
1367.42
1251.02
1584.18
1473.41
1366.88
1250.54
1584.52
1473.09
1366.23
1249.86
1585.04
1472.81
1365.53
1249.02
1585.67
1472.58
1364.86
1248.13
1586.29
1472.42
1364.29
1247.33
1586.8
1472.35
1363.96
1246.85
1586.8
1472.35
1363.97
1246.85
1586.29
1472.42
1364.29
1247.33
1585.67
1472.58
1364.86
1248.13
1585.04
1472.81
1365.53
1249.02
1584.52
1473.09
1366.24
1249.86
1584.18
1473.41
1366.89
1250.54
1584.02
1473.73
1367.43
1251.02
1583.98
1473.92
1367.8
1251.27
1584.09
1473.8
1368.04
1251.33
1580.36
1473.3
1369.51
1254.52
1241
1010.58
903.975
928.262
1241.35
1010.44
904.662
930.636
1241.03
1010.47
904.566
930.647
1240.91
1010.44
904.473
930.615
1240.91
1010.32
904.24
930.398
1241.05
1010.18
903.898
929.99
1241.32
1010.07
903.49
929.437
1241.68
1009.98
903.067
928.82
1242.04
1009.91
902.698
928.258
1242.33
1009.87
902.476
927.91
1242.33
1009.87
902.476
927.91
1242.04
1009.91
902.698
928.258
1241.68
1009.98
903.067
928.821
1241.32
1010.07
903.491
929.438
1241.05
1010.18
903.899
929.991
1240.91
1010.32
904.241
930.399
1240.91
1010.44
904.474
930.616
1241.03
1010.47
904.568
930.648
1241.35
1010.44
904.663
930.638
1241
1010.59
903.976
928.263
1012.43
756.335
632.822
681.035
1011.32
755.458
633.851
684.561
1010.9
755.418
633.81
684.497
1010.66
755.512
633.935
684.483
1010.5
755.585
634.006
684.335
1010.45
755.685
634.021
684.026
1010.5
755.82
633.992
683.593
1010.65
755.971
633.934
683.109
1010.83
756.106
633.868
682.675
1011.01
756.193
633.824
682.412
1011.01
756.193
633.824
682.413
1010.83
756.106
633.869
682.675
1010.65
755.972
633.935
683.109
1010.5
755.82
633.993
683.593
1010.45
755.686
634.022
684.027
1010.51
755.586
634.007
684.336
1010.66
755.513
633.936
684.485
1010.91
755.419
633.811
684.498
1011.32
755.459
633.852
684.562
1012.43
756.337
632.823
681.036
802.518
613.655
495.598
482.861
801.99
612.768
495.662
484.492
801.653
612.69
495.552
484.3
801.405
612.769
495.678
484.265
801.211
612.841
495.799
484.178
801.075
612.938
495.896
483.981
801.024
613.069
495.97
483.687
801.058
613.222
496.023
483.351
801.154
613.367
496.057
483.049
801.279
613.464
496.074
482.867
801.279
613.464
496.074
482.867
801.154
613.367
496.057
483.049
801.058
613.222
496.024
483.352
801.025
613.07
495.971
483.688
801.076
612.938
495.897
483.982
801.212
612.842
495.8
484.179
801.407
612.77
495.679
484.267
801.654
612.691
495.554
484.301
801.991
612.769
495.663
484.493
802.519
613.656
495.6
482.862
618.007
499.061
404.093
349.543
618.321
498.417
403.462
349.224
618.11
498.344
403.311
349.016
617.944
498.388
403.385
349.03
617.804
498.413
403.468
349.068
617.695
498.444
403.535
349.055
617.644
498.493
403.584
348.976
617.657
498.562
403.618
348.851
617.727
498.636
403.639
348.723
617.837
498.694
403.651
348.641
617.837
498.694
403.651
348.641
617.728
498.637
403.64
348.723
617.657
498.562
403.619
348.852
617.645
498.494
403.585
348.976
617.696
498.444
403.536
349.056
617.805
498.414
403.469
349.07
617.946
498.389
403.386
349.032
618.112
498.345
403.313
349.017
618.323
498.418
403.464
349.225
618.009
499.063
404.094
349.544
479.809
402.935
333.303
279.579
480.472
402.478
332.55
278.541
480.345
402.432
332.419
278.412
480.253
402.467
332.472
278.476
480.18
402.482
332.54
278.588
480.127
402.495
332.596
278.682
480.112
402.515
332.636
278.733
480.14
402.547
332.662
278.74
480.21
402.585
332.676
278.721
480.315
402.62
332.683
278.701
480.315
402.62
332.683
278.701
480.211
402.586
332.676
278.721
480.141
402.547
332.662
278.741
480.113
402.516
332.637
278.734
480.128
402.495
332.597
278.683
480.181
402.483
332.541
278.59
480.255
402.468
332.474
278.477
480.347
402.433
332.421
278.414
480.474
402.479
332.551
278.543
479.811
402.937
333.305
279.58
383.008
328.314
278.125
238.068
383.659
327.98
277.487
237.037
383.571
327.956
277.389
236.965
383.514
327.984
277.424
237.021
383.476
327.997
277.474
237.111
383.456
328.009
277.516
237.188
383.465
328.025
277.545
237.232
383.504
328.046
277.56
237.242
383.572
328.072
277.566
237.228
383.665
328.096
277.566
237.212
383.666
328.096
277.567
237.212
383.572
328.072
277.566
237.229
383.505
328.047
277.561
237.243
383.466
328.025
277.546
237.233
383.457
328.01
277.517
237.189
383.478
327.999
277.476
237.112
383.516
327.985
277.426
237.022
383.573
327.958
277.39
236.967
383.662
327.982
277.488
237.039
383.01
328.315
278.126
238.069
311.685
269.097
231.01
200.27
312.212
268.848
230.504
199.379
312.143
268.832
230.424
199.323
312.098
268.846
230.437
199.348
312.072
268.849
230.459
199.39
312.065
268.852
230.474
199.417
312.082
268.858
230.478
199.417
312.122
268.869
230.472
199.391
312.182
268.882
230.461
199.351
312.261
268.896
230.452
199.321
312.261
268.896
230.452
199.321
312.183
268.882
230.461
199.351
312.123
268.869
230.473
199.391
312.083
268.859
230.479
199.417
312.067
268.853
230.475
199.418
312.074
268.85
230.46
199.391
312.1
268.847
230.438
199.35
312.146
268.834
230.425
199.324
312.214
268.849
230.505
199.381
311.688
269.099
231.012
200.271
255.322
219.524
188.456
163.06
255.706
219.322
188.05
162.319
255.651
219.308
187.98
162.266
255.613
219.311
187.977
162.271
255.592
219.306
187.98
162.283
255.589
219.3
187.975
162.279
255.607
219.298
187.961
162.253
255.645
219.3
187.94
162.206
255.696
219.305
187.918
162.153
255.759
219.313
187.903
162.116
255.759
219.313
187.903
162.117
255.697
219.306
187.918
162.153
255.646
219.301
187.941
162.206
255.609
219.299
187.962
162.253
255.591
219.301
187.976
162.28
255.594
219.307
187.981
162.284
255.615
219.313
187.978
162.272
255.653
219.31
187.981
162.267
255.709
219.323
188.051
162.32
255.324
219.526
188.457
163.061
209.12
177.874
151.394
129.92
209.38
177.695
151.064
129.325
209.334
177.682
151.005
129.277
209.301
177.681
150.998
129.276
209.284
177.673
150.994
129.279
209.282
177.667
150.983
129.267
209.298
177.664
150.966
129.235
209.33
177.664
150.944
129.188
209.373
177.667
150.922
129.137
209.423
177.672
150.907
129.103
209.423
177.672
150.907
129.103
209.373
177.667
150.922
129.138
209.331
177.665
150.945
129.188
209.299
177.664
150.967
129.236
209.283
177.668
150.984
129.267
209.286
177.674
150.994
129.279
209.303
177.682
150.999
129.277
209.337
177.683
151.006
129.278
209.383
177.696
151.065
129.326
209.122
177.875
151.395
129.921
170.608
143.606
120.937
102.829
170.782
143.444
120.665
102.358
170.743
143.432
120.617
102.318
170.714
143.432
120.612
102.318
170.698
143.426
120.609
102.321
170.695
143.422
120.602
102.311
170.707
143.421
120.589
102.286
170.733
143.423
120.573
102.248
170.767
143.427
120.556
102.207
170.806
143.432
120.545
102.179
170.806
143.432
120.545
102.179
170.767
143.427
120.556
102.207
170.733
143.423
120.573
102.248
170.708
143.421
120.59
102.286
170.696
143.422
120.602
102.312
170.7
143.427
120.61
102.321
170.716
143.433
120.612
102.319
170.745
143.434
120.618
102.319
170.784
143.445
120.666
102.359
170.61
143.607
120.938
102.83
138.368
115.77
96.7275
81.6078
138.491
115.628
96.5015
81.2313
138.459
115.618
96.4635
81.1998
138.434
115.618
96.4616
81.2031
138.419
115.614
96.4621
81.2083
138.415
115.612
96.459
81.2038
138.423
115.613
96.4519
81.1863
138.442
115.616
96.4416
81.1586
138.469
115.621
96.4306
81.1282
138.499
115.626
96.4233
81.1074
138.499
115.626
96.4233
81.1075
138.469
115.621
96.4307
81.1283
138.442
115.616
96.4417
81.1588
138.424
115.613
96.4521
81.1866
138.416
115.612
96.4593
81.2041
138.42
115.615
96.4624
81.2087
138.435
115.618
96.462
81.2035
138.461
115.618
96.4639
81.2002
138.493
115.629
96.5019
81.2317
138.37
115.771
96.7278
81.6082
111.587
93.2149
77.5904
65.1434
111.682
93.0948
77.4037
64.8383
111.655
93.0864
77.3739
64.8145
111.634
93.0871
77.3742
64.8197
111.621
93.0847
77.3765
64.8267
111.616
93.0834
77.376
64.8261
111.622
93.0847
77.3723
64.815
111.636
93.0882
77.366
64.7956
111.656
93.0929
77.3587
64.7734
111.681
93.0974
77.3538
64.7581
111.681
93.0973
77.3538
64.7581
111.657
93.0928
77.3587
64.7734
111.636
93.0882
77.3659
64.7956
111.622
93.0846
77.3723
64.8152
111.617
93.0834
77.376
64.8263
111.622
93.0847
77.3765
64.8269
111.635
93.0872
77.3742
64.8198
111.656
93.0865
77.3739
64.8146
111.683
93.0949
77.4037
64.8385
111.588
93.215
77.5904
65.1436
89.6394
74.9456
62.3469
52.2448
89.7158
74.8471
62.1941
51.9964
89.6947
74.8405
62.1708
51.9785
89.6771
74.8414
62.172
51.9842
89.6662
74.8397
62.1748
51.9916
89.6619
74.8388
62.1754
51.9928
89.6656
74.8399
62.1733
51.9857
89.6763
74.8427
62.1689
51.9717
89.6924
74.8465
62.1637
51.9552
89.7117
74.8501
62.1601
51.9436
89.7117
74.85
62.1601
51.9436
89.6923
74.8463
62.1636
51.9551
89.6762
74.8424
62.1687
51.9716
89.6655
74.8395
62.173
51.9857
89.6619
74.8384
62.1751
51.9928
89.6662
74.8393
62.1745
51.9916
89.6772
74.841
62.1716
51.9842
89.6948
74.8401
62.1704
51.9784
89.7159
74.8467
62.1937
51.9963
89.6394
74.9451
62.3465
52.2447
71.8643
60.1709
50.099
41.9771
71.9267
60.0914
49.9751
41.7753
71.9097
60.0863
49.9567
41.7617
71.8956
60.0871
49.9581
41.7671
71.8868
60.0858
49.9607
41.7736
71.8833
60.085
49.9614
41.7753
71.886
60.0857
49.9599
41.7702
71.8945
60.0879
49.9565
41.7595
71.9071
60.0907
49.9524
41.7467
71.9226
60.0935
49.9495
41.7376
71.9225
60.0933
49.9494
41.7376
71.9068
60.0903
49.9522
41.7466
71.894
60.0873
49.9562
41.7593
71.8854
60.0851
49.9594
41.77
71.8826
60.0842
49.9609
41.7751
71.8861
60.0849
49.9601
41.7734
71.8949
60.0862
49.9574
41.7668
71.909
60.0853
49.956
41.7614
71.9259
60.0904
49.9743
41.775
71.8634
60.1698
50.0982
41.9768
57.5675
48.2472
40.2099
33.7046
57.6179
48.1834
40.1099
33.5414
57.6042
48.1793
40.0954
33.5309
57.5929
48.18
40.0966
33.5354
57.5859
48.1789
40.0987
33.5408
57.5831
48.1782
40.0992
33.5422
57.5853
48.1787
40.0979
33.5382
57.5921
48.1802
40.0951
33.5296
57.6022
48.1823
40.0916
33.5193
57.6147
48.1844
40.0892
33.512
57.6145
48.1842
40.089
33.5119
57.6017
48.1818
40.0913
33.5191
57.5913
48.1795
40.0945
33.5293
57.5843
48.1777
40.0972
33.5379
57.5818
48.177
40.0984
33.5419
57.5845
48.1776
40.0978
33.5405
57.5914
48.1786
40.0956
33.535
57.6027
48.1778
40.0943
33.5304
57.6162
48.1818
40.1088
33.5408
57.5656
48.2455
40.2086
33.7041
46.0976
38.6427
32.2192
27.011
46.1378
38.5915
32.1389
26.8795
46.1267
38.5882
32.1273
26.8713
46.1175
38.5886
32.1281
26.875
46.1119
38.5877
32.1298
26.8793
46.1097
38.5871
32.1301
26.8803
46.1116
38.5874
32.1289
26.8769
46.1171
38.5885
32.1265
26.8699
46.1252
38.5901
32.1236
26.8614
46.1352
38.5917
32.1215
26.8555
46.135
38.5914
32.1213
26.8554
46.1245
38.5895
32.1232
26.8612
46.1159
38.5875
32.1258
26.8695
46.1101
38.5861
32.128
26.8765
46.1079
38.5855
32.129
26.8798
46.1099
38.5859
32.1286
26.8787
46.1153
38.5867
32.1268
26.8743
46.1243
38.5861
32.1258
26.8706
46.1352
38.5893
32.1373
26.8788
46.0949
38.6404
32.2176
27.0102
36.8985
30.9194
25.7754
21.6039
36.9302
30.8781
25.7109
21.4984
36.9211
30.8754
25.7016
21.4919
36.9137
30.8757
25.7023
21.4948
36.9091
30.8748
25.7035
21.4982
36.9074
30.8743
25.7037
21.499
36.9089
30.8745
25.7026
21.4961
36.9133
30.8753
25.7006
21.4904
36.9198
30.8765
25.6982
21.4835
36.9278
30.8777
25.6964
21.4786
36.9275
30.8775
25.6962
21.4785
36.9189
30.8758
25.6977
21.4832
36.9118
30.8742
25.6998
21.4899
36.9069
30.8729
25.7016
21.4956
36.905
30.8724
25.7024
21.4984
36.9065
30.8727
25.7021
21.4975
36.9108
30.8733
25.7007
21.494
36.918
30.8729
25.6999
21.491
36.9269
30.8754
25.7091
21.4974
36.895
30.9166
25.7735
21.6029
29.519
24.7184
20.5947
17.2536
29.5439
24.6851
20.5429
17.1692
29.5364
24.6828
20.5355
17.164
29.5303
24.6829
20.536
17.1664
29.5265
24.6822
20.5369
17.1691
29.525
24.6817
20.537
17.1697
29.5262
24.6818
20.5361
17.1674
29.5297
24.6824
20.5344
17.1627
29.5349
24.6833
20.5324
17.1571
29.5413
24.6842
20.5309
17.1531
29.5409
24.684
20.5307
17.153
29.5339
24.6825
20.5318
17.1568
29.528
24.6811
20.5335
17.1622
29.524
24.68
20.5349
17.1667
29.5223
24.6796
20.5356
17.1689
29.5234
24.6798
20.5353
17.1683
29.5269
24.6803
20.5342
17.1654
29.5328
24.6799
20.5335
17.1629
29.54
24.682
20.5409
17.1681
29.5149
24.7152
20.5926
17.2525
23.6
19.7467
16.441
13.7668
23.6196
19.7198
16.3995
13.6993
23.6134
19.7179
16.3935
13.6952
23.6083
19.7179
16.3939
13.6972
23.6052
19.7172
16.3946
13.6994
23.6038
19.7167
16.3946
13.6998
23.6047
19.7168
16.3939
13.6979
23.6074
19.7172
16.3925
13.6942
23.6115
19.7179
16.3908
13.6897
23.6165
19.7185
16.3896
13.6864
23.6162
19.7183
16.3894
13.6863
23.6104
19.717
16.3902
13.6893
23.6056
19.7158
16.3915
13.6936
23.6022
19.7149
16.3926
13.6973
23.6009
19.7145
16.3931
13.699
23.6018
19.7146
16.3928
13.6984
23.6046
19.715
16.3919
13.6961
23.6094
19.7148
16.3914
13.6941
23.6153
19.7165
16.3973
13.6981
23.5955
19.7433
16.4387
13.7656
18.8557
15.7655
13.1174
10.9791
18.8711
15.7438
13.084
10.9253
18.866
15.7422
13.0792
10.922
18.8617
15.7421
13.0795
10.9236
18.859
15.7414
13.08
10.9253
18.8578
15.7409
13.08
10.9257
18.8583
15.7409
13.0794
10.9242
18.8604
15.7412
13.0783
10.9212
18.8636
15.7417
13.0769
10.9176
18.8676
15.7421
13.0759
10.915
18.8672
15.7418
13.0757
10.9148
18.8625
15.7408
13.0763
10.9172
18.8585
15.7398
13.0773
10.9206
18.8558
15.739
13.0781
10.9235
18.8547
15.7386
13.0785
10.9249
18.8555
15.7388
13.0782
10.9244
18.8578
15.7391
13.0775
10.9225
18.8618
15.739
13.0771
10.9208
18.8667
15.7404
13.0818
10.924
18.851
15.762
13.115
10.9778
15.0565
12.5807
10.4611
8.75316
15.0687
12.5632
10.4344
8.71024
15.0644
12.5618
10.4306
8.70765
15.0608
12.5616
10.4308
8.70895
15.0585
12.561
10.4311
8.71037
15.0574
12.5605
10.4311
8.71066
15.0577
12.5604
10.4306
8.70948
15.0593
12.5606
10.4296
8.70705
15.0618
12.5609
10.4285
8.70415
15.0649
12.5612
10.4277
8.70204
15.0645
12.5609
10.4275
8.70191
15.0606
12.5601
10.4279
8.70378
15.0575
12.5592
10.4287
8.70649
15.0553
12.5586
10.4293
8.70877
15.0545
12.5583
10.4296
8.70983
15.0551
12.5584
10.4294
8.7094
15.0571
12.5588
10.4288
8.70785
15.0603
12.5587
10.4285
8.70645
15.0644
12.5599
10.4322
8.709
15.052
12.5772
10.4589
8.75189
12.0173
10.035
8.33992
6.97682
12.027
10.021
8.31853
6.94261
12.0233
10.0198
8.31541
6.94056
12.0203
10.0196
8.31554
6.94161
12.0184
10.019
8.31583
6.94275
12.0174
10.0186
8.31577
6.94298
12.0176
10.0184
8.31532
6.94204
12.0187
10.0185
8.31455
6.9401
12.0207
10.0187
8.31363
6.93777
12.0231
10.019
8.31292
6.93606
12.0228
10.0187
8.31273
6.93594
12.0197
10.0179
8.31308
6.93742
12.0171
10.0172
8.31367
6.93957
12.0154
10.0167
8.31417
6.94137
12.0147
10.0165
8.31438
6.94219
12.0153
10.0167
8.31423
6.94184
12.0169
10.017
8.31377
6.94057
12.0196
10.017
8.31349
6.93943
12.023
10.018
8.31651
6.94144
12.0132
10.0319
8.33781
6.97563
9.58822
8.00183
6.64683
5.55964
9.59585
7.99049
6.6297
5.5324
9.59283
7.98948
6.62719
5.53077
9.59034
7.98925
6.62728
5.53162
9.58869
7.98876
6.6275
5.53253
9.58786
7.98838
6.62744
5.53272
9.58794
7.98823
6.62707
5.53196
9.58885
7.98829
6.62644
5.53041
9.59038
7.98846
6.6257
5.52855
9.59236
7.98863
6.62512
5.52717
9.59206
7.98841
6.62496
5.52706
9.58951
7.98779
6.62522
5.52823
9.58745
7.98721
6.62568
5.52993
9.58607
7.98679
6.62606
5.53135
9.58557
7.98664
6.62623
5.53201
9.58609
7.98678
6.62612
5.53171
9.58748
7.98707
6.62576
5.53069
9.58973
7.98712
6.62554
5.52975
9.59251
7.98797
6.62796
5.53135
9.58472
7.99919
6.64501
5.55859
7.6481
6.37883
5.29607
4.42933
7.65414
6.36972
5.28238
4.40765
7.65165
6.36887
5.28036
4.40635
7.6496
6.36867
5.28043
4.40704
7.64826
6.36826
5.2806
4.40777
7.64759
6.36795
5.28055
4.40792
7.64767
6.36785
5.28026
4.40732
7.64842
6.36792
5.27977
4.40609
7.64967
6.36807
5.27919
4.40459
7.65128
6.36822
5.27873
4.40349
7.65106
6.36804
5.2786
4.40339
7.64901
6.36754
5.2788
4.40431
7.64735
6.36707
5.27916
4.40567
7.64624
6.36673
5.27946
4.4068
7.64586
6.36662
5.27959
4.40732
7.64631
6.36674
5.27951
4.40708
7.64747
6.36701
5.27922
4.40625
7.64932
6.36707
5.27906
4.4055
7.65162
6.36779
5.281
4.40678
7.64545
6.37681
5.29464
4.42846
6.09934
5.08397
4.21895
3.52818
6.10413
5.07666
4.208
3.51092
6.1021
5.07596
4.20639
3.5099
6.10045
5.0758
4.20645
3.51045
6.09941
5.07549
4.2066
3.51103
6.09892
5.07528
4.20658
3.51115
6.09905
5.07524
4.20638
3.51068
6.09972
5.07535
4.20601
3.50971
6.10079
5.07552
4.20557
3.50853
6.10215
5.07568
4.20522
3.50764
6.10201
5.07556
4.20512
3.50756
6.10038
5.07517
4.20529
3.50829
6.09905
5.07479
4.20557
3.50937
6.09816
5.07451
4.20581
3.51027
6.09785
5.07441
4.20591
3.51069
6.09822
5.07452
4.20584
3.5105
6.09917
5.07475
4.20563
3.50984
6.10069
5.07482
4.2055
3.50924
6.10258
5.07542
4.20706
3.51026
6.09769
5.08266
4.21797
3.52752
4.86346
4.05134
3.36042
2.81005
4.86726
4.04548
3.35168
2.79633
4.86563
4.04493
3.3504
2.79551
4.86435
4.04483
3.35046
2.79596
4.86357
4.04462
3.3506
2.79642
4.86327
4.04452
3.35062
2.79653
4.86349
4.04456
3.3505
2.79617
4.86414
4.04473
3.35026
2.79541
4.86511
4.04494
3.34994
2.79448
4.86629
4.04513
3.34969
2.79378
4.86624
4.04507
3.34964
2.79371
4.86496
4.04477
3.34977
2.7943
4.8639
4.04447
3.35
2.79516
4.86318
4.04424
3.35019
2.79588
4.86293
4.04416
3.35027
2.79622
4.86322
4.04425
3.35022
2.79608
4.86399
4.04444
3.35006
2.79556
4.86523
4.04451
3.34996
2.79508
4.86678
4.04501
3.35122
2.7959
4.8629
4.05082
3.35994
2.80965
3.87748
3.22811
2.67642
2.23806
3.88051
3.22343
2.66944
2.22715
3.87922
3.223
2.66843
2.2265
3.87825
3.22295
2.6685
2.22685
3.87772
3.22285
2.66864
2.22723
3.8776
3.22284
2.66869
2.22733
3.87791
3.22298
2.66865
2.22706
3.87858
3.22321
2.66851
2.22647
3.87949
3.22347
2.66831
2.22574
3.88055
3.2237
2.66815
2.22519
3.8806
3.22371
2.66814
2.22515
3.87961
3.2235
2.66826
2.22562
3.87879
3.22327
2.66846
2.22631
3.87821
3.22309
2.66861
2.2269
3.878
3.22302
2.66868
2.22718
3.87823
3.22309
2.66865
2.22708
3.87886
3.22325
2.66853
2.22668
3.87986
3.22332
2.66847
2.22631
3.88113
3.22374
2.66948
2.22697
3.87806
3.22841
2.67645
2.23791
3.09096
2.57195
2.13162
1.78263
3.0934
2.56821
2.12606
1.77396
3.09238
2.56789
2.12526
1.77345
3.09167
2.5679
2.12534
1.77373
3.09135
2.56788
2.12549
1.77403
3.09139
2.56796
2.12558
1.77412
3.09179
2.56817
2.1256
1.77393
3.09247
2.56846
2.12554
1.77348
3.09335
2.56878
2.12544
1.77292
3.09434
2.56905
2.12536
1.7725
3.09447
2.56912
2.12539
1.77248
3.09375
2.56899
2.12552
1.77286
3.09312
2.56884
2.12569
1.77343
3.09268
2.5687
2.12583
1.77391
3.09251
2.56866
2.1259
1.77415
3.0927
2.56873
2.12589
1.77409
3.09321
2.56887
2.12581
1.77379
3.09404
2.56895
2.12577
1.7735
3.09508
2.5693
2.12659
1.77404
3.09265
2.57305
2.13218
1.78276
2.46359
2.04901
1.69779
1.4201
2.46554
2.04603
1.69335
1.41321
2.46476
2.04579
1.69273
1.41281
2.46425
2.04584
1.69281
1.41304
2.4641
2.04589
1.69296
1.41328
2.46425
2.04604
1.69307
1.41336
2.46472
2.0463
1.69314
1.41323
2.46542
2.04664
1.69316
1.4129
2.46627
2.04699
1.69314
1.41247
2.4672
2.0473
1.69313
1.41216
2.46741
2.04743
1.69319
1.41215
2.46691
2.04739
1.69333
1.41248
2.46646
2.0473
1.6935
1.41294
2.46614
2.04723
1.69363
1.41335
2.46603
2.04721
1.69371
1.41356
2.46621
2.04729
1.69373
1.41354
2.46664
2.04743
1.69369
1.41332
2.46733
2.04752
1.69368
1.41311
2.4682
2.04782
1.69435
1.41355
2.46627
2.05084
1.69883
1.4205
1.96316
1.63225
1.35231
1.13153
1.96474
1.62988
1.34878
1.12605
1.96413
1.6297
1.34829
1.12574
1.96378
1.62977
1.34838
1.12592
1.96374
1.62987
1.34852
1.12612
1.96398
1.63006
1.34866
1.12619
1.96449
1.63037
1.34876
1.1261
1.96519
1.63073
1.34883
1.12587
1.96601
1.63111
1.34887
1.12555
1.96688
1.63145
1.34892
1.12532
1.96717
1.63163
1.34902
1.12534
1.96686
1.63166
1.34917
1.12562
1.96657
1.63164
1.34934
1.12601
1.96636
1.63162
1.34948
1.12635
1.96632
1.63165
1.34957
1.12655
1.9665
1.63175
1.34962
1.12656
1.96689
1.6319
1.34962
1.12641
1.96748
1.63201
1.34964
1.12626
1.96822
1.63228
1.3502
1.12663
1.9667
1.63471
1.35378
1.13217
1.56405
1.30011
1.07718
0.901758
1.56532
1.29822
1.07437
0.897413
1.56484
1.2981
1.07399
0.897163
1.5646
1.29818
1.07407
0.897312
1.56465
1.2983
1.07421
0.897473
1.56493
1.29852
1.07435
0.897544
1.56545
1.29884
1.07448
0.897493
1.56613
1.29922
1.07459
0.897329
1.56692
1.29961
1.07468
0.897107
1.56774
1.29997
1.07476
0.896948
1.56808
1.30019
1.07489
0.896981
1.56792
1.30028
1.07505
0.897221
1.56777
1.30033
1.07523
0.897553
1.56767
1.30037
1.07538
0.897854
1.5677
1.30043
1.0755
0.898045
1.5679
1.30056
1.07557
0.898081
1.56827
1.30073
1.07561
0.897988
1.56879
1.30086
1.07566
0.897894
1.56943
1.30112
1.07613
0.898204
1.56823
1.30308
1.07901
0.902622
1.24582
1.03543
0.858003
0.718712
1.24684
1.03393
0.855772
0.715264
1.24647
1.03384
0.855471
0.715068
1.24631
1.03392
0.855549
0.715189
1.2464
1.03405
0.855681
0.715322
1.2467
1.03428
0.855825
0.715391
1.24721
1.0346
0.855972
0.715372
1.24786
1.03498
0.856107
0.715269
1.2486
1.03537
0.856226
0.715119
1.24937
1.03574
0.856347
0.715018
1.24974
1.03599
0.856494
0.715066
1.24971
1.03613
0.856669
0.715277
1.24967
1.03623
0.856851
0.715563
1.24966
1.03631
0.857012
0.715828
1.24975
1.03642
0.857145
0.71601
1.24997
1.03658
0.857247
0.716068
1.25033
1.03677
0.857318
0.71602
1.25082
1.03692
0.85739
0.715967
1.25137
1.03716
0.857791
0.716231
1.25044
1.03875
0.860099
0.719757
0.992195
0.824513
0.683338
0.572765
0.993016
0.823321
0.681564
0.57003
0.992722
0.82325
0.681329
0.569878
0.992616
0.823333
0.681402
0.569978
0.992729
0.823468
0.681525
0.57009
0.993037
0.823694
0.68167
0.57016
0.993519
0.824007
0.681825
0.570168
0.99413
0.824377
0.681979
0.570115
0.994814
0.82476
0.682122
0.570024
0.995527
0.82512
0.682265
0.569968
0.995919
0.825389
0.682426
0.570028
0.995976
0.825563
0.682606
0.570215
0.996019
0.825698
0.682789
0.570462
0.996083
0.825821
0.682956
0.570696
0.996214
0.825961
0.6831
0.570868
0.996457
0.826139
0.683221
0.570942
0.996808
0.826343
0.683315
0.570928
0.997253
0.826512
0.683405
0.570906
0.997746
0.826743
0.68375
0.571131
0.997025
0.828031
0.685606
0.573947
0.790141
0.656433
0.54406
0.456273
0.790798
0.655484
0.54265
0.454105
0.790565
0.655431
0.542467
0.453988
0.790497
0.655509
0.542535
0.454071
0.790622
0.655642
0.542651
0.454169
0.790919
0.655861
0.542795
0.454243
0.791371
0.656162
0.542957
0.454276
0.791935
0.656516
0.543123
0.454263
0.792564
0.656884
0.543281
0.45422
0.793218
0.657234
0.543438
0.4542
0.793611
0.657508
0.543605
0.454267
0.793727
0.657699
0.543784
0.454433
0.793824
0.657855
0.543962
0.454646
0.793931
0.657998
0.544127
0.454851
0.79409
0.658155
0.544275
0.455011
0.794339
0.658344
0.544405
0.455093
0.794675
0.658553
0.544513
0.455102
0.795083
0.658731
0.544613
0.455102
0.79552
0.658949
0.544911
0.455293
0.794967
0.659998
0.546405
0.457542
0.629194
0.522451
0.432914
0.363182
0.629717
0.521694
0.431794
0.361464
0.629533
0.521655
0.431653
0.361375
0.629493
0.52173
0.431717
0.361447
0.629624
0.521858
0.431829
0.361537
0.629906
0.522069
0.431973
0.361617
0.630324
0.522356
0.432138
0.361671
0.630842
0.522691
0.432311
0.361691
0.631415
0.52304
0.432478
0.361685
0.632008
0.523373
0.432641
0.361692
0.632386
0.52364
0.432808
0.361764
0.632533
0.523835
0.432979
0.361909
0.632656
0.523995
0.433146
0.362091
0.632781
0.524143
0.433301
0.362269
0.632945
0.5243
0.433443
0.362414
0.633183
0.524486
0.433572
0.362497
0.633495
0.52469
0.433685
0.36252
0.633862
0.524866
0.433787
0.362532
0.634245
0.525069
0.434042
0.362694
0.633825
0.525926
0.435247
0.36449
0.500953
0.415591
0.344149
0.288718
0.501364
0.414985
0.343259
0.28736
0.50122
0.414958
0.343152
0.287294
0.501203
0.41503
0.343215
0.287359
0.501336
0.415155
0.343323
0.287445
0.501602
0.415358
0.343467
0.287531
0.501988
0.415629
0.343634
0.287603
0.502459
0.415945
0.343809
0.287649
0.502977
0.416272
0.343979
0.287671
0.503508
0.416582
0.344142
0.287698
0.503858
0.416833
0.344302
0.28777
0.504011
0.417017
0.344459
0.287896
0.504136
0.417168
0.344609
0.288049
0.504256
0.417305
0.344748
0.288201
0.504405
0.417449
0.344876
0.288328
0.504617
0.417619
0.344996
0.288406
0.504892
0.417807
0.345103
0.288435
0.505214
0.417972
0.3452
0.288453
0.505544
0.418155
0.345416
0.288587
0.50523
0.418856
0.346388
0.290019
0.398699
0.330309
0.273225
0.229137
0.399019
0.329824
0.272518
0.228067
0.398907
0.329808
0.27244
0.228021
0.398908
0.329877
0.272502
0.228083
0.39904
0.33
0.272609
0.228166
0.399291
0.330193
0.272751
0.228258
0.399645
0.33045
0.272917
0.228343
0.400072
0.330743
0.273092
0.228408
0.400535
0.331045
0.273259
0.228451
0.401002
0.331328
0.273416
0.22849
0.401315
0.331555
0.273563
0.228559
0.401457
0.331719
0.273702
0.228666
0.401564
0.331849
0.27383
0.228793
0.40166
0.331963
0.273947
0.228918
0.401778
0.332083
0.274055
0.229027
0.40195
0.332227
0.274158
0.229095
0.40218
0.332389
0.274252
0.229124
0.402452
0.332536
0.274339
0.229141
0.402731
0.332696
0.274518
0.22925
0.402497
0.333268
0.2753
0.230388
0.317105
0.262235
0.216577
0.181509
0.317351
0.261845
0.216018
0.180669
0.317265
0.261838
0.215963
0.180642
0.317279
0.261906
0.216026
0.180702
0.31741
0.262026
0.216131
0.180784
0.317646
0.262211
0.21627
0.180879
0.31797
0.26245
0.216433
0.180973
0.318353
0.262721
0.216603
0.181051
0.318761
0.262994
0.216763
0.181106
0.319165
0.263246
0.216908
0.181153
0.319434
0.263444
0.217039
0.181215
0.319551
0.263581
0.217155
0.181304
0.319628
0.263682
0.217258
0.181405
0.319687
0.263766
0.217349
0.181505
0.319762
0.263853
0.217432
0.181594
0.319886
0.263963
0.217514
0.18165
0.320065
0.264093
0.21759
0.181673
0.320285
0.264215
0.217661
0.181685
0.320514
0.264351
0.217807
0.18177
0.320342
0.264816
0.218433
0.182671
0.251985
0.207936
0.171414
0.143535
0.252171
0.207624
0.170973
0.142881
0.252105
0.207623
0.170937
0.142869
0.252128
0.207691
0.171001
0.142929
0.252257
0.207807
0.171104
0.143009
0.252478
0.207983
0.171238
0.143105
0.252773
0.208205
0.171395
0.143203
0.253114
0.208451
0.171555
0.143288
0.253469
0.208694
0.171704
0.14335
0.253811
0.208913
0.171835
0.143398
0.254031
0.209077
0.171946
0.143452
0.254116
0.209183
0.172037
0.143521
0.254154
0.20925
0.172112
0.143597
0.25417
0.209298
0.172175
0.143674
0.254195
0.209348
0.172231
0.143742
0.254266
0.20942
0.172287
0.143784
0.254392
0.209515
0.172343
0.143798
0.254561
0.209609
0.172395
0.143801
0.254741
0.209718
0.17251
0.143864
0.254613
0.210094
0.173008
0.144572
0.200051
0.164715
0.135531
0.113393
0.200191
0.164466
0.135184
0.112887
0.20014
0.16447
0.135164
0.112888
0.200169
0.164537
0.135228
0.112948
0.200295
0.164649
0.135326
0.113025
0.200502
0.164814
0.135455
0.113118
0.20077
0.165019
0.135602
0.113216
0.20107
0.16524
0.135751
0.113304
0.201374
0.165452
0.135886
0.113368
0.201656
0.165636
0.135999
0.113414
0.201828
0.165766
0.136087
0.113457
0.201877
0.165838
0.136152
0.113505
0.201874
0.165869
0.136198
0.113557
0.201842
0.165879
0.136231
0.11361
0.201817
0.165889
0.136259
0.113658
0.201833
0.165922
0.136289
0.113684
0.201906
0.16598
0.136321
0.113686
0.202026
0.166046
0.136354
0.11368
0.202163
0.166128
0.13644
0.113722
0.202065
0.166428
0.136832
0.114274
0.158706
0.130422
0.107154
0.0896072
0.158811
0.130224
0.106884
0.0892186
0.15877
0.130232
0.106876
0.0892301
0.158804
0.130296
0.106938
0.0892886
0.158926
0.130404
0.107031
0.0893607
0.159119
0.130558
0.107151
0.0894488
0.15936
0.130744
0.107288
0.0895442
0.159623
0.13094
0.107424
0.0896304
0.15988
0.131122
0.107542
0.0896937
0.160107
0.131271
0.107635
0.089734
0.160233
0.131367
0.1077
0.0897629
0.160245
0.131405
0.107738
0.0897904
0.160201
0.131401
0.107755
0.0898186
0.160124
0.131373
0.107759
0.0898479
0.160049
0.131345
0.107758
0.0898754
0.160015
0.131339
0.107761
0.0898852
0.160039
0.131362
0.10777
0.0898743
0.160113
0.131399
0.107784
0.0898561
0.160211
0.131457
0.107843
0.0898797
0.160133
0.131691
0.108148
0.0903071
0.125867
0.103313
0.0848316
0.0709552
0.125945
0.103157
0.0846224
0.0706583
0.125913
0.103166
0.0846214
0.0706773
0.125947
0.103226
0.0846803
0.0707328
0.126063
0.103327
0.0847666
0.0707987
0.126242
0.103469
0.084877
0.0708803
0.126458
0.103636
0.085001
0.0709705
0.126685
0.103807
0.0851219
0.071053
0.126899
0.10396
0.0852234
0.0711121
0.127077
0.104077
0.0852961
0.0711442
0.127161
0.10414
0.0853372
0.071158
0.127139
0.104146
0.0853487
0.071164
0.127059
0.104108
0.0853372
0.071168
0.126941
0.104045
0.0853123
0.0711739
0.126823
0.103982
0.0852844
0.0711808
0.126745
0.103941
0.0852624
0.0711739
0.126727
0.103932
0.0852492
0.0711496
0.126763
0.103944
0.0852442
0.0711196
0.126827
0.103981
0.0852814
0.0711264
0.12676
0.10416
0.0855151
0.0714546
0.0998512
0.0819535
0.0673486
0.0564092
0.0999099
0.0818306
0.0671872
0.0561831
0.0998808
0.0818393
0.0671906
0.0562066
0.0999131
0.0818929
0.0672438
0.0562573
0.10002
0.081984
0.0673212
0.0563158
0.10018
0.0821109
0.06742
0.0563897
0.100371
0.0822584
0.0675302
0.0564733
0.100565
0.0824052
0.0676352
0.0565499
0.100739
0.0825302
0.0677189
0.0566024
0.100874
0.0826174
0.0677713
0.0566244
0.100922
0.0826509
0.0677892
0.0566222
0.100873
0.0826276
0.0677752
0.0566065
0.100763
0.0825605
0.0677373
0.0565866
0.100614
0.0824683
0.0676863
0.0565694
0.100463
0.0823754
0.0676337
0.0565558
0.100351
0.0823062
0.0675894
0.0565326
0.1003
0.0822717
0.067557
0.0564953
0.100306
0.0822633
0.0675365
0.0564541
0.100345
0.0822818
0.0675549
0.0564462
0.100285
0.0824169
0.0677308
0.0566962
0.0793048
0.0651705
0.0536951
0.0451037
0.0793484
0.0650738
0.0535708
0.0449315
0.0793187
0.065079
0.0535754
0.044957
0.0793437
0.0651229
0.0536208
0.0450015
0.0794359
0.0652009
0.0536871
0.0450516
0.0795759
0.0653104
0.0537725
0.0451168
0.0797391
0.0654365
0.0538673
0.0451923
0.0799007
0.0655587
0.0539557
0.0452611
0.080039
0.0656572
0.0540212
0.0453052
0.080137
0.0657171
0.0540536
0.0453158
0.0801555
0.0657246
0.0540498
0.045297
0.0800852
0.0656772
0.0540128
0.0452603
0.0799549
0.065587
0.0539515
0.0452175
0.0797858
0.0654722
0.0538779
0.0451782
0.0796141
0.0653578
0.0538048
0.0451451
0.0794809
0.0652684
0.0537423
0.0451064
0.0794098
0.0652158
0.0536947
0.0450572
0.0793971
0.0651937
0.0536622
0.0450061
0.0794183
0.0651997
0.0536659
0.0449857
0.0793639
0.0652993
0.0537961
0.0451744
0.063158
0.0520232
0.0430469
0.0363209
0.0631886
0.0519459
0.0429505
0.0361894
0.063154
0.0519449
0.0429536
0.0362148
0.0631669
0.0519763
0.0429894
0.0362523
0.0632402
0.0520378
0.0430428
0.0362932
0.0633553
0.0521271
0.043113
0.0363487
0.0634893
0.0522301
0.0431913
0.0364146
0.0636192
0.0523277
0.0432621
0.0364741
0.0637253
0.0524013
0.0433095
0.036508
0.0637924
0.052437
0.0433231
0.0365062
0.0637884
0.0524228
0.0432997
0.0364712
0.0637047
0.0523568
0.0432428
0.0364148
0.0635641
0.05225
0.043162
0.0363509
0.0633863
0.0521206
0.0430704
0.0362915
0.0632069
0.0519933
0.0429816
0.0362405
0.0630659
0.0518926
0.0429058
0.0361881
0.0629869
0.0518305
0.0428475
0.0361286
0.0629661
0.0518015
0.0428071
0.0360693
0.0629787
0.0518004
0.0428003
0.0360387
0.0629308
0.0518735
0.042895
0.0361796
0.050568
0.0417691
0.0347466
0.0294792
0.0505863
0.0417049
0.0346705
0.0293781
0.0505437
0.041696
0.0346704
0.0294021
0.0505415
0.0417132
0.0346956
0.0294321
0.0505933
0.0417565
0.0347351
0.0294634
0.0506822
0.0418243
0.0347893
0.0295084
0.0507872
0.041904
0.0348503
0.0295635
0.0508878
0.041978
0.0349037
0.0296121
0.0509662
0.0420292
0.0349338
0.0296347
0.0510091
0.0420444
0.0349302
0.0296202
0.0509894
0.0420131
0.0348898
0.0295699
0.0508992
0.0419338
0.0348166
0.0294958
0.0507566
0.0418167
0.0347206
0.0294137
0.0505799
0.0416796
0.0346156
0.0293368
0.0504034
0.0415472
0.0345158
0.0292704
0.0502655
0.0414429
0.0344315
0.0292065
0.0501888
0.0413784
0.0343669
0.0291388
0.0501689
0.0413485
0.0343222
0.0290731
0.0501804
0.0413451
0.0343084
0.0290345
0.0501413
0.0414
0.0343769
0.0291388
0.0408447
0.0338126
0.0282732
0.0241174
0.0408513
0.0337564
0.0282111
0.0240385
0.0408001
0.0337395
0.0282071
0.0240604
0.0407832
0.0337433
0.0282223
0.0240831
0.0408151
0.0337694
0.0282483
0.0241046
0.0408805
0.0338171
0.028287
0.0241387
0.0409607
0.0338757
0.0283317
0.0241823
0.0410376
0.0339294
0.0283688
0.0242191
0.0410953
0.0339622
0.0283834
0.02423
0.0411215
0.0339617
0.0283653
0.0242031
0.0410927
0.033918
0.028311
0.0241391
0.0410012
0.03383
0.028225
0.0240502
0.0408619
0.0337073
0.0281177
0.023953
0.0406922
0.0335677
0.0280034
0.0238618
0.040525
0.0334353
0.0278966
0.0237829
0.0403965
0.0333325
0.0278075
0.0237099
0.040328
0.0332701
0.0277399
0.0236362
0.0403143
0.0332429
0.0276934
0.0235662
0.0403294
0.0332402
0.0276756
0.0235219
0.0403011
0.0332842
0.0277257
0.0235985
0.0333734
0.0276458
0.023201
0.01987
0.0333698
0.0275941
0.023148
0.0198074
0.0333124
0.0275711
0.0231407
0.0198268
0.0332854
0.0275649
0.0231477
0.0198426
0.0333036
0.027578
0.0231625
0.0198549
0.0333529
0.0276103
0.0231881
0.0198784
0.0334165
0.0276529
0.0232189
0.0199107
0.0334788
0.0276918
0.0232425
0.0199358
0.0335251
0.0277122
0.0232448
0.0199354
0.0335434
0.0277016
0.0232154
0.0198974
0.0335116
0.0276502
0.0231507
0.0198219
0.0334221
0.027557
0.0230553
0.0197212
0.0332884
0.0274319
0.0229401
0.0196126
0.0331275
0.0272924
0.0228196
0.0195106
0.032971
0.0271622
0.0227085
0.0194222
0.0328532
0.0270626
0.0226169
0.0193426
0.0327936
0.0270037
0.0225482
0.0192652
0.0327869
0.02698
0.0225015
0.0191929
0.032807
0.0269793
0.0224812
0.0191447
0.0327903
0.0270176
0.0225194
0.0192009
0.0275673
0.0228061
0.0191647
0.0164426
0.0275559
0.0227571
0.0191178
0.0163917
0.0274972
0.0227313
0.0191087
0.0164086
0.0274673
0.0227202
0.0191102
0.0164182
0.027481
0.0227265
0.0191172
0.0164224
0.0275243
0.0227502
0.0191332
0.0164365
0.0275822
0.0227839
0.019154
0.0164585
0.0276407
0.022815
0.0191681
0.0164732
0.0276858
0.0228296
0.0191619
0.0164629
0.027705
0.0228148
0.019125
0.0164157
0.0276758
0.0227603
0.0190537
0.0163315
0.0275905
0.0226651
0.0189522
0.0162226
0.0274627
0.0225394
0.018832
0.0161062
0.0273096
0.022401
0.0187077
0.0159968
0.0271621
0.0222732
0.0185942
0.015902
0.0270523
0.0221764
0.0185014
0.0158182
0.0269989
0.02212
0.0184325
0.0157394
0.0269965
0.0220986
0.018386
0.0156668
0.0270204
0.0220995
0.0183643
0.0156167
0.0270146
0.0221356
0.0183951
0.015658
0.022874
0.0188713
0.0158472
0.013594
0.022858
0.0188251
0.015805
0.0135522
0.0228033
0.0187999
0.0157956
0.0135665
0.0227781
0.0187892
0.0157945
0.0135709
0.0227961
0.0187947
0.015797
0.0135682
0.0228429
0.0188164
0.0158074
0.0135745
0.0229046
0.0188479
0.0158222
0.013588
0.0229686
0.0188777
0.0158307
0.013594
0.0230212
0.0188925
0.01582
0.0135758
0.0230485
0.0188787
0.0157794
0.0135218
0.0230265
0.0188252
0.0157049
0.0134322
0.0229473
0.0187309
0.0156009
0.0133189
0.0228255
0.0186065
0.0154787
0.0131986
0.0226792
0.0184702
0.0153532
0.0130855
0.0225385
0.0183447
0.0152389
0.0129875
0.0224337
0.0182497
0.0151462
0.0129024
0.0223824
0.0181942
0.0150778
0.0128245
0.0223807
0.0181734
0.0150319
0.0127539
0.0224058
0.0181751
0.0150095
0.0127035
0.0224094
0.0182104
0.0150358
0.012734
0.0188343
0.0154934
0.012992
0.0111347
0.0188169
0.0154511
0.0129545
0.0111004
0.0187701
0.0154291
0.0129458
0.0111121
0.0187543
0.0154221
0.0129439
0.0111118
0.0187816
0.0154306
0.0129445
0.0111036
0.0188372
0.0154544
0.0129519
0.0111037
0.0189079
0.0154878
0.0129637
0.0111105
0.0189823
0.0155203
0.0129696
0.0111099
0.0190467
0.0155388
0.0129573
0.0110859
0.0190856
0.0155294
0.0129162
0.0110279
0.0190739
0.0154801
0.012842
0.0109364
0.0190031
0.0153897
0.0127389
0.0108227
0.0188888
0.0152695
0.0126183
0.0107027
0.0187501
0.0151373
0.0124946
0.0105899
0.018616
0.0150154
0.0123823
0.0104923
0.0185152
0.0149228
0.0122916
0.010409
0.0184642
0.0148682
0.0122253
0.010335
0.0184608
0.0148472
0.0121808
0.0102688
0.018485
0.0148491
0.0121586
0.0102202
0.0184959
0.0148836
0.0121816
0.010242
0.0151549
0.012443
0.0104255
0.00893308
0.0151381
0.0124059
0.0103931
0.00890581
0.0151004
0.0123878
0.0103855
0.00891454
0.0150946
0.012385
0.0103835
0.00891003
0.0151313
0.0123972
0.0103829
0.00889725
0.015195
0.0124236
0.0103885
0.00889245
0.0152739
0.0124594
0.0103985
0.00889408
0.0153577
0.012495
0.0104033
0.00888876
0.0154329
0.0125178
0.010391
0.00886139
0.0154827
0.0125138
0.0103516
0.00880225
0.0154819
0.0124708
0.0102806
0.0087122
0.0154218
0.0123875
0.010182
0.00860228
0.0153178
0.0122747
0.0100667
0.00848691
0.0151894
0.0121501
0.00994863
0.00837871
0.0150645
0.0120349
0.00984184
0.00828583
0.0149696
0.0119472
0.00975622
0.00820785
0.01492
0.0118951
0.00969431
0.00814075
0.014915
0.011875
0.00965301
0.0080815
0.0149377
0.0118777
0.00963243
0.00803657
0.0149539
0.0119105
0.00965245
0.00805119
0.0117454
0.00962931
0.00806603
0.00691948
0.0117296
0.00959804
0.00803936
0.00689917
0.0116998
0.00958296
0.00803244
0.00690484
0.0117011
0.00958293
0.00802984
0.00689638
0.0117428
0.00959676
0.00802783
0.0068798
0.0118096
0.00962372
0.00803159
0.00687134
0.0118913
0.00965971
0.00803976
0.0068694
0.0119788
0.00969615
0.00804366
0.00686133
0.0120592
0.00972131
0.0080321
0.006833
0.0121156
0.00972173
0.00799561
0.00677564
0.0121239
0.00968557
0.00792997
0.00669053
0.0120753
0.00961131
0.00783882
0.00658807
0.0119837
0.00950918
0.00773237
0.00648134
0.0118687
0.00939558
0.00762368
0.00638192
0.0117562
0.00929049
0.00752598
0.00629771
0.0116704
0.00921102
0.00744869
0.00622854
0.011625
0.0091644
0.00739387
0.00617096
0.0116201
0.00914733
0.00735783
0.00612066
0.0116414
0.00915172
0.00734026
0.00608123
0.0116614
0.00918207
0.00735722
0.00608947
0.00869464
0.00708236
0.00591075
0.00507749
0.00867817
0.00705597
0.00588963
0.00506434
0.00865335
0.0070425
0.00588305
0.00506746
0.00865754
0.00704281
0.00587926
0.00505591
0.0086985
0.00705545
0.00587528
0.00503673
0.00876225
0.00708008
0.00587683
0.00502625
0.00884005
0.0071133
0.00588304
0.00502282
0.00892407
0.00714764
0.00588604
0.00501448
0.00900244
0.00717236
0.00587552
0.00498806
0.00905859
0.00717504
0.00584275
0.00493554
0.00907128
0.00714488
0.00578385
0.0048584
0.0090321
0.00708017
0.00570208
0.00476631
0.00895232
0.00698984
0.0056067
0.00467109
0.00885061
0.00688895
0.00550975
0.00458341
0.008751
0.00679601
0.00542355
0.00451072
0.00867539
0.00672694
0.00535681
0.00445264
0.00863593
0.00668797
0.00531098
0.00440597
0.00863248
0.0066757
0.00528173
0.0043654
0.00865221
0.00668261
0.0052682
0.00433234
0.00867477
0.00671021
0.00528222
0.00433487
0.0062009
0.0049113
0.00400791
0.00342443
0.00618025
0.00488716
0.00399106
0.00341874
0.00615757
0.0048739
0.00398473
0.00342099
0.00616067
0.00487258
0.00397969
0.0034083
0.00619634
0.00488204
0.00397386
0.00338877
0.00625259
0.00490265
0.00397359
0.00337889
0.00632186
0.00493151
0.00397838
0.00337695
0.00639681
0.00496191
0.00398112
0.00337167
0.00646624
0.00498408
0.0039723
0.00335057
0.00651465
0.00498686
0.00394398
0.00330608
0.00652448
0.00496076
0.00389257
0.00323943
0.00648828
0.00490395
0.00382078
0.00315943
0.00641468
0.00482395
0.00373688
0.00307693
0.00632121
0.00473454
0.00365201
0.00300197
0.00623022
0.00465296
0.00357765
0.00294153
0.00616173
0.00459393
0.00352182
0.00289483
0.00612618
0.00456269
0.00348533
0.0028585
0.00612254
0.00455535
0.00346322
0.00282671
0.00613855
0.00456438
0.00345398
0.00279954
0.00616268
0.00458987
0.00346602
0.00279689
0.00449618
0.00327607
0.00243674
0.00199146
0.00446728
0.00324969
0.00242081
0.00199338
0.00444474
0.00323552
0.00241468
0.0019976
0.00444344
0.00323116
0.00240882
0.00198721
0.00447008
0.00323644
0.00240195
0.00197093
0.00451613
0.0032528
0.00240109
0.00196537
0.00457416
0.00327736
0.00240592
0.00196887
0.00463593
0.00330349
0.00240985
0.00197064
0.00469001
0.00332199
0.00240408
0.00195871
0.00472236
0.00332293
0.00238132
0.00192554
0.00471946
0.00329827
0.00233801
0.00187163
0.00467596
0.00324632
0.00227613
0.00180468
0.00459906
0.00317363
0.002203
0.00173476
0.00450534
0.00309308
0.00212917
0.00167161
0.00441576
0.00302079
0.00206567
0.00162192
0.00434833
0.00297002
0.00201992
0.00158468
0.00431136
0.00294468
0.00199208
0.0015562
0.00430241
0.0029403
0.00197677
0.00153057
0.00431014
0.00294928
0.00197176
0.0015074
0.00433409
0.00297417
0.00198487
0.00149999
0.00371792
0.00236891
0.00133386
0.000817476
0.00367995
0.00233641
0.00131141
0.000826811
0.00365662
0.00232079
0.0013041
0.000836981
0.00364735
0.00231184
0.00129691
0.000834561
0.00365991
0.00231122
0.00128928
0.00082747
0.00369114
0.00232183
0.00128835
0.000831613
0.00373316
0.00234056
0.00129381
0.000845159
0.00377587
0.00236039
0.00129967
0.000858132
0.00380715
0.00237259
0.00129829
0.000859552
0.00381477
0.00236895
0.00128348
0.000842174
0.00378939
0.0023434
0.00125177
0.000805494
0.00372916
0.0022953
0.00120413
0.000755321
0.00364204
0.00223111
0.00114687
0.000700274
0.00354418
0.00216296
0.00108993
0.000649093
0.00345454
0.0021046
0.00104344
0.000607946
0.00338731
0.00206548
0.0010133
0.000576426
0.00334673
0.00204642
0.000998155
0.000551297
0.00332859
0.00204269
0.000992926
0.000527843
0.00332417
0.00204788
0.000994463
0.000505591
0.00334452
0.00207249
0.00101674
0.000494608
0.00365181
0.00218543
0.000965118
0.000243655
0.00360799
0.00214979
0.000933401
0.00024212
0.00358219
0.00213337
0.000922512
0.000247873
0.00356199
0.00211909
0.000911803
0.000263077
0.00355646
0.00211055
0.000902043
0.000280312
0.00356757
0.00211155
0.00089692
0.000292374
0.00358781
0.0021195
0.000896146
0.000298568
0.00360589
0.00212773
0.00089692
0.000303443
0.00360952
0.00212899
0.000896503
0.000311026
0.00358843
0.00211754
0.000893046
0.000322505
0.00353707
0.00209033
0.000885259
0.000337406
0.00345758
0.00204881
0.000873581
0.000354374
0.00336076
0.00200018
0.000861723
0.000371074
0.00326329
0.00195507
0.000854893
0.000383681
0.00318132
0.00192236
0.000856071
0.000389313
0.00312291
0.00190431
0.0008639
0.000390607
0.0030861
0.00189691
0.000874353
0.000390927
0.00306418
0.0018956
0.000885901
0.000395066
0.00305181
0.00189662
0.000896037
0.000401503
0.00306645
0.00191821
0.000924269
0.000412529
0.0038171
0.00229056
0.00113397
0.000774054
0.00376835
0.00225568
0.00110625
0.000759571
0.00373611
0.00223787
0.00109386
0.00074392
0.00370245
0.00221831
0.00108042
0.000738863
0.00367718
0.00220168
0.00106811
0.000738236
0.00366515
0.00219185
0.00105658
0.000726386
0.00366007
0.0021871
0.00104557
0.000701968
0.00365061
0.00218183
0.00103581
0.000674497
0.00362497
0.00217044
0.00102959
0.000656782
0.00357468
0.00214954
0.00102948
0.000657905
0.00349712
0.00211877
0.00103665
0.000678663
0.0033982
0.00208187
0.00105063
0.00071173
0.0032927
0.002047
0.00107091
0.000746687
0.00319913
0.00202334
0.00109668
0.000774386
0.003131
0.0020151
0.00112537
0.000790793
0.00308978
0.00201835
0.00115263
0.000800318
0.00306654
0.00202502
0.0011749
0.000808108
0.00305112
0.00203026
0.00119315
0.000819487
0.00303998
0.00203193
0.00120585
0.000832747
0.00305134
0.00205112
0.00123094
0.000849366
0.003862
0.00229695
0.00124398
0.00106651
0.00380664
0.00226289
0.00122123
0.00105041
0.00376261
0.00224151
0.00120815
0.00102792
0.00371148
0.00221555
0.00119241
0.00101159
0.00366362
0.00219023
0.00117715
0.000998572
0.00362458
0.00216895
0.00116063
0.000974586
0.00358947
0.00215075
0.00114267
0.000937716
0.00354784
0.00213113
0.00112547
0.000897221
0.00348904
0.00210588
0.00111328
0.00086629
0.00340648
0.00207342
0.00111069
0.000855028
0.00330021
0.00203574
0.00112035
0.000865633
0.00317979
0.00199881
0.00114168
0.000891331
0.00306503
0.00197232
0.00117238
0.000920855
0.00297737
0.0019649
0.00120938
0.000944132
0.00292815
0.0019774
0.00124831
0.000957194
0.0029117
0.00200081
0.00128377
0.000965011
0.00291113
0.00202324
0.00131191
0.000972599
0.00291149
0.00203853
0.00133378
0.000984479
0.0029094
0.00204491
0.00134806
0.000998681
0.00292121
0.00206426
0.00137218
0.00101753
0.0036606
0.00209833
0.00113848
0.00102817
0.00359645
0.00206308
0.00111849
0.00101352
0.00353419
0.00203421
0.00110476
0.000989276
0.00345888
0.00199835
0.00108724
0.000966625
0.0033819
0.00196091
0.00106913
0.000944987
0.00330792
0.00192444
0.00104849
0.000912998
0.00323319
0.00188857
0.00102536
0.00086891
0.00314905
0.00184989
0.0010025
0.000821442
0.00304701
0.00180555
0.000984735
0.000783307
0.00292312
0.00175582
0.000977482
0.000764471
0.00278056
0.0017052
0.000984387
0.00076737
0.00263345
0.00166257
0.00100526
0.000785313
0.0025082
0.00164027
0.00103756
0.000806889
0.00243097
0.00164742
0.00107791
0.000822414
0.00241088
0.00168163
0.0011214
0.000828955
0.00243241
0.00172811
0.00116174
0.000832356
0.00246749
0.0017701
0.00119403
0.000837315
0.00249465
0.0017992
0.00121851
0.000847397
0.00250956
0.0018136
0.00123391
0.000860468
0.00252554
0.00183508
0.00125789
0.000880025
0.00331169
0.00181099
0.000912863
0.000659126
0.00323729
0.00177055
0.000890435
0.000648572
0.00315023
0.00172753
0.000873665
0.000628938
0.00304108
0.00167353
0.00085248
0.000606709
0.00292245
0.00161409
0.000829341
0.000581769
0.0027976
0.00155094
0.000802821
0.00054685
0.00266384
0.00148408
0.000773221
0.00050198
0.00251514
0.0014111
0.000742626
0.00045602
0.00234625
0.00133057
0.000714812
0.0004211
0.00215684
0.0012449
0.000694652
0.000405448
0.00195464
0.00116198
0.000686433
0.000408426
0.00176096
0.00109603
0.000691522
0.000420788
0.00161514
0.00106635
0.000709992
0.00043185
0.00155644
0.00108595
0.000741252
0.000435352
0.00159125
0.00114725
0.000781045
0.000431439
0.0016825
0.00122486
0.000821548
0.000427124
0.00178053
0.00129388
0.000855384
0.000426301
0.00185463
0.00134268
0.000880942
0.000431271
0.00189968
0.00136971
0.000896515
0.0004397
0.0019267
0.0013956
0.000919944
0.000456917
0.00315227
0.00176463
0.000917763
8.74027e-05
0.00307185
0.00171775
0.000888588
8.21928e-05
0.00296296
0.00165919
0.000865098
8.93914e-05
0.00281821
0.0015817
0.000836133
9.33522e-05
0.00264865
0.00149106
0.000804951
0.000103526
0.00245805
0.00138944
0.000772069
0.000128699
0.00224582
0.00127686
0.000736903
0.000171282
0.0020084
0.00115085
0.000698216
0.000224503
0.00174277
0.0010097
0.000655238
0.000277367
0.00145004
0.000855106
0.000608272
0.00031932
0.00113834
0.000693851
0.000558278
0.000343043
0.000832796
0.000543005
0.000507001
0.000346918
0.000608551
0.000444738
0.000461501
0.000337693
0.000601598
0.000454244
0.0004346
0.000327645
0.000794269
0.000555705
0.00043294
0.000325064
0.00103244
0.000681827
0.000449943
0.000328097
0.0012348
0.000789959
0.000472142
0.000329658
0.0013786
0.000866817
0.000491874
0.000325639
0.00146661
0.000912888
0.000503523
0.000316502
0.0015159
0.000946826
0.000521879
0.000299018
0.00349135
0.00218787
0.00137543
0.000772702
0.00341729
0.00214056
0.00134414
0.000764461
0.0033077
0.00207926
0.0013159
0.000761735
0.00315025
0.00199138
0.00128041
0.000766343
0.00295085
0.00188443
0.00124485
0.000785785
0.00272001
0.00176421
0.00121119
0.000820078
0.00246499
0.00163276
0.00117685
0.000864534
0.00218877
0.00148982
0.00113815
0.000912554
0.00189611
0.0013366
0.00109236
0.000956586
0.00159971
0.00117839
0.00103831
0.00098949
0.00132323
0.00102362
0.000975475
0.00100653
0.00110802
0.00088439
0.0009046
0.00100873
0.00100915
0.00078035
0.000831435
0.00100455
0.00105583
0.000734607
0.000767032
0.00100498
0.0012084
0.000751586
0.000720059
0.00101466
0.00139717
0.000809186
0.000692243
0.00102861
0.00157088
0.000877241
0.000678873
0.00103895
0.0017051
0.000935947
0.000674405
0.00104199
0.0017925
0.000976732
0.00067175
0.00103921
0.00185137
0.0010079
0.0006707
0.00102426
0.00415568
0.00283342
0.00197535
0.00149725
0.00409476
0.00278795
0.0019418
0.00147712
0.00399872
0.00272973
0.00190839
0.00145943
0.00384712
0.00263917
0.00186572
0.00145283
0.00364138
0.00252661
0.00182519
0.00146809
0.00340225
0.00240194
0.00178896
0.00150059
0.00314742
0.00226934
0.00175232
0.00154106
0.00288662
0.00213028
0.00171043
0.00158217
0.0026305
0.00198757
0.00166064
0.00161809
0.00239732
0.001848
0.00160287
0.00164417
0.0022083
0.00171926
0.00153792
0.0016575
0.00208549
0.00160816
0.00146737
0.00165963
0.00204044
0.00152199
0.00139634
0.00165797
0.002068
0.00146802
0.00133351
0.00166156
0.00214942
0.00144732
0.00128527
0.00167415
0.00225838
0.00145343
0.00125287
0.00169177
0.00236979
0.00147546
0.00123359
0.00170629
0.00246429
0.00150209
0.00122411
0.00171393
0.00252995
0.00152376
0.0012185
0.00171601
0.00258601
0.00154719
0.00121436
0.00170579
0.00472795
0.00336324
0.00244473
0.00200009
0.00468017
0.0033195
0.00240839
0.00196887
0.00459851
0.00326419
0.00237046
0.00194061
0.00445601
0.0031729
0.00232252
0.00192799
0.0042515
0.00305841
0.0022789
0.00194353
0.00401378
0.00293326
0.00224131
0.00197829
0.00376733
0.00280257
0.00220316
0.00201865
0.00352381
0.00266785
0.00215877
0.00205624
0.00329279
0.00253135
0.0021056
0.00208665
0.00308974
0.00239924
0.00204457
0.00210752
0.00292861
0.00227819
0.00197778
0.00211784
0.00282323
0.00217318
0.00190743
0.00211922
0.00277888
0.0020888
0.00183794
0.00211743
0.00278815
0.00202981
0.00177668
0.00211951
0.00283752
0.00199715
0.00172923
0.00212914
0.00290946
0.00198671
0.00169657
0.00214489
0.00298771
0.0019919
0.00167637
0.00215925
0.00305731
0.00200463
0.001666
0.00216823
0.00310765
0.00201629
0.00165969
0.00217264
0.00315999
0.00203731
0.00165715
0.00216628
0.00493683
0.00358177
0.00263912
0.00217452
0.00490051
0.00354021
0.00260102
0.0021363
0.00483057
0.0034879
0.00256141
0.00210479
0.00469748
0.00339926
0.00251316
0.00209381
0.00449964
0.0032882
0.00247124
0.00211499
0.00426979
0.00316811
0.00243638
0.00215599
0.00403491
0.00304398
0.00240077
0.00220006
0.00380566
0.00291644
0.00235804
0.00223795
0.00358822
0.00278612
0.00230542
0.00226617
0.00339424
0.00265771
0.00224408
0.00228426
0.003233
0.00253709
0.00217685
0.00229283
0.00311685
0.00242913
0.00210625
0.00229339
0.00305352
0.0023388
0.00203637
0.0022898
0.00303829
0.00227152
0.00197406
0.00228711
0.00306082
0.00222913
0.00192496
0.00228932
0.00310584
0.00220811
0.0018903
0.00229821
0.00315974
0.00220289
0.00186807
0.002308
0.00320979
0.00220649
0.00185592
0.00231473
0.0032476
0.0022112
0.0018482
0.00231846
0.00329399
0.00223011
0.00184705
0.00231413
0.00472185
0.00344382
0.00252321
0.00198658
0.00469418
0.00340522
0.0024853
0.00194635
0.00463204
0.00335652
0.0024478
0.00191863
0.00450802
0.00327479
0.00240498
0.00191519
0.0043221
0.00317324
0.00236988
0.00194425
0.00410623
0.00306419
0.00234198
0.00199167
0.00388547
0.00295154
0.00231305
0.00203979
0.00366752
0.00283442
0.00227646
0.00207917
0.00345412
0.00271124
0.00222892
0.00210689
0.00325246
0.00258449
0.00217113
0.00212361
0.00306844
0.00245892
0.0021058
0.00213098
0.00291539
0.00233986
0.00203562
0.00213029
0.00280723
0.00223408
0.0019647
0.00212367
0.00274595
0.0021495
0.00189992
0.00211452
0.00272622
0.0020902
0.00184741
0.00210713
0.00273432
0.0020536
0.00180904
0.0021063
0.00275719
0.00203472
0.00178336
0.00210863
0.00278321
0.00202714
0.00176828
0.00211054
0.00280565
0.00202395
0.00175858
0.00211155
0.00284052
0.00203716
0.00175796
0.00210869
0.00421101
0.00304186
0.00215956
0.00145567
0.00418739
0.0030072
0.00212393
0.001415
0.00412926
0.00296314
0.00209202
0.00139355
0.00401503
0.00289298
0.00205921
0.00139799
0.00384785
0.00280754
0.00203468
0.00143177
0.00365405
0.0027162
0.00201669
0.00148058
0.00345261
0.00262082
0.00199741
0.00152814
0.00324671
0.00251862
0.00197037
0.00156587
0.00303294
0.00240574
0.00193195
0.00159134
0.00281246
0.00228192
0.001882
0.00160564
0.00258684
0.00215012
0.0018226
0.00161074
0.00236823
0.00201544
0.00175634
0.00160769
0.00217613
0.00188622
0.00168739
0.00159753
0.00202364
0.00177334
0.00162258
0.00158249
0.00191698
0.00168453
0.00156824
0.00156684
0.00184962
0.00162015
0.00152689
0.00155735
0.00181167
0.00157742
0.0014981
0.00155277
0.001793
0.00155131
0.00148032
0.00155004
0.00178707
0.00153581
0.00146918
0.0015487
0.00179888
0.00153672
0.00146924
0.00155024
0.00368136
0.00253017
0.00163273
0.00074261
0.00365593
0.00250118
0.00160263
0.000702303
0.00360494
0.00246688
0.00158098
0.000683721
0.00351238
0.00241693
0.00156288
0.000690555
0.00338474
0.00235874
0.00155283
0.000721679
0.00323876
0.00229742
0.00154824
0.000763802
0.00308494
0.00223245
0.00154236
0.000803598
0.00292227
0.00215959
0.00152938
0.00083444
0.00274411
0.00207369
0.00150584
0.000854832
0.0025464
0.00197234
0.00147106
0.000866061
0.00232686
0.00185652
0.00142646
0.000870102
0.00209154
0.00172976
0.00137422
0.000867928
0.00185468
0.00159922
0.00131787
0.000860121
0.00163104
0.00147542
0.00126299
0.000847913
0.00143347
0.00136754
0.00121489
0.000834593
0.00126727
0.0012797
0.00117646
0.000826939
0.00113508
0.00121356
0.00114869
0.000824377
0.00103843
0.00116759
0.00113075
0.000823576
0.000977037
0.00113756
0.00111783
0.000824213
0.000950085
0.0011234
0.0011159
0.000831167
0.00317486
0.00186466
0.00086738
0.000539027
0.00314765
0.00184092
0.000844221
0.000549924
0.00312025
0.00182319
0.000833868
0.000550965
0.00307614
0.0018026
0.000831854
0.000562509
0.00302154
0.00178255
0.000838689
0.000582858
0.00296278
0.00176381
0.00085114
0.000609133
0.00290264
0.00174463
0.00086406
0.000638008
0.0028383
0.0017208
0.000872514
0.000667171
0.00276438
0.00168772
0.000873262
0.000695595
0.00267693
0.00164252
0.000865198
0.00072312
0.00257503
0.00158505
0.000848984
0.000749926
0.00246225
0.00151715
0.000825838
0.000775969
0.00234646
0.00144305
0.000797599
0.00080089
0.00223712
0.00136929
0.000767306
0.000824148
0.00214147
0.00130197
0.000738258
0.000845341
0.00206292
0.00124492
0.000713261
0.000865245
0.00200241
0.00120031
0.000694246
0.000882996
0.00195927
0.00116757
0.000680365
0.000897459
0.00193234
0.00114575
0.000667209
0.000908268
0.00193759
0.00114515
0.000662539
0.000897042
0.00191155
0.00112802
0.00088957
0.00105288
0.00190255
0.00112518
0.000890132
0.00106059
0.00191144
0.00112064
0.000874795
0.00105525
0.00192458
0.00110604
0.000838086
0.00104067
0.00194553
0.0010873
0.000786569
0.00102287
0.00197423
0.00107001
0.000729153
0.00100887
0.0020082
0.00105713
0.000672638
0.00100267
0.002044
0.00104908
0.000620915
0.00100527
0.00207818
0.00104466
0.000575399
0.0010156
0.00210784
0.00104199
0.000535786
0.00103161
0.00213141
0.00103951
0.000501256
0.00105112
0.00214858
0.00103665
0.000471738
0.00107246
0.00216044
0.0010338
0.000447813
0.00109431
0.00216904
0.00103174
0.000429982
0.00111553
0.00217599
0.00103083
0.000417656
0.00113527
0.00218211
0.00103044
0.000408486
0.00115306
0.00218731
0.00102985
0.000401418
0.00116892
0.00219094
0.00102848
0.000396865
0.00118323
0.00219385
0.00102792
0.000394884
0.00119431
0.00221865
0.00104373
0.000393388
0.00117898
)
;

boundaryField
{
    inlet
    {
        type            calculated;
        value           nonuniform List<scalar> 
80
(
5207.83
5203.62
5201.68
5200.65
5200.08
5199.77
5199.63
5199.64
5199.75
5199.94
5199.94
5199.75
5199.64
5199.63
5199.77
5200.08
5200.66
5201.68
5203.62
5207.83
3585.22
3582.45
3581.36
3580.87
3580.59
3580.39
3580.21
3580.04
3579.84
3579.62
3579.62
3579.84
3580.04
3580.21
3580.39
3580.59
3580.87
3581.36
3582.45
3585.22
3194.98
3191.91
3191.21
3190.91
3190.63
3190.29
3189.91
3189.49
3189.05
3188.68
3188.68
3189.05
3189.49
3189.91
3190.29
3190.63
3190.91
3191.21
3191.91
3194.98
4071.58
4069.72
4069.25
4068.8
4068.16
4067.37
4066.52
4065.69
4064.95
4064.45
4064.45
4064.95
4065.69
4066.52
4067.37
4068.16
4068.8
4069.26
4069.72
4071.58
)
;
    }
    outlet
    {
        type            calculated;
        value           nonuniform List<scalar> 
80
(
0.00116669
0.00118931
0.00121051
0.00121537
0.00122236
0.0012372
0.00126241
0.00129803
0.00134305
0.00139569
0.00145172
0.00150856
0.00156462
0.00161725
0.00166471
0.00170475
0.00173478
0.00175624
0.00176945
0.00177222
0.00153032
0.00154033
0.00153962
0.00150908
0.00146466
0.0014168
0.00137247
0.00133547
0.00130772
0.00128971
0.00127983
0.00127758
0.0012825
0.00129319
0.00130768
0.00132162
0.00132988
0.00133581
0.00133738
0.00133549
0.00174915
0.00175489
0.00174333
0.00170173
0.00164305
0.00157877
0.00151629
0.0014593
0.00140923
0.00136605
0.00132853
0.00129694
0.0012723
0.00125542
0.00124608
0.00124041
0.00123307
0.00122913
0.00122174
0.00121353
0.00178086
0.00178198
0.00176359
0.00171617
0.00165226
0.00158429
0.00152035
0.00146436
0.00141748
0.00137912
0.00134759
0.00132248
0.00130413
0.00129275
0.00128778
0.00128596
0.00128269
0.0012835
0.00127983
0.00127499
)
;
    }
    inner-wall
    {
        type            calculated;
        value           nonuniform List<scalar> 
1600
(
4935.05
4895.01
4892.19
4890.82
4890.06
4889.7
4889.68
4889.97
4890.56
4891.31
4891.31
4890.56
4889.97
4889.68
4889.7
4890.06
4890.82
4892.19
4895.01
4935.05
2139.78
2153.85
2149.86
2149.13
2148.88
2148.9
2149.1
2149.45
2149.99
2151.68
2151.68
2149.99
2149.45
2149.1
2148.9
2148.88
2149.13
2149.86
2153.85
2139.78
2872.95
2872.91
2870.33
2870.49
2871.01
2871.74
2872.55
2873.38
2874.28
2876.07
2876.07
2874.28
2873.38
2872.55
2871.74
2871.01
2870.49
2870.33
2872.91
2872.95
3680.3
3671.61
3669.44
3669.61
3670.27
3671.24
3672.34
3673.46
3674.58
3676.23
3676.23
3674.58
3673.46
3672.34
3671.24
3670.27
3669.61
3669.44
3671.61
3680.3
3660.26
3653.2
3651.17
3651.2
3651.72
3652.63
3653.76
3654.99
3656.22
3657.8
3657.8
3656.22
3654.99
3653.76
3652.63
3651.72
3651.2
3651.17
3653.2
3660.26
3001.55
3002.15
3000.36
3000.43
3000.87
3001.7
3002.83
3004.12
3005.43
3006.91
3006.91
3005.43
3004.12
3002.83
3001.7
3000.87
3000.43
3000.36
3002.15
3001.55
2197.51
2205.56
2204
2204.26
2204.79
2205.7
2206.93
2208.32
2209.69
2210.99
2210.99
2209.69
2208.32
2206.93
2205.7
2204.79
2204.26
2204
2205.56
2197.51
1675.65
1684.46
1682.9
1683.1
1683.55
1684.32
1685.38
1686.59
1687.72
1688.66
1688.66
1687.72
1686.59
1685.38
1684.32
1683.55
1683.1
1682.9
1684.46
1675.65
1417.31
1422.21
1420.59
1420.4
1420.41
1420.65
1421.11
1421.72
1422.33
1422.86
1422.86
1422.33
1421.72
1421.11
1420.65
1420.41
1420.4
1420.59
1422.21
1417.31
1181.04
1183.73
1182.23
1181.78
1181.44
1181.24
1181.21
1181.33
1181.55
1181.85
1181.85
1181.55
1181.34
1181.21
1181.24
1181.44
1181.78
1182.23
1183.73
1181.05
914.129
916.765
915.538
915.095
914.701
914.39
914.205
914.156
914.224
914.451
914.451
914.224
914.157
914.205
914.391
914.702
915.096
915.54
916.767
914.13
679.805
682.829
681.89
681.596
681.327
681.11
680.978
680.949
681.011
681.233
681.233
681.011
680.949
680.979
681.111
681.329
681.598
681.892
682.832
679.807
515.053
517.987
517.265
517.1
516.957
516.853
516.809
516.832
516.914
517.127
517.127
516.915
516.833
516.81
516.855
516.959
517.102
517.267
517.99
515.056
407.244
409.716
409.141
409.04
408.964
408.922
408.927
408.979
409.069
409.255
409.255
409.07
408.98
408.928
408.924
408.966
409.042
409.144
409.719
407.247
331.564
333.53
333.068
332.994
332.948
332.936
332.963
333.027
333.116
333.272
333.272
333.117
333.028
332.964
332.938
332.95
332.997
333.071
333.533
331.568
273.24
274.774
274.401
274.343
274.312
274.312
274.346
274.411
274.494
274.621
274.621
274.495
274.413
274.348
274.314
274.314
274.346
274.405
274.777
273.244
225.419
226.607
226.305
226.256
226.229
226.231
226.261
226.317
226.387
226.488
226.488
226.387
226.318
226.263
226.233
226.232
226.259
226.309
226.61
225.422
184.814
185.741
185.495
185.45
185.425
185.422
185.444
185.486
185.541
185.62
185.621
185.541
185.487
185.445
185.424
185.427
185.453
185.498
185.744
184.817
150.139
150.874
150.673
150.634
150.61
150.603
150.617
150.647
150.688
150.751
150.751
150.688
150.648
150.618
150.605
150.611
150.636
150.676
150.876
150.142
121.01
121.6
121.437
121.404
121.382
121.374
121.382
121.405
121.435
121.485
121.485
121.436
121.405
121.383
121.375
121.383
121.405
121.439
121.602
121.011
97.0765
97.5527
97.4213
97.3937
97.3754
97.3685
97.3741
97.3909
97.4148
97.4548
97.4548
97.4148
97.3909
97.3742
97.3687
97.3758
97.3943
97.422
97.5533
97.077
77.7368
78.1207
78.0149
77.9926
77.978
77.9724
77.9768
77.9901
78.0091
78.0413
78.0412
78.0089
77.9898
77.9764
77.9719
77.9776
77.9923
78.0145
78.1203
77.7362
62.2356
62.544
62.4588
62.441
62.4294
62.4251
62.4289
62.4397
62.4551
62.481
62.4809
62.4546
62.439
62.4279
62.424
62.4281
62.4397
62.4574
62.5424
62.2339
49.8329
50.0799
50.0113
49.997
49.9878
49.9845
49.9877
49.9966
50.009
50.0299
50.0297
50.0083
49.9954
49.9861
49.9826
49.9857
49.9947
50.0089
50.0772
49.8301
39.8985
40.0959
40.0407
40.029
40.0216
40.019
40.0217
40.0288
40.0389
40.0557
40.0554
40.0379
40.0273
40.0196
40.0165
40.0188
40.0259
40.0373
40.0923
39.8947
31.9305
32.0881
32.0436
32.0341
32.028
32.0259
32.0279
32.0336
32.0416
32.0551
32.0547
32.0405
32.0318
32.0254
32.0228
32.0246
32.0303
32.0395
32.0837
31.9259
25.5368
25.6627
25.6268
25.6189
25.6139
25.612
25.6135
25.618
25.6243
25.6351
25.6347
25.6231
25.6159
25.6108
25.6086
25.61
25.6147
25.6222
25.6578
25.5317
20.4091
20.5097
20.4807
20.4742
20.4699
20.4682
20.4693
20.4727
20.4777
20.4863
20.4858
20.4764
20.4706
20.4664
20.4648
20.4659
20.4698
20.4759
20.5046
20.4038
16.3012
16.3816
16.3581
16.3526
16.349
16.3475
16.3482
16.3509
16.3547
16.3616
16.3611
16.3535
16.3488
16.3454
16.3441
16.3452
16.3484
16.3534
16.3766
16.296
13.014
13.0781
13.0591
13.0546
13.0516
13.0503
13.0507
13.0527
13.0558
13.0612
13.0608
13.0546
13.0508
13.0482
13.0472
13.0481
13.0507
13.0549
13.0736
13.0092
10.3861
10.4373
10.4219
10.4182
10.4157
10.4146
10.4149
10.4164
10.4188
10.4232
10.4229
10.4179
10.4148
10.4127
10.412
10.4127
10.415
10.4184
10.4334
10.382
8.28675
8.32766
8.31528
8.31222
8.31019
8.30928
8.30953
8.31081
8.31276
8.3163
8.31605
8.31202
8.30961
8.30791
8.30731
8.30796
8.3098
8.31263
8.32475
8.28368
6.61054
6.64321
6.63326
6.6308
6.62922
6.62855
6.62883
6.62993
6.63158
6.63451
6.63435
6.63113
6.6292
6.62783
6.62735
6.62788
6.62938
6.63169
6.64144
6.60864
5.27261
5.29871
5.29074
5.28881
5.28763
5.28721
5.28756
5.28859
5.29004
5.2925
5.29245
5.2899
5.28836
5.28726
5.28685
5.28727
5.28848
5.29036
5.29819
5.27199
4.20489
4.22574
4.21939
4.21792
4.21708
4.2169
4.21735
4.21834
4.21966
4.22179
4.22185
4.21985
4.21864
4.21775
4.21742
4.21774
4.21871
4.22023
4.22652
4.20559
3.35285
3.36953
3.36448
3.36338
3.36284
3.36286
3.3634
3.36438
3.36561
3.36748
3.36765
3.36612
3.36519
3.36449
3.36422
3.36448
3.36526
3.3665
3.37155
3.35484
2.67293
2.68627
2.68226
2.68146
2.68115
2.68132
2.68193
2.68289
2.68406
2.68572
2.68599
2.68485
2.68417
2.68365
2.68345
2.68368
2.68433
2.68535
2.68943
2.67608
2.13035
2.14102
2.13784
2.13726
2.13713
2.1374
2.13804
2.13898
2.14008
2.14157
2.14192
2.14111
2.14065
2.14029
2.14018
2.1404
2.14097
2.14183
2.14513
2.13448
1.69744
1.70598
1.70345
1.70304
1.70301
1.70335
1.704
1.70489
1.70592
1.70726
1.70767
1.70713
1.70685
1.70664
1.70661
1.70685
1.70737
1.70811
1.7108
1.70231
1.35218
1.35901
1.35699
1.35669
1.35674
1.3571
1.35773
1.35857
1.35952
1.36072
1.36117
1.36085
1.36072
1.36063
1.36068
1.36094
1.36142
1.36209
1.36429
1.35753
1.077
1.08245
1.08084
1.08063
1.08072
1.08108
1.08167
1.08244
1.08331
1.08438
1.08485
1.08469
1.08467
1.08468
1.08479
1.08507
1.08552
1.08613
1.08794
1.08256
0.857818
0.86217
0.860884
0.860731
0.860845
0.861189
0.861737
0.862439
0.863227
0.864182
0.864652
0.864603
0.86466
0.864727
0.864872
0.865152
0.865578
0.866117
0.867609
0.863336
0.6833
0.686771
0.685744
0.685639
0.685766
0.686091
0.686594
0.687229
0.687938
0.688783
0.689233
0.689254
0.689349
0.689444
0.689597
0.689861
0.690246
0.690721
0.691948
0.688557
0.544311
0.547075
0.546257
0.546189
0.546323
0.546628
0.547087
0.54766
0.548294
0.549033
0.549448
0.549504
0.549606
0.5497
0.549836
0.550065
0.550399
0.550808
0.55181
0.549122
0.43352
0.435718
0.435066
0.435027
0.435164
0.435451
0.435869
0.436382
0.436943
0.437583
0.437951
0.438014
0.438101
0.43817
0.438271
0.43845
0.438724
0.439065
0.439877
0.437748
0.345111
0.346853
0.346333
0.346315
0.346454
0.346723
0.347103
0.347559
0.348049
0.348594
0.348908
0.34896
0.349015
0.349044
0.349095
0.349216
0.349424
0.349698
0.350347
0.348664
0.274513
0.275889
0.275474
0.27547
0.275609
0.275861
0.276205
0.276608
0.27703
0.277485
0.277741
0.27777
0.277783
0.277764
0.277758
0.277816
0.277958
0.278166
0.278679
0.277347
0.218153
0.219236
0.218904
0.21891
0.219047
0.219284
0.219595
0.219948
0.220307
0.220679
0.220879
0.220878
0.220845
0.220774
0.220709
0.220704
0.220783
0.22093
0.221326
0.220272
0.173217
0.174068
0.1738
0.173813
0.173948
0.17417
0.174451
0.174758
0.17506
0.175358
0.175504
0.175472
0.175395
0.175274
0.175154
0.17509
0.175111
0.175204
0.175503
0.174665
0.137458
0.138126
0.137908
0.137925
0.138055
0.138263
0.138514
0.13878
0.139031
0.139265
0.139363
0.139302
0.139188
0.139023
0.138855
0.138741
0.138713
0.13876
0.13898
0.13831
0.109065
0.109589
0.109408
0.109425
0.109547
0.109736
0.109959
0.110187
0.110392
0.110571
0.110629
0.110545
0.110402
0.110205
0.110002
0.109851
0.109786
0.109798
0.109957
0.109418
0.0865913
0.0870021
0.0868471
0.0868576
0.0869654
0.0871318
0.0873238
0.0875135
0.0876772
0.0878104
0.0878364
0.0877386
0.0875777
0.0873629
0.0871408
0.0869685
0.0868813
0.0868723
0.0869876
0.0865512
0.0689051
0.069226
0.0690854
0.0690834
0.0691705
0.0693088
0.0694671
0.0696199
0.0697462
0.0698416
0.0698444
0.0697406
0.0695746
0.0693565
0.0691314
0.0689546
0.0688612
0.0688441
0.0689323
0.0685791
0.0551233
0.0553725
0.0552377
0.0552189
0.0552816
0.0553895
0.055514
0.0556328
0.0557274
0.0557937
0.0557813
0.0556788
0.0555174
0.0553078
0.0550929
0.054925
0.054838
0.0548242
0.0548987
0.0546142
0.044521
0.0447131
0.0445799
0.0445441
0.0445842
0.044665
0.0447611
0.0448529
0.0449242
0.0449718
0.0449521
0.0448554
0.0447043
0.0445096
0.0443119
0.0441603
0.0440864
0.0440822
0.0441523
0.0439245
0.0364336
0.0365815
0.0364502
0.0364031
0.0364284
0.0364919
0.0365702
0.0366469
0.0367071
0.0367476
0.0367277
0.0366388
0.0364992
0.0363201
0.03614
0.036005
0.0359442
0.0359499
0.0360196
0.0358381
0.0301987
0.0303133
0.0301886
0.0301396
0.0301619
0.0302213
0.0302961
0.0303719
0.0304344
0.0304799
0.0304663
0.0303856
0.0302557
0.030089
0.0299226
0.0297995
0.0297468
0.0297582
0.0298269
0.029683
0.0251707
0.0252606
0.0251486
0.0251076
0.0251384
0.0252058
0.0252897
0.025377
0.0254535
0.0255132
0.025511
0.025439
0.0253171
0.0251596
0.0250027
0.0248861
0.0248356
0.0248468
0.0249117
0.0247986
0.0208052
0.0208761
0.0207815
0.0207549
0.0208005
0.0208824
0.0209818
0.0210868
0.0211828
0.0212611
0.0212735
0.021212
0.0210984
0.0209499
0.0208012
0.0206891
0.0206374
0.0206445
0.0207028
0.0206164
0.0167621
0.0168169
0.0167411
0.0167296
0.0167892
0.016884
0.0169969
0.0171175
0.017231
0.0173256
0.0173529
0.0173045
0.0172023
0.0170658
0.0169283
0.016823
0.0167712
0.0167739
0.0168243
0.0167621
0.0129634
0.0130027
0.0129433
0.0129427
0.0130099
0.0131096
0.0132275
0.0133547
0.0134771
0.0135805
0.0136194
0.0135853
0.0134971
0.0133765
0.0132542
0.0131596
0.0131114
0.0131121
0.0131546
0.013115
0.00956175
0.00958498
0.00953697
0.00954122
0.00960738
0.00970225
0.00981468
0.00993723
0.0100567
0.0101575
0.0102008
0.0101779
0.0101029
0.00999799
0.00989145
0.00980904
0.00976688
0.00976712
0.00980155
0.00978196
0.00684133
0.00684716
0.0068054
0.00680892
0.00686713
0.00695019
0.00704961
0.00715811
0.00726337
0.00734943
0.0073856
0.00736427
0.00729403
0.00719719
0.00709955
0.00702435
0.00698506
0.0069826
0.00700657
0.00700272
0.00508944
0.00507736
0.00503839
0.00503699
0.00508192
0.00514927
0.00523112
0.00531878
0.00539924
0.00545722
0.00547104
0.00543525
0.00535557
0.00525326
0.00515271
0.0050747
0.00503023
0.00501801
0.00502638
0.00503215
0.00439852
0.00437182
0.00433401
0.00432329
0.00434892
0.00439554
0.00445443
0.00451395
0.00455995
0.00457863
0.00455646
0.00449115
0.00438972
0.0042727
0.00416282
0.00407755
0.00402339
0.0039965
0.00398651
0.00399456
0.00444474
0.00440881
0.00436803
0.0043429
0.00434446
0.00436501
0.00439497
0.00442079
0.00442757
0.00440317
0.00434018
0.00423986
0.00411389
0.0039833
0.00386931
0.0037842
0.003728
0.00369317
0.00367215
0.00367804
0.00471162
0.00466799
0.00461728
0.0045722
0.00454629
0.00453613
0.00453198
0.00451977
0.00448476
0.00441649
0.00431173
0.00417489
0.00402435
0.00388375
0.00377329
0.00369923
0.00365367
0.00362379
0.00360383
0.00360846
0.0048347
0.00478223
0.00471437
0.00464305
0.00458487
0.0045378
0.00449249
0.00443548
0.00435333
0.00423737
0.00408756
0.00391206
0.00373717
0.00359119
0.00349362
0.00344341
0.00342241
0.00341048
0.00340223
0.00340839
0.00466876
0.00460646
0.00451397
0.00440831
0.00430935
0.0042148
0.00411576
0.00400104
0.00385983
0.0036864
0.00348462
0.00326734
0.00307074
0.00293005
0.00286424
0.00286067
0.00288576
0.00290905
0.00292486
0.00293578
0.00432983
0.00425902
0.00413566
0.0039863
0.00383293
0.00367299
0.00349895
0.0033032
0.00307973
0.00282752
0.00255656
0.00228721
0.00207132
0.00195936
0.00196897
0.00206115
0.00217282
0.00226053
0.00231944
0.00234132
0.00418809
0.00411658
0.00396868
0.00377893
0.00356456
0.00332717
0.00306352
0.00277085
0.00244912
0.00210426
0.00175721
0.00144274
0.0012428
0.00123446
0.00140064
0.00163649
0.00185357
0.0020142
0.0021198
0.00215988
0.00453074
0.00447121
0.00432448
0.00412341
0.00387165
0.00358371
0.00326898
0.00293289
0.00258551
0.00224737
0.00195669
0.00175799
0.00169933
0.00178481
0.0019711
0.00219314
0.00239688
0.00255482
0.00266156
0.00271352
0.0051599
0.00511929
0.00499272
0.0048035
0.00453997
0.00423435
0.00391243
0.00358726
0.00327423
0.00299869
0.002793
0.00268133
0.00267457
0.00275543
0.00289541
0.00306005
0.00321764
0.00334659
0.00343656
0.00349415
0.00566515
0.00564468
0.00554151
0.00536876
0.00510356
0.004793
0.00447563
0.00416724
0.00388119
0.00363922
0.0034638
0.00337001
0.00336306
0.00342405
0.00353041
0.00365716
0.00378216
0.00388759
0.00396272
0.00402263
0.00579383
0.00579185
0.00570749
0.00554896
0.0052888
0.00498228
0.00467423
0.00437971
0.00410727
0.00387333
0.0036937
0.00358227
0.0035497
0.00358055
0.00365546
0.00375148
0.00384964
0.00393422
0.00399585
0.00405355
0.00551611
0.00552845
0.00545415
0.0053048
0.00505603
0.00476272
0.00446792
0.00418317
0.00391065
0.00366044
0.00344379
0.00327645
0.00318098
0.00315134
0.00317368
0.00322529
0.00328715
0.00334426
0.0033885
0.00343635
0.00502087
0.00504057
0.00496913
0.00482675
0.00459996
0.00433473
0.00406433
0.00379388
0.00351823
0.0032384
0.00295898
0.00269337
0.00247578
0.0023181
0.00222357
0.00217742
0.00216263
0.00216464
0.00217475
0.00219646
0.0046353
0.00464871
0.00458504
0.00446699
0.00429454
0.00409866
0.00389786
0.00369162
0.00347051
0.00322888
0.00296519
0.00268406
0.00241245
0.00216599
0.00195951
0.00179492
0.0016704
0.00158412
0.00153395
0.00150731
0.00424656
0.00424634
0.00421276
0.00415584
0.00408219
0.00400496
0.00392971
0.00385258
0.00376613
0.00366481
0.00354672
0.00341428
0.00328119
0.00315762
0.00305193
0.00296656
0.00290092
0.00285486
0.0028276
0.00282188
0.00283924
0.00283389
0.00285534
0.0028953
0.0029553
0.00303131
0.00311577
0.0032008
0.00327931
0.00334587
0.00339718
0.00343233
0.00345424
0.00346672
0.00347432
0.00348031
0.00348617
0.00349157
0.0034975
0.00352803
)
;
    }
    outer-wall
    {
        type            calculated;
        value           nonuniform List<scalar> 
1600
(
3547.13
3592.69
3592.6
3591.82
3590.63
3589.28
3587.96
3586.79
3585.9
3585.41
3585.41
3585.9
3586.79
3587.96
3589.28
3590.63
3591.82
3592.6
3592.69
3547.13
1066.63
1062.18
1062.34
1061.89
1061.39
1060.87
1060.42
1060.05
1059.77
1059.58
1059.58
1059.77
1060.05
1060.42
1060.87
1061.39
1061.89
1062.34
1062.18
1066.63
2216.47
2213.83
2215.86
2216.11
2216.19
2216.27
2216.42
2216.61
2216.76
2216.82
2216.82
2216.76
2216.61
2216.42
2216.27
2216.19
2216.11
2215.86
2213.83
2216.47
2912.35
2910.7
2913.56
2913.74
2913.45
2913.03
2912.63
2912.33
2912.12
2911.99
2911.99
2912.12
2912.33
2912.63
2913.03
2913.45
2913.74
2913.56
2910.7
2912.36
2828.35
2823.22
2825.74
2825.44
2824.51
2823.32
2822.08
2820.95
2820.05
2819.54
2819.54
2820.05
2820.95
2822.08
2823.32
2824.51
2825.44
2825.74
2823.22
2828.35
2239.28
2229.55
2231.18
2230.45
2229.13
2227.46
2225.63
2223.87
2222.41
2221.55
2221.55
2222.41
2223.87
2225.63
2227.46
2229.13
2230.45
2231.19
2229.55
2239.28
1587.6
1577.89
1578.77
1578.17
1577.17
1575.83
1574.28
1572.68
1571.29
1570.44
1570.44
1571.29
1572.68
1574.28
1575.83
1577.17
1578.17
1578.77
1577.89
1587.6
1203.37
1201.09
1201.59
1201.48
1201.14
1200.55
1199.75
1198.85
1198.01
1197.47
1197.47
1198.01
1198.85
1199.75
1200.55
1201.14
1201.48
1201.59
1201.09
1203.37
996.515
1000.53
1000.75
1000.76
1000.57
1000.16
999.584
998.93
998.324
997.945
997.945
998.325
998.93
999.585
1000.16
1000.57
1000.76
1000.75
1000.53
996.516
767.258
772.047
771.984
771.85
771.538
771.021
770.358
769.652
769.037
768.669
768.669
769.037
769.653
770.359
771.022
771.539
771.851
771.985
772.048
767.259
522.211
524.943
524.72
524.545
524.282
523.864
523.325
522.747
522.246
521.95
521.95
522.247
522.748
523.326
523.865
524.283
524.546
524.721
524.944
522.212
346.821
347.187
347.021
346.971
346.945
346.843
346.652
346.41
346.179
346.035
346.035
346.179
346.41
346.653
346.844
346.946
346.973
347.022
347.189
346.823
265.228
264.321
264.319
264.381
264.508
264.608
264.651
264.638
264.594
264.555
264.555
264.594
264.639
264.652
264.61
264.509
264.383
264.32
264.322
265.23
225.189
224.028
224.106
224.168
224.273
224.36
224.403
224.401
224.37
224.34
224.34
224.37
224.402
224.404
224.361
224.275
224.17
224.107
224.03
225.19
188.632
187.554
187.635
187.664
187.713
187.739
187.729
187.685
187.624
187.578
187.578
187.624
187.685
187.73
187.74
187.714
187.665
187.636
187.555
188.633
152.352
151.451
151.515
151.524
151.542
151.537
151.5
151.437
151.365
151.314
151.314
151.365
151.438
151.501
151.538
151.543
151.525
151.516
151.452
152.353
120.693
119.99
120.038
120.042
120.049
120.037
119.998
119.938
119.871
119.825
119.825
119.871
119.938
119.999
120.038
120.05
120.043
120.038
119.991
120.694
95.2484
94.7103
94.7475
94.7524
94.7594
94.7495
94.7178
94.6686
94.6145
94.5771
94.5771
94.6146
94.6689
94.7183
94.7501
94.7601
94.753
94.7482
94.711
95.2491
75.445
75.0248
75.0556
75.0625
75.0714
75.0665
75.0439
75.0069
74.9656
74.9369
74.937
74.9657
75.0071
75.0442
75.067
75.0719
75.063
75.056
75.0253
75.4455
60.1246
59.7866
59.8131
59.8214
59.8316
59.8308
59.8157
59.789
59.7582
59.7367
59.7367
59.7583
59.7891
59.816
59.8312
59.832
59.8217
59.8133
59.7869
60.1249
48.1614
47.885
47.9081
47.9165
47.9266
47.928
47.9178
47.8982
47.8751
47.8587
47.8586
47.875
47.8982
47.9179
47.9281
47.9268
47.9166
47.9081
47.8851
48.1615
38.6639
38.4377
38.4574
38.465
38.4739
38.4758
38.4684
38.4534
38.4354
38.4225
38.4225
38.4353
38.4533
38.4684
38.4758
38.4739
38.4649
38.4573
38.4375
38.6638
31.023
30.8389
30.8555
30.8619
30.8692
30.8708
30.865
30.853
30.8386
30.8282
30.8282
30.8385
30.8529
30.8649
30.8707
30.8691
30.8616
30.8552
30.8386
31.0227
24.8462
24.6976
24.7112
24.7164
24.7223
24.7235
24.7188
24.709
24.6973
24.6889
24.6888
24.6971
24.7088
24.7186
24.7233
24.722
24.7161
24.7108
24.6972
24.8458
19.862
19.7429
19.7539
19.7582
19.7628
19.7638
19.7598
19.7519
19.7424
19.7355
19.7354
19.7422
19.7516
19.7595
19.7634
19.7625
19.7577
19.7533
19.7423
19.8615
15.8569
15.7618
15.7707
15.7742
15.7779
15.7786
15.7755
15.769
15.7613
15.7558
15.7557
15.7611
15.7687
15.7751
15.7782
15.7774
15.7736
15.77
15.7611
15.8562
12.6502
12.5746
12.5817
12.5845
12.5875
12.5881
12.5856
12.5804
12.5742
12.5698
12.5697
12.574
12.5801
12.5852
12.5876
12.587
12.5838
12.5809
12.5738
12.6494
10.0884
10.0283
10.034
10.0363
10.0388
10.0393
10.0373
10.0332
10.0282
10.0246
10.0245
10.0279
10.0328
10.0368
10.0388
10.0382
10.0356
10.0332
10.0275
10.0876
8.04383
7.9961
8.00065
8.00255
8.00455
8.00497
8.00337
8.00009
7.99611
7.99321
7.99311
7.99583
7.99968
8.00289
8.00442
8.00392
8.0018
7.99982
7.99526
8.04301
6.41249
6.37461
6.37825
6.3798
6.38141
6.38175
6.38049
6.37787
6.37468
6.37235
6.37225
6.37441
6.37747
6.38001
6.38121
6.38078
6.37906
6.37743
6.37379
6.4117
5.11102
5.08098
5.08388
5.08514
5.08643
5.0867
5.0857
5.08361
5.08106
5.07918
5.07909
5.0808
5.08323
5.08525
5.0862
5.08584
5.08444
5.08312
5.08022
5.1103
4.07292
4.04911
4.05142
4.05243
4.05346
4.05368
4.05288
4.05122
4.04918
4.04767
4.04758
4.04894
4.05087
4.05248
4.05323
4.05294
4.05181
4.05074
4.04844
4.07229
3.24517
3.22631
3.22815
3.22896
3.22977
3.22995
3.22931
3.22799
3.22636
3.22514
3.22506
3.22614
3.22768
3.22896
3.22957
3.22934
3.22844
3.22757
3.22576
3.24466
2.58544
2.57051
2.57197
2.57261
2.57325
2.57339
2.57289
2.57184
2.57054
2.56956
2.56949
2.57035
2.57157
2.5726
2.5731
2.57292
2.57221
2.57152
2.57009
2.58507
2.05987
2.04805
2.0492
2.04971
2.05021
2.05032
2.04993
2.0491
2.04807
2.04729
2.04723
2.04791
2.04889
2.04972
2.05013
2.05
2.04944
2.0489
2.04778
2.05965
1.64133
1.63198
1.63289
1.63329
1.63368
1.63376
1.63345
1.6328
1.63199
1.63137
1.63132
1.63186
1.63265
1.63333
1.63367
1.63359
1.63316
1.63275
1.63187
1.64129
1.30811
1.3007
1.30143
1.30173
1.30204
1.3021
1.30186
1.30135
1.30071
1.30023
1.30019
1.30063
1.30127
1.30182
1.30212
1.30208
1.30176
1.30144
1.30076
1.30823
1.0428
1.03694
1.03751
1.03775
1.03799
1.03803
1.03785
1.03746
1.03696
1.03658
1.03656
1.03692
1.03744
1.0379
1.03816
1.03816
1.03793
1.03769
1.03716
1.0431
0.831504
0.826861
0.827318
0.827505
0.827684
0.827722
0.827586
0.82729
0.826911
0.826621
0.826613
0.826906
0.827332
0.827718
0.827958
0.827982
0.827817
0.827648
0.827245
0.831961
0.66311
0.659434
0.659799
0.659945
0.660083
0.660117
0.660022
0.659805
0.659522
0.659306
0.659309
0.659552
0.659904
0.66023
0.660449
0.660493
0.660384
0.660267
0.659961
0.663711
0.528775
0.525866
0.526158
0.526273
0.526381
0.526417
0.526359
0.526208
0.526004
0.525848
0.525862
0.526064
0.526355
0.526632
0.52683
0.526889
0.526821
0.526744
0.526513
0.529497
0.421477
0.419177
0.41941
0.419502
0.419592
0.419634
0.419609
0.419514
0.419374
0.419267
0.419289
0.419458
0.419699
0.419933
0.420112
0.420177
0.420139
0.420091
0.419918
0.422291
0.335662
0.333846
0.334034
0.334109
0.334188
0.334239
0.334244
0.334196
0.334108
0.33404
0.334068
0.33421
0.334408
0.334605
0.334763
0.33483
0.334811
0.334782
0.334652
0.336538
0.26696
0.265531
0.265684
0.265748
0.265822
0.265883
0.265914
0.265902
0.265856
0.265818
0.26585
0.265968
0.26613
0.266294
0.266432
0.266496
0.266489
0.266472
0.266372
0.267867
0.211947
0.210828
0.210955
0.211014
0.211085
0.211155
0.211206
0.211224
0.21121
0.211194
0.211227
0.211325
0.211456
0.211591
0.211709
0.211766
0.211764
0.211752
0.211674
0.212853
0.167946
0.167076
0.167185
0.167242
0.167312
0.167388
0.167454
0.167493
0.167502
0.167502
0.167534
0.167613
0.167717
0.167826
0.167925
0.167974
0.167971
0.167959
0.167895
0.168819
0.132854
0.132183
0.132281
0.132338
0.132405
0.132484
0.132559
0.132614
0.132638
0.132649
0.132677
0.132737
0.132816
0.132902
0.132983
0.133022
0.133016
0.132999
0.132942
0.133663
0.104996
0.104484
0.104574
0.104631
0.104695
0.104774
0.104853
0.104917
0.104953
0.104968
0.10499
0.105032
0.105088
0.105151
0.105214
0.105242
0.10523
0.105206
0.105153
0.10571
0.0830125
0.0826255
0.0827092
0.0827651
0.0828254
0.0829003
0.0829815
0.0830504
0.0830918
0.083109
0.0831214
0.0831442
0.0831776
0.0832197
0.083265
0.0832801
0.0832594
0.083227
0.0831745
0.0836025
0.0657749
0.0654838
0.0655625
0.0656157
0.0656703
0.0657405
0.0658204
0.0658912
0.0659351
0.0659503
0.0659518
0.0659548
0.0659651
0.0659856
0.0660125
0.0660145
0.0659842
0.0659425
0.0658883
0.0662163
0.0523345
0.0521155
0.0521891
0.0522381
0.0522861
0.0523506
0.0524275
0.0524975
0.0525407
0.0525512
0.0525399
0.0525227
0.0525098
0.0525083
0.0525162
0.0525045
0.0524641
0.0524128
0.0523555
0.0526067
0.0418927
0.0417273
0.0417955
0.041839
0.0418798
0.0419379
0.0420101
0.0420769
0.0421165
0.0421199
0.0420947
0.0420571
0.0420215
0.041998
0.0419865
0.0419609
0.0419104
0.0418501
0.041789
0.0419813
0.0337845
0.0336585
0.0337213
0.0337587
0.0337918
0.0338425
0.0339084
0.0339694
0.0340029
0.0339971
0.0339573
0.0339001
0.0338428
0.0337983
0.0337679
0.0337288
0.0336688
0.0336002
0.0335353
0.0336821
0.0274661
0.0273696
0.0274269
0.0274578
0.0274828
0.0275253
0.027583
0.0276359
0.0276608
0.0276445
0.0275902
0.0275148
0.0274379
0.0273743
0.0273266
0.027275
0.0272067
0.0271312
0.0270628
0.0271741
0.0225035
0.0224291
0.0224811
0.0225055
0.022522
0.0225553
0.0226033
0.0226462
0.0226609
0.0226333
0.0225653
0.022474
0.0223807
0.0223008
0.0222381
0.022176
0.022101
0.0220203
0.0219494
0.0220328
0.0185554
0.0184981
0.0185448
0.0185627
0.0185706
0.0185943
0.0186316
0.0186634
0.0186671
0.0186283
0.0185484
0.0184444
0.0183382
0.0182456
0.0181711
0.0181007
0.0180213
0.0179377
0.0178656
0.017927
0.0153539
0.0153097
0.0153511
0.0153625
0.015362
0.0153762
0.0154029
0.0154236
0.0154166
0.0153677
0.0152783
0.0151653
0.0150501
0.0149487
0.0148658
0.0147901
0.0147089
0.0146252
0.0145533
0.0145974
0.0126859
0.0126522
0.012688
0.0126929
0.0126847
0.0126902
0.0127072
0.0127177
0.0127011
0.0126441
0.0125483
0.0124303
0.0123106
0.0122043
0.0121169
0.0120388
0.0119591
0.0118782
0.0118085
0.0118386
0.0103854
0.0103602
0.0103901
0.0103886
0.0103738
0.0103718
0.0103807
0.0103826
0.0103584
0.010296
0.0101973
0.0100787
0.00995911
0.00985238
0.00976449
0.00968769
0.00961272
0.00953808
0.00947242
0.00949103
0.00833399
0.00831633
0.00833986
0.0083325
0.00831198
0.00830429
0.00830677
0.00830245
0.00827337
0.00820867
0.00811132
0.00799674
0.00788193
0.00777954
0.00769579
0.00762419
0.00755742
0.00749198
0.00743256
0.00744155
0.00646527
0.00645453
0.0064718
0.00645916
0.00643438
0.00642279
0.00642123
0.00641355
0.00638301
0.00631999
0.00622816
0.00612204
0.0060166
0.00592326
0.00584826
0.00578571
0.00572996
0.00567586
0.00562452
0.00562551
0.00476091
0.00475737
0.00476938
0.00475292
0.00472585
0.00471293
0.0047105
0.00470325
0.00467554
0.00461863
0.00453642
0.00444243
0.00434989
0.00426924
0.00420644
0.0041556
0.00411217
0.00406988
0.00402743
0.00402167
0.00323643
0.00324133
0.00325078
0.0032336
0.00320774
0.00319743
0.00319861
0.00319678
0.00317707
0.0031311
0.00306231
0.00298299
0.00290518
0.00283871
0.00278912
0.00275029
0.0027181
0.00268582
0.00265134
0.00263931
0.00192748
0.00194304
0.00195465
0.00194276
0.00192448
0.00192276
0.00193348
0.00194297
0.00193708
0.00190739
0.00185622
0.00179415
0.00173221
0.00167974
0.00164175
0.00161234
0.00158775
0.00156163
0.00153258
0.00151355
0.000930307
0.00095815
0.000977029
0.000981537
0.000983207
0.000998129
0.00102258
0.00104612
0.00105768
0.00105021
0.00102472
0.000988667
0.000950134
0.000915673
0.000888145
0.000864208
0.00084256
0.000819747
0.000796133
0.000771054
0.000702151
0.000713486
0.000720787
0.000738961
0.000760833
0.000777485
0.000788732
0.000797382
0.000804742
0.000810348
0.000813963
0.000815593
0.000814292
0.000807991
0.000795023
0.000778814
0.000764059
0.000753622
0.0007483
0.000738312
0.0011351
0.00112136
0.00110507
0.00110476
0.00111087
0.00110401
0.00108366
0.00105878
0.00103902
0.00103015
0.0010326
0.00104178
0.00105045
0.00105148
0.00104187
0.00102868
0.00101884
0.00101678
0.00102194
0.00102513
0.00143777
0.00141543
0.00138627
0.00136807
0.00135574
0.00133018
0.00128951
0.00124317
0.00120283
0.0011764
0.00116556
0.00116537
0.00116702
0.00116184
0.00114694
0.00113085
0.00112068
0.00112019
0.00112804
0.00113487
0.00142053
0.0013974
0.00136316
0.00133333
0.00130681
0.00126818
0.00121533
0.00115697
0.00110444
0.00106559
0.00104238
0.00103032
0.00102085
0.00100565
0.000982746
0.000961289
0.000948107
0.00094554
0.000951923
0.000956751
0.00109687
0.00107808
0.00104738
0.00101544
0.000982882
0.000940459
0.000888035
0.000833648
0.000786597
0.000751806
0.000728584
0.000712374
0.000697483
0.000679645
0.000659045
0.000641708
0.000631481
0.000627146
0.000627592
0.000625422
0.000782753
0.000771095
0.000755254
0.000739277
0.000725519
0.000713946
0.000708225
0.000712793
0.000727667
0.000747135
0.000763879
0.00077529
0.000785448
0.00080047
0.000822312
0.000844813
0.000861796
0.000868812
0.00086786
0.00086536
0.0011033
0.00109149
0.00108353
0.00108552
0.00110334
0.00113571
0.00117971
0.00123186
0.00128654
0.00133665
0.00137638
0.00140625
0.00143407
0.00146833
0.00151062
0.00155242
0.00158367
0.00160014
0.00160536
0.00160951
0.0016959
0.00167517
0.00165812
0.00165946
0.0016885
0.00173747
0.00179669
0.00186015
0.00192264
0.00197883
0.00202447
0.00206046
0.00209415
0.00213321
0.00217943
0.00222683
0.00226379
0.00228569
0.00229642
0.00230581
0.00210848
0.00207901
0.00205369
0.00205476
0.00209322
0.00215487
0.00222414
0.00229326
0.00235812
0.00241565
0.00246341
0.00250215
0.00253741
0.00257496
0.00261702
0.00266219
0.00269908
0.00272252
0.00273601
0.00274791
0.0022015
0.00216745
0.00214101
0.00214806
0.00219827
0.0022726
0.00235129
0.00242525
0.00249145
0.00254906
0.00259757
0.00263743
0.00267178
0.00270392
0.00273647
0.00277319
0.00280469
0.00282548
0.00283815
0.00284932
0.00193594
0.0019016
0.00188059
0.00189754
0.00195787
0.0020404
0.002124
0.00219923
0.00226392
0.00231901
0.00236555
0.00240365
0.00243414
0.00245804
0.00247808
0.00250245
0.00252481
0.00253968
0.00254875
0.00255761
0.00131956
0.00128383
0.00126823
0.00129168
0.00135382
0.00143376
0.00151205
0.00158026
0.00163709
0.00168452
0.0017244
0.00175658
0.00178041
0.00179527
0.00180373
0.0018167
0.00183039
0.00183929
0.0018445
0.00185302
0.000779715
0.000749863
0.000732635
0.000740736
0.000772696
0.000817089
0.000862401
0.000903073
0.000938127
0.000968858
0.000996461
0.00102049
0.00103983
0.00105319
0.00106218
0.00107588
0.00109077
0.00110089
0.0011088
0.00111969
0.0012578
0.00127073
0.0012741
0.00128172
0.00129451
0.00131309
0.00133638
0.00136288
0.00139135
0.0014209
0.00145078
0.00148035
0.00150905
0.00153634
0.00156196
0.00158618
0.00160744
0.00162519
0.00164014
0.00163619
0.00092383
0.000946647
0.000980069
0.00103707
0.00111441
0.00120611
0.00130555
0.0014071
0.00150664
0.00160134
0.00168912
0.00176827
0.00183732
0.00189544
0.00194354
0.00198428
0.00201942
0.0020488
0.00207047
0.00205722
)
;
    }
    symmetry-x
    {
        type            symmetryPlane;
    }
    symmetry-y
    {
        type            symmetryPlane;
    }
}


// ************************************************************************* //
