/*--------------------------------*- C++ -*----------------------------------*\
| =========                 |                                                 |
| \\      /  F ield         | foam-extend: Open Source CFD                    |
|  \\    /   O peration     | Version:     3.1                                |
|   \\  /    A nd           | Web:         http://www.extend-project.de       |
|    \\/     M anipulation  |                                                 |
\*---------------------------------------------------------------------------*/
FoamFile
{
    version     2.0;
    format      ascii;
    class       vectorField;
    location    "2.1/polyMesh";
    object      points;
}
// * * * * * * * * * * * * * * * * * * * * * * * * * * * * * * * * * * * * * //


405
(
(0.45 0 -0.2)
(0.475 0 -0.2)
(0.5 0 -0.2)
(0.525 0 -0.2)
(0.55 0 -0.2)
(0.450721 0.0257132 -0.199742)
(0.475458 0.0252326 -0.19983)
(0.50036 0.0249874 -0.200011)
(0.525401 0.0247399 -0.200199)
(0.550593 0.0242785 -0.200308)
(0.45142 0.0510355 -0.199875)
(0.476202 0.0504154 -0.199911)
(0.501083 0.0499884 -0.200029)
(0.526111 0.0495616 -0.20016)
(0.55124 0.0489481 -0.200234)
(0.452329 0.0763712 -0.199983)
(0.477122 0.0755926 -0.199978)
(0.502003 0.0749897 -0.200047)
(0.527014 0.0743863 -0.200128)
(0.552113 0.0736063 -0.200165)
(0.453335 0.101606 -0.200111)
(0.478155 0.100721 -0.200054)
(0.503044 0.0999865 -0.200061)
(0.528038 0.0992513 -0.200081)
(0.553098 0.0983621 -0.200067)
(0.454407 0.126768 -0.200224)
(0.47925 0.12581 -0.20012)
(0.504147 0.124978 -0.200072)
(0.529129 0.124148 -0.200036)
(0.554161 0.123189 -0.199973)
(0.455503 0.151866 -0.200318)
(0.480365 0.150864 -0.200175)
(0.505268 0.149967 -0.200082)
(0.530243 0.149073 -0.199998)
(0.555255 0.148077 -0.199892)
(0.456601 0.176928 -0.200391)
(0.481471 0.175895 -0.200222)
(0.506376 0.174954 -0.200094)
(0.531346 0.174019 -0.199972)
(0.556349 0.173006 -0.199831)
(0.457703 0.201964 -0.200434)
(0.482552 0.200917 -0.200253)
(0.507428 0.199947 -0.200105)
(0.532404 0.198981 -0.199964)
(0.557418 0.197961 -0.199809)
(0.45 0 -0.175)
(0.475 0 -0.175)
(0.5 0 -0.175)
(0.525 0 -0.175)
(0.55 0 -0.175)
(0.450751 0.0256851 -0.174861)
(0.4755 0.0252131 -0.174906)
(0.500421 0.0249939 -0.17501)
(0.525454 0.0247776 -0.17512)
(0.550636 0.0243274 -0.175183)
(0.451434 0.0510766 -0.174925)
(0.476233 0.05045 -0.174946)
(0.501139 0.0499957 -0.175025)
(0.526159 0.049544 -0.175115)
(0.551277 0.048924 -0.175163)
(0.452299 0.0764136 -0.175015)
(0.477112 0.0756301 -0.175)
(0.502021 0.0749971 -0.17504)
(0.527024 0.0743647 -0.17509)
(0.55211 0.0735801 -0.175107)
(0.453262 0.101652 -0.175113)
(0.478102 0.100761 -0.175058)
(0.503015 0.0999946 -0.175052)
(0.528004 0.0992285 -0.175056)
(0.553055 0.0983342 -0.175034)
(0.454291 0.126809 -0.175205)
(0.479153 0.125846 -0.175111)
(0.504073 0.124988 -0.175062)
(0.529052 0.124131 -0.175022)
(0.554074 0.123168 -0.174959)
(0.455351 0.151901 -0.175283)
(0.480229 0.150896 -0.175157)
(0.505155 0.149979 -0.175071)
(0.530126 0.149065 -0.174994)
(0.55513 0.148067 -0.174895)
(0.45642 0.176954 -0.175343)
(0.481304 0.175921 -0.175195)
(0.506229 0.174968 -0.175083)
(0.531196 0.174022 -0.174977)
(0.556192 0.173012 -0.174849)
(0.457506 0.201983 -0.175376)
(0.482369 0.200937 -0.175218)
(0.507264 0.199963 -0.175095)
(0.532237 0.198993 -0.174979)
(0.557243 0.197977 -0.17484)
(0.45 0 -0.15)
(0.475 0 -0.15)
(0.5 0 -0.15)
(0.525 0 -0.15)
(0.55 0 -0.15)
(0.450774 0.0256851 -0.149938)
(0.47551 0.0252133 -0.149958)
(0.500427 0.0249969 -0.15001)
(0.525461 0.0247832 -0.150067)
(0.550652 0.0243306 -0.150096)
(0.451448 0.0510647 -0.149977)
(0.476235 0.0504514 -0.149983)
(0.501136 0.0500009 -0.150023)
(0.52616 0.0495524 -0.15007)
(0.551288 0.0489423 -0.150089)
(0.452284 0.0764008 -0.150038)
(0.477093 0.0756349 -0.150021)
(0.502 0.075004 -0.150035)
(0.527004 0.0743734 -0.150056)
(0.552093 0.0736051 -0.150054)
(0.453216 0.101641 -0.150109)
(0.478054 0.100767 -0.150064)
(0.502968 0.100003 -0.150046)
(0.527956 0.0992397 -0.150034)
(0.553007 0.0983634 -0.150004)
(0.454214 0.1268 -0.150178)
(0.479075 0.125854 -0.150104)
(0.503996 0.124999 -0.150055)
(0.528974 0.124146 -0.150011)
(0.553995 0.123201 -0.149951)
(0.455245 0.151895 -0.150238)
(0.480123 0.150905 -0.15014)
(0.50505 0.149992 -0.150064)
(0.53002 0.149083 -0.149993)
(0.555021 0.148104 -0.149905)
(0.456288 0.176952 -0.150285)
(0.481174 0.17593 -0.150169)
(0.506101 0.174983 -0.150075)
(0.531066 0.174045 -0.149984)
(0.556058 0.173052 -0.149874)
(0.457358 0.201983 -0.150308)
(0.482223 0.200946 -0.150185)
(0.507119 0.199979 -0.150087)
(0.532087 0.19902 -0.149995)
(0.557087 0.198022 -0.149879)
(0.45 0 -0.125)
(0.475 0 -0.125)
(0.5 0 -0.125)
(0.525 0 -0.125)
(0.55 0 -0.125)
(0.45078 0.0256821 -0.124982)
(0.475507 0.0252122 -0.124986)
(0.500419 0.0249985 -0.125009)
(0.525455 0.0247873 -0.125035)
(0.550651 0.0243375 -0.125045)
(0.451445 0.0510491 -0.125011)
(0.476223 0.0504472 -0.125005)
(0.501118 0.0500047 -0.12502)
(0.526143 0.0495639 -0.125039)
(0.551278 0.0489643 -0.12504)
(0.452263 0.0763803 -0.125054)
(0.477066 0.0756306 -0.125032)
(0.501968 0.0750102 -0.12503)
(0.526972 0.07439 -0.125032)
(0.552066 0.0736373 -0.125017)
(0.453174 0.10162 -0.125105)
(0.478007 0.100764 -0.125063)
(0.502917 0.100012 -0.125039)
(0.527906 0.0992604 -0.125018)
(0.552959 0.0984023 -0.124983)
(0.454149 0.126781 -0.125155)
(0.479008 0.125854 -0.125093)
(0.503926 0.12501 -0.125047)
(0.528902 0.12417 -0.125004)
(0.553924 0.123244 -0.124948)
(0.455158 0.15188 -0.1252)
(0.480036 0.150907 -0.125121)
(0.50496 0.150005 -0.125055)
(0.529928 0.14911 -0.124992)
(0.554928 0.14815 -0.124916)
(0.456182 0.176943 -0.125236)
(0.481068 0.175934 -0.125143)
(0.505993 0.174998 -0.125065)
(0.530956 0.174074 -0.124989)
(0.555944 0.173101 -0.124896)
(0.457238 0.20198 -0.125252)
(0.482103 0.200954 -0.125155)
(0.506997 0.199997 -0.125077)
(0.531959 0.199051 -0.125003)
(0.556954 0.198072 -0.124907)
(0.45 0 -0.1)
(0.475 0 -0.1)
(0.5 0 -0.1)
(0.525 0 -0.1)
(0.55 0 -0.1)
(0.450778 0.0256771 -0.100002)
(0.4755 0.0252108 -0.0999997)
(0.500408 0.0249997 -0.100008)
(0.525444 0.0247913 -0.100017)
(0.550643 0.024347 -0.100018)
(0.451434 0.0510357 -0.100026)
(0.476206 0.050443 -0.100014)
(0.501097 0.0500079 -0.100016)
(0.526122 0.0495746 -0.10002)
(0.55126 0.0489845 -0.100013)
(0.452239 0.0763627 -0.100058)
(0.477036 0.0756256 -0.100035)
(0.501934 0.0750158 -0.100024)
(0.526939 0.0744062 -0.100016)
(0.552036 0.0736664 -0.0999965)
(0.453135 0.101601 -0.100094)
(0.477964 0.10076 -0.100057)
(0.50287 0.10002 -0.100031)
(0.527858 0.099281 -0.100008)
(0.552914 0.0984376 -0.099974)
(0.454094 0.126764 -0.10013)
(0.47895 0.125851 -0.100079)
(0.503865 0.125021 -0.100038)
(0.52884 0.124194 -0.0999986)
(0.553864 0.123284 -0.0999498)
(0.455087 0.151866 -0.100163)
(0.479962 0.150907 -0.100099)
(0.504885 0.150018 -0.100045)
(0.529852 0.149137 -0.0999918)
(0.554852 0.148193 -0.0999286)
(0.456096 0.176933 -0.10019)
(0.480981 0.175937 -0.100116)
(0.505904 0.175013 -0.100054)
(0.530864 0.174103 -0.0999919)
(0.555852 0.173146 -0.0999166)
(0.457139 0.201974 -0.100201)
(0.482004 0.200958 -0.100125)
(0.506895 0.200013 -0.100065)
(0.531853 0.199081 -0.100006)
(0.556844 0.198119 -0.0999287)
(0.45 0 -0.075)
(0.475 0 -0.075)
(0.5 0 -0.075)
(0.525 0 -0.075)
(0.55 0 -0.075)
(0.450773 0.025672 -0.0750098)
(0.475493 0.0252095 -0.0750048)
(0.500399 0.0250008 -0.0750058)
(0.525435 0.0247948 -0.0750076)
(0.550634 0.0243562 -0.0750044)
(0.451422 0.0510254 -0.0750279)
(0.47619 0.0504399 -0.0750161)
(0.501078 0.0500106 -0.0750122)
(0.526103 0.0495834 -0.0750095)
(0.551243 0.0490012 -0.0749998)
(0.452217 0.0763496 -0.0750507)
(0.47701 0.0756218 -0.0750304)
(0.501905 0.0750205 -0.0750182)
(0.526909 0.0744195 -0.075007)
(0.552009 0.0736896 -0.0749885)
(0.453102 0.101587 -0.0750759)
(0.477927 0.100757 -0.0750461)
(0.502831 0.100027 -0.0750236)
(0.527819 0.099298 -0.0750019)
(0.552876 0.0984659 -0.0749735)
(0.454049 0.126751 -0.0751014)
(0.478902 0.125849 -0.0750617)
(0.503815 0.12503 -0.0750288)
(0.52879 0.124214 -0.0749964)
(0.553814 0.123316 -0.0749575)
(0.455031 0.151855 -0.0751251)
(0.479904 0.150906 -0.0750763)
(0.504825 0.150029 -0.0750344)
(0.529791 0.149159 -0.0749926)
(0.554791 0.148228 -0.0749437)
(0.456028 0.176924 -0.0751445)
(0.480912 0.175938 -0.0750884)
(0.505833 0.175025 -0.0750413)
(0.530792 0.174127 -0.074994)
(0.555779 0.173183 -0.0749366)
(0.457061 0.201968 -0.0751521)
(0.481925 0.200962 -0.0750946)
(0.506813 0.200027 -0.0750499)
(0.531769 0.199107 -0.0750059)
(0.556758 0.198157 -0.0749474)
(0.45 0 -0.05)
(0.475 0 -0.05)
(0.5 0 -0.05)
(0.525 0 -0.05)
(0.55 0 -0.05)
(0.450768 0.0256678 -0.0500096)
(0.475488 0.0252086 -0.0500052)
(0.500392 0.0250015 -0.0500038)
(0.525428 0.0247974 -0.0500029)
(0.550626 0.0243635 -0.0499994)
(0.451411 0.0510182 -0.0500221)
(0.476177 0.0504378 -0.0500129)
(0.501064 0.0500127 -0.0500081)
(0.526088 0.0495898 -0.0500039)
(0.551229 0.0490134 -0.0499958)
(0.4522 0.0763406 -0.050037)
(0.47699 0.0756195 -0.0500222)
(0.501884 0.0750241 -0.050012)
(0.526887 0.0744292 -0.0500024)
(0.551987 0.0737063 -0.0499885)
(0.453076 0.101578 -0.0500532)
(0.477899 0.100755 -0.0500322)
(0.502802 0.100032 -0.0500157)
(0.527789 0.0993105 -0.0499995)
(0.552848 0.0984862 -0.0499791)
(0.454016 0.126742 -0.0500695)
(0.478867 0.125848 -0.0500423)
(0.503779 0.125036 -0.0500192)
(0.528754 0.124228 -0.0499963)
(0.553778 0.123339 -0.0499693)
(0.454989 0.151847 -0.0500848)
(0.479861 0.150906 -0.0500517)
(0.504781 0.150037 -0.0500231)
(0.529746 0.149175 -0.0499944)
(0.554747 0.148253 -0.049961)
(0.455978 0.176918 -0.0500975)
(0.480861 0.175939 -0.0500596)
(0.505782 0.175034 -0.0500279)
(0.53074 0.174145 -0.0499959)
(0.555726 0.17321 -0.0499571)
(0.457004 0.201963 -0.0501022)
(0.481867 0.200964 -0.0500636)
(0.506753 0.200037 -0.0500338)
(0.531708 0.199126 -0.0500043)
(0.556696 0.198186 -0.0499649)
(0.45 0 -0.025)
(0.475 0 -0.025)
(0.5 0 -0.025)
(0.525 0 -0.025)
(0.55 0 -0.025)
(0.450765 0.0256651 -0.0250056)
(0.475484 0.025208 -0.0250031)
(0.500388 0.025002 -0.0250019)
(0.525423 0.024799 -0.0250008)
(0.550621 0.0243681 -0.0249988)
(0.451405 0.0510139 -0.025012)
(0.476169 0.0504367 -0.025007)
(0.501055 0.050014 -0.025004)
(0.526079 0.0495937 -0.0250012)
(0.55122 0.0490208 -0.0249968)
(0.452188 0.0763354 -0.0250194)
(0.476977 0.0756182 -0.0250116)
(0.50187 0.0750263 -0.025006)
(0.526874 0.0744351 -0.0250006)
(0.551974 0.0737163 -0.0249932)
(0.453061 0.101573 -0.0250273)
(0.477882 0.100754 -0.0250165)
(0.502784 0.100035 -0.0250078)
(0.527771 0.0993181 -0.0249992)
(0.55283 0.0984984 -0.0249887)
(0.453996 0.126737 -0.0250353)
(0.478845 0.125847 -0.0250215)
(0.503757 0.12504 -0.0250096)
(0.528731 0.124237 -0.0249978)
(0.553756 0.123353 -0.024984)
(0.454964 0.151843 -0.0250429)
(0.479835 0.150906 -0.0250261)
(0.504754 0.150041 -0.0250116)
(0.52972 0.149185 -0.024997)
(0.55472 0.148268 -0.0249801)
(0.455948 0.176914 -0.0250491)
(0.48083 0.17594 -0.02503)
(0.50575 0.17504 -0.025014)
(0.530708 0.174155 -0.0249979)
(0.555694 0.173227 -0.0249783)
(0.45697 0.20196 -0.0250514)
(0.481831 0.200965 -0.025032)
(0.506717 0.200044 -0.025017)
(0.53167 0.199137 -0.0250022)
(0.556659 0.198203 -0.0249824)
(0.45 0 0)
(0.475 0 0)
(0.5 0 0)
(0.525 0 0)
(0.55 0 0)
(0.450764 0.0256642 0)
(0.475483 0.0252078 0)
(0.500387 0.0250022 0)
(0.525422 0.0247996 0)
(0.55062 0.0243697 0)
(0.451402 0.0510124 0)
(0.476167 0.0504363 0)
(0.501052 0.0500145 0)
(0.526076 0.049595 0)
(0.551217 0.0490233 0)
(0.452184 0.0763337 0)
(0.476973 0.0756178 0)
(0.501866 0.0750271 0)
(0.526869 0.0744371 0)
(0.55197 0.0737197 0)
(0.453055 0.101571 0)
(0.477876 0.100753 0)
(0.502778 0.100036 0)
(0.527765 0.0993206 0)
(0.552824 0.0985024 0)
(0.453989 0.126736 0)
(0.478838 0.125847 0)
(0.503749 0.125042 0)
(0.528723 0.12424 0)
(0.553749 0.123358 0)
(0.454956 0.151841 0)
(0.479826 0.150906 0)
(0.504745 0.150043 0)
(0.52971 0.149189 0)
(0.554711 0.148273 0)
(0.455938 0.176913 0)
(0.48082 0.17594 0)
(0.50574 0.175042 0)
(0.530698 0.174159 0)
(0.555684 0.173232 0)
(0.456958 0.201959 0)
(0.481819 0.200966 0)
(0.506705 0.200046 0)
(0.531658 0.199141 0)
(0.556646 0.198209 0)
)


// ************************************************************************* //
