/*--------------------------------*- C++ -*----------------------------------*\
| =========                 |                                                 |
| \\      /  F ield         | foam-extend: Open Source CFD                    |
|  \\    /   O peration     | Version:     3.1                                |
|   \\  /    A nd           | Web:         http://www.extend-project.de       |
|    \\/     M anipulation  |                                                 |
\*---------------------------------------------------------------------------*/
FoamFile
{
    version     2.0;
    format      ascii;
    class       volScalarField;
    location    "0.0005";
    object      sigmaEq;
}
// * * * * * * * * * * * * * * * * * * * * * * * * * * * * * * * * * * * * * //

dimensions      [1 -1 -2 0 0 0 0];

internalField   nonuniform List<scalar> 
6400
(
3282.82
2951.55
2712.95
2603.57
3272.61
2946.14
2708.39
2606.44
3271.31
2945.2
2707.83
2606.51
3270.57
2944.67
2707.38
2605.98
3269.99
2944.15
2706.83
2605.21
3269.46
2943.61
2706.19
2604.29
3268.99
2943.07
2705.52
2603.32
3268.62
2942.56
2704.89
2602.41
3268.36
2942.12
2704.35
2601.67
3268.17
2941.83
2704.01
2601.24
3268.17
2941.83
2704.01
2601.24
3268.36
2942.12
2704.35
2601.67
3268.62
2942.56
2704.88
2602.41
3268.99
2943.07
2705.52
2603.32
3269.46
2943.61
2706.19
2604.29
3269.99
2944.15
2706.83
2605.21
3270.57
2944.67
2707.38
2605.98
3271.31
2945.2
2707.83
2606.51
3272.61
2946.14
2708.39
2606.44
3282.82
2951.55
2712.95
2603.57
1837.05
2216.97
2057.93
1261.47
1846.17
2217.81
2049.08
1241.03
1845.11
2217.2
2048.42
1240.88
1844.57
2216.67
2047.92
1240.67
1844.29
2216.08
2047.33
1240.37
1844.19
2215.48
2046.66
1240.01
1844.21
2214.89
2045.98
1239.63
1844.33
2214.36
2045.36
1239.27
1844.55
2213.94
2044.85
1238.97
1845.1
2213.72
2044.56
1238.8
1845.1
2213.72
2044.56
1238.8
1844.55
2213.94
2044.85
1238.97
1844.33
2214.36
2045.36
1239.27
1844.21
2214.89
2045.98
1239.63
1844.19
2215.48
2046.66
1240.01
1844.3
2216.08
2047.33
1240.37
1844.57
2216.67
2047.92
1240.67
1845.11
2217.2
2048.42
1240.88
1846.17
2217.81
2049.08
1241.03
1837.05
2216.97
2057.93
1261.47
2065.15
1794.33
1619.87
1636.26
2060.17
1788.84
1614.18
1636.47
2059.09
1788.5
1614.05
1637.65
2058.84
1788.35
1613.99
1637.84
2058.95
1788.25
1613.81
1637.69
2059.34
1788.17
1613.5
1637.34
2059.92
1788.13
1613.11
1636.88
2060.63
1788.12
1612.71
1636.41
2061.41
1788.19
1612.38
1636
2062.44
1788.33
1612.2
1635.75
2062.44
1788.33
1612.2
1635.75
2061.41
1788.19
1612.38
1636
2060.63
1788.12
1612.71
1636.41
2059.92
1788.13
1613.11
1636.88
2059.34
1788.17
1613.5
1637.34
2058.96
1788.25
1613.81
1637.69
2058.84
1788.35
1613.99
1637.84
2059.09
1788.5
1614.05
1637.65
2060.17
1788.84
1614.18
1636.47
2065.15
1794.33
1619.87
1636.26
2222.64
1835.94
1658.81
1779.73
2215.38
1829.5
1655.03
1780.78
2214.23
1829.23
1655.16
1782.09
2213.85
1829.15
1655.22
1782.25
2213.93
1829.29
1655.23
1781.9
2214.38
1829.6
1655.16
1781.21
2215.13
1830.03
1655.05
1780.33
2216.08
1830.53
1654.92
1779.4
2217.11
1831.05
1654.82
1778.6
2218.2
1831.45
1654.76
1778.13
2218.2
1831.45
1654.76
1778.13
2217.11
1831.05
1654.82
1778.6
2216.08
1830.53
1654.92
1779.4
2215.13
1830.03
1655.05
1780.33
2214.38
1829.6
1655.16
1781.21
2213.93
1829.29
1655.23
1781.89
2213.86
1829.15
1655.22
1782.25
2214.23
1829.23
1655.16
1782.09
2215.38
1829.5
1655.03
1780.78
2222.64
1835.94
1658.81
1779.73
1917.76
1741.67
1601.48
1525.87
1915.86
1738.5
1597.68
1521.61
1915.03
1738.4
1597.67
1522.39
1914.59
1738.19
1597.53
1522.35
1914.51
1738.12
1597.33
1521.84
1914.81
1738.21
1597.05
1520.97
1915.47
1738.43
1596.73
1519.83
1916.37
1738.76
1596.4
1518.6
1917.37
1739.12
1596.14
1517.52
1918.32
1739.4
1595.99
1516.86
1918.32
1739.4
1595.99
1516.86
1917.37
1739.12
1596.14
1517.52
1916.37
1738.76
1596.4
1518.6
1915.47
1738.43
1596.73
1519.83
1914.81
1738.21
1597.05
1520.97
1914.51
1738.12
1597.33
1521.84
1914.59
1738.19
1597.53
1522.35
1915.03
1738.4
1597.67
1522.39
1915.86
1738.5
1597.68
1521.61
1917.76
1741.67
1601.48
1525.87
1425.89
1390.4
1294.48
1131.23
1428.34
1389.87
1291.55
1125.26
1427.85
1389.87
1291.44
1125.58
1427.49
1389.59
1291.18
1125.49
1427.33
1389.27
1290.76
1125.06
1427.49
1389
1290.22
1124.3
1427.97
1388.81
1289.6
1123.26
1428.67
1388.71
1288.96
1122.08
1429.46
1388.67
1288.42
1121.02
1430.15
1388.69
1288.09
1120.37
1430.16
1388.69
1288.09
1120.37
1429.46
1388.67
1288.42
1121.02
1428.68
1388.71
1288.96
1122.08
1427.97
1388.81
1289.6
1123.25
1427.5
1389
1290.22
1124.3
1427.34
1389.27
1290.76
1125.06
1427.49
1389.59
1291.18
1125.49
1427.85
1389.87
1291.44
1125.58
1428.34
1389.87
1291.55
1125.26
1425.9
1390.4
1294.48
1131.23
1038.48
969.321
898.171
811.374
1040.69
969.594
897.082
809.107
1040.3
969.634
897.034
809.307
1040.01
969.428
896.858
809.343
1039.85
969.125
896.514
809.131
1039.93
968.813
896.02
808.645
1040.25
968.531
895.419
807.918
1040.75
968.294
894.786
807.058
1041.28
968.117
894.231
806.254
1041.73
968.029
893.898
805.752
1041.73
968.029
893.898
805.752
1041.28
968.118
894.231
806.254
1040.75
968.295
894.786
807.058
1040.26
968.531
895.419
807.917
1039.93
968.814
896.02
808.645
1039.86
969.126
896.514
809.131
1040.01
969.429
896.858
809.343
1040.31
969.635
897.034
809.307
1040.7
969.595
897.082
809.107
1038.49
969.322
898.171
811.373
812.828
663.388
592.594
602.754
813.022
663.306
593.025
604.228
812.591
663.313
593.063
604.395
812.293
663.259
593.085
604.505
812.114
663.151
592.987
604.422
812.099
663.054
592.78
604.118
812.263
662.99
592.488
603.626
812.556
662.957
592.156
603.031
812.886
662.94
591.854
602.473
813.161
662.94
591.669
602.125
813.161
662.941
591.669
602.125
812.887
662.941
591.854
602.472
812.558
662.958
592.157
603.031
812.266
662.992
592.488
603.626
812.103
663.055
592.78
604.118
812.118
663.152
592.988
604.421
812.297
663.261
593.085
604.504
812.595
663.315
593.063
604.394
813.027
663.308
593.025
604.227
812.832
663.39
592.594
602.753
651.748
497.228
422.576
447.02
651.303
496.785
423.198
449.046
650.905
496.736
423.217
449.111
650.62
496.751
423.327
449.199
650.42
496.753
423.378
449.153
650.331
496.788
423.369
448.936
650.371
496.866
423.311
448.574
650.516
496.975
423.224
448.137
650.712
497.085
423.135
447.734
650.893
497.161
423.08
447.487
650.893
497.161
423.08
447.487
650.713
497.085
423.135
447.733
650.519
496.976
423.224
448.137
650.374
496.868
423.312
448.574
650.334
496.789
423.37
448.936
650.424
496.755
423.379
449.153
650.624
496.753
423.327
449.199
650.91
496.739
423.218
449.111
651.307
496.787
423.199
449.045
651.753
497.23
422.576
447.019
507.152
394.367
326.739
321.764
507.054
393.911
326.839
322.728
506.761
393.84
326.79
322.695
506.541
393.852
326.875
322.761
506.374
393.855
326.936
322.762
506.277
393.879
326.96
322.647
506.27
393.937
326.952
322.423
506.345
394.022
326.925
322.139
506.47
394.113
326.895
321.874
506.606
394.18
326.876
321.711
506.606
394.18
326.876
321.711
506.472
394.114
326.895
321.873
506.347
394.024
326.925
322.139
506.273
393.939
326.952
322.422
506.281
393.881
326.96
322.646
506.378
393.857
326.936
322.762
506.545
393.854
326.875
322.761
506.766
393.842
326.79
322.695
507.059
393.914
326.839
322.727
507.157
394.369
326.739
321.763
386.989
312.481
258.235
234.365
387.251
312.117
257.962
234.362
387.055
312.054
257.882
234.296
386.912
312.064
257.939
234.364
386.804
312.06
257.986
234.422
386.739
312.063
258.008
234.411
386.736
312.084
258.005
234.325
386.791
312.124
257.987
234.187
386.886
312.172
257.965
234.047
386.999
312.213
257.952
233.958
386.999
312.213
257.952
233.958
386.888
312.173
257.965
234.047
386.794
312.125
257.987
234.187
386.74
312.086
258.006
234.324
386.744
312.065
258.008
234.411
386.808
312.062
257.987
234.421
386.917
312.066
257.939
234.363
387.06
312.057
257.883
234.295
387.257
312.12
257.962
234.361
386.994
312.484
258.235
234.364
298.14
247.269
206.335
180.951
298.514
246.983
205.962
180.539
298.376
246.938
205.887
180.484
298.285
246.948
205.928
180.548
298.22
246.947
205.968
180.624
298.187
246.948
205.991
180.662
298.195
246.958
205.995
180.647
298.245
246.979
205.985
180.591
298.323
247.007
205.971
180.522
298.418
247.033
205.961
180.474
298.419
247.034
205.961
180.474
298.325
247.008
205.971
180.522
298.247
246.981
205.986
180.591
298.199
246.96
205.996
180.647
298.191
246.95
205.992
180.661
298.225
246.95
205.969
180.623
298.29
246.95
205.928
180.547
298.381
246.941
205.888
180.483
298.52
246.986
205.963
180.538
298.146
247.272
206.336
180.95
234.249
197.152
166.598
145.78
234.591
196.931
166.258
145.307
234.484
196.899
166.196
145.267
234.418
196.904
166.221
145.314
234.374
196.903
166.249
145.372
234.356
196.902
166.266
145.406
234.369
196.908
166.268
145.402
234.412
196.922
166.259
145.366
234.477
196.939
166.245
145.317
234.556
196.957
166.236
145.282
234.557
196.957
166.236
145.282
234.479
196.94
166.245
145.317
234.415
196.923
166.259
145.366
234.373
196.91
166.268
145.401
234.36
196.905
166.266
145.405
234.379
196.905
166.25
145.371
234.423
196.907
166.221
145.313
234.49
196.901
166.197
145.267
234.597
196.934
166.259
145.306
234.255
197.155
166.599
145.779
186.375
157.713
134.365
118.058
186.648
157.546
134.091
117.646
186.562
157.52
134.041
117.614
186.509
157.52
134.052
117.642
186.475
157.514
134.066
117.678
186.463
157.51
134.072
117.694
186.476
157.512
134.067
117.682
186.513
157.519
134.053
117.646
186.567
157.53
134.037
117.6
186.63
157.541
134.026
117.568
186.631
157.542
134.026
117.568
186.568
157.53
134.037
117.6
186.516
157.52
134.054
117.645
186.48
157.514
134.067
117.681
186.467
157.512
134.072
117.693
186.48
157.516
134.067
117.677
186.514
157.522
134.053
117.642
186.568
157.523
134.041
117.613
186.654
157.549
134.092
117.645
186.381
157.716
134.365
118.057
148.945
125.823
107.409
94.6834
149.151
125.695
107.199
94.3615
149.082
125.675
107.158
94.3355
149.038
125.671
107.162
94.3522
149.011
125.663
107.167
94.3724
149.002
125.658
107.166
94.377
149.014
125.657
107.157
94.3595
149.046
125.661
107.142
94.3235
149.09
125.669
107.125
94.2815
149.142
125.677
107.114
94.2524
149.142
125.677
107.114
94.2523
149.092
125.669
107.125
94.2812
149.049
125.663
107.142
94.3231
149.018
125.659
107.157
94.359
149.006
125.66
107.167
94.3765
149.016
125.666
107.168
94.3718
149.044
125.674
107.163
94.3516
149.088
125.678
107.159
94.3347
149.157
125.698
107.2
94.3607
148.951
125.826
107.41
94.6826
119.065
100.046
85.217
75.2894
119.218
99.9442
85.0579
75.0504
119.162
99.9283
85.0255
75.0292
119.126
99.9239
85.0269
75.0403
119.104
99.9167
85.0289
75.0528
119.097
99.9119
85.0258
75.0525
119.108
99.9115
85.0167
75.0346
119.134
99.9153
85.0033
75.0026
119.17
99.9217
84.9891
74.9664
119.212
99.9288
84.9799
74.9416
119.213
99.9291
84.98
74.9415
119.172
99.9226
84.9893
74.9661
119.137
99.9168
85.0036
75.0022
119.111
99.9134
85.0172
75.0342
119.101
99.9142
85.0264
75.052
119.109
99.9193
85.0296
75.0523
119.131
99.9267
85.0276
75.0397
119.168
99.9313
85.0263
75.0285
119.224
99.9473
85.0587
75.0496
119.071
100.049
85.2179
75.2886
95.0327
79.4324
67.4175
59.618
95.1464
79.35
67.2948
59.4407
95.1016
79.3374
67.2695
59.4238
95.0726
79.334
67.2708
59.4324
95.0547
79.3285
67.2723
59.4415
95.049
79.3251
67.2699
59.4401
95.0578
79.3256
67.2629
59.4247
95.0791
79.3296
67.2526
59.3983
95.1085
79.3357
67.2418
59.3689
95.1418
79.342
67.2349
59.3489
95.1424
79.3423
67.235
59.3488
95.1103
79.3366
67.2421
59.3687
95.0819
79.331
67.253
59.398
95.0615
79.3275
67.2635
59.4243
95.0534
79.3274
67.2705
59.4396
95.0596
79.331
67.2731
59.441
95.078
79.3368
67.2716
59.4318
95.1074
79.3404
67.2703
59.4232
95.1525
79.3531
67.2957
59.44
95.039
79.4356
67.4184
59.6173
75.6933
63.0587
53.357
47.1619
75.7805
62.9913
53.2601
47.0263
75.7446
62.9813
53.2402
47.013
75.7212
62.9789
53.2419
47.0203
75.7067
62.9749
53.2437
47.0278
75.7018
62.9727
53.2424
47.0268
75.7086
62.9736
53.2375
47.0148
75.7255
62.9774
53.23
46.994
75.7489
62.9829
53.2221
46.9709
75.7755
62.9885
53.217
46.9552
75.7761
62.9888
53.2171
46.9551
75.7506
62.9838
53.2223
46.9707
75.7282
62.9788
53.2304
46.9937
75.7122
62.9755
53.238
47.0144
75.7061
62.9749
53.243
47.0264
75.7115
62.9774
53.2445
47.0273
75.7265
62.9817
53.2427
47.0197
75.7503
62.9842
53.2411
47.0124
75.7865
62.9944
53.261
47.0256
75.6996
63.0619
53.3579
47.1612
60.1864
50.0732
42.2902
37.3346
60.2549
50.0181
42.2124
37.2274
60.2262
50.0101
42.1968
37.217
60.2074
50.0086
42.1986
37.2233
60.1956
50.0056
42.2005
37.2298
60.1915
50.004
42.1999
37.2296
60.1966
50.0049
42.1965
37.2206
60.2097
50.0082
42.1911
37.2046
60.2283
50.0129
42.1852
37.1867
60.2496
50.0175
42.1815
37.1745
60.2501
50.0178
42.1816
37.1744
60.2299
50.0137
42.1855
37.1865
60.2124
50.0096
42.1915
37.2043
60.2001
50.0067
42.1971
37.2202
60.1957
50.0062
42.2006
37.2292
60.2003
50.008
42.2013
37.2294
60.2126
50.0113
42.1994
37.2228
60.2317
50.013
42.1976
37.2165
60.2608
50.0212
42.2133
37.2269
60.1924
50.0763
42.2912
37.334
47.8111
39.7702
33.561
29.5924
47.8656
39.7256
33.4981
29.5062
47.8426
39.7193
33.4858
29.498
47.8277
39.7181
33.4875
29.5034
47.8181
39.7158
33.4893
29.509
47.8147
39.7146
33.4891
29.5093
47.8184
39.7153
33.4867
29.5026
47.8287
39.718
33.4826
29.4904
47.8433
39.7217
33.4782
29.4765
47.8604
39.7254
33.4753
29.467
47.8609
39.7257
33.4754
29.467
47.8449
39.7225
33.4784
29.4763
47.8312
39.7193
33.483
29.4901
47.8218
39.7171
33.4873
29.5023
47.8186
39.7167
33.4898
29.509
47.8226
39.7182
33.4901
29.5087
47.8326
39.7207
33.4884
29.503
47.8479
39.722
33.4867
29.4976
47.8713
39.7286
33.499
29.5057
47.8169
39.7733
33.562
29.5919
37.9699
31.5902
26.6521
23.4809
38.0134
31.5543
26.6013
23.4114
37.995
31.5492
26.5916
23.405
37.983
31.5484
26.593
23.4094
37.9753
31.5465
26.5946
23.4142
37.9724
31.5455
26.5946
23.4147
37.9753
31.5461
26.5928
23.4097
37.9833
31.5481
26.5896
23.4002
37.9949
31.551
26.5862
23.3894
38.0085
31.554
26.5839
23.382
38.009
31.5543
26.584
23.382
37.9964
31.5518
26.5864
23.3893
37.9857
31.5494
26.59
23.4
37.9784
31.5477
26.5933
23.4095
37.9762
31.5475
26.5953
23.4145
37.9796
31.5488
26.5954
23.4139
37.9876
31.5508
26.5939
23.4091
38
31.5519
26.5924
23.4046
38.0187
31.5571
26.6022
23.411
37.9754
31.5932
26.6531
23.4805
30.1569
25.0927
21.1694
18.6426
30.1915
25.0639
21.1286
18.5868
30.1767
25.0598
21.1209
18.5817
30.1672
25.0591
21.1221
18.5854
30.161
25.0576
21.1234
18.5893
30.1587
25.0568
21.1234
18.5898
30.1608
25.0572
21.122
18.586
30.1672
25.0588
21.1196
18.5786
30.1764
25.0611
21.1168
18.5702
30.1873
25.0635
21.1151
18.5643
30.1878
25.0638
21.1152
18.5643
30.1778
25.0619
21.1171
18.57
30.1694
25.06
21.12
18.5785
30.1638
25.0588
21.1226
18.5858
30.1621
25.0587
21.1241
18.5897
30.1649
25.0598
21.1242
18.5891
30.1715
25.0614
21.123
18.5852
30.1814
25.0623
21.1218
18.5815
30.1964
25.0665
21.1295
18.5865
30.162
25.0954
21.1704
18.6423
23.9559
19.9304
16.8128
14.8037
23.9833
19.9073
16.7802
14.759
23.9714
19.9041
16.774
14.7551
23.9638
19.9035
16.775
14.758
23.9589
19.9023
16.7761
14.7612
23.957
19.9017
16.7761
14.7617
23.9587
19.902
16.7751
14.7587
23.9638
19.9032
16.7731
14.7529
23.9711
19.9051
16.771
14.7463
23.98
19.907
16.7696
14.7416
23.9804
19.9073
16.7697
14.7416
23.9724
19.9058
16.7712
14.7462
23.9658
19.9043
16.7735
14.7528
23.9614
19.9034
16.7756
14.7586
23.9602
19.9034
16.7768
14.7616
23.9625
19.9043
16.7769
14.7611
23.9677
19.9057
16.7759
14.7579
23.9757
19.9064
16.7749
14.7549
23.9878
19.9098
16.7811
14.7588
23.9606
19.9329
16.8138
14.8035
19.0324
15.8289
13.3501
11.7543
19.0541
15.8104
13.324
11.7187
19.0446
15.8078
13.3192
11.7156
19.0386
15.8074
13.32
11.718
19.0347
15.8065
13.3209
11.7205
19.0332
15.806
13.3209
11.721
19.0346
15.8063
13.3201
11.7187
19.0387
15.8073
13.3186
11.7141
19.0446
15.8088
13.3169
11.7088
19.0517
15.8104
13.3158
11.7051
19.0521
15.8106
13.3159
11.7051
19.0457
15.8095
13.3171
11.7088
19.0405
15.8083
13.319
11.714
19.037
15.8076
13.3206
11.7186
19.0361
15.8076
13.3216
11.7209
19.0379
15.8083
13.3216
11.7205
19.0421
15.8094
13.3208
11.718
19.0484
15.81
13.32
11.7156
19.0581
15.8127
13.3249
11.7187
19.0366
15.8312
13.351
11.7542
15.1215
12.5705
10.5987
9.33147
15.1387
12.5557
10.5779
9.30328
15.1312
12.5537
10.574
9.3008
15.1264
12.5534
10.5747
9.30269
15.1234
12.5528
10.5754
9.30473
15.1223
12.5524
10.5755
9.30512
15.1235
12.5527
10.5749
9.30332
15.1268
12.5536
10.5737
9.29973
15.1316
12.5548
10.5724
9.29554
15.1373
12.5561
10.5716
9.29261
15.1377
12.5563
10.5717
9.29259
15.1326
12.5554
10.5727
9.29549
15.1284
12.5545
10.5741
9.29969
15.1256
12.5539
10.5754
9.30332
15.1248
12.5539
10.5762
9.30515
15.1262
12.5544
10.5762
9.30479
15.1295
12.5552
10.5755
9.30276
15.1345
12.5557
10.5749
9.30085
15.1422
12.5578
10.5787
9.3033
15.1253
12.5727
10.5996
9.33149
12.0141
9.98238
8.4133
7.4069
12.0277
9.97054
8.39669
7.38452
12.0218
9.96899
8.39367
7.38255
12.0181
9.96881
8.39424
7.38406
12.0158
9.96833
8.39484
7.38568
12.015
9.96811
8.39495
7.38601
12.016
9.96839
8.39449
7.38461
12.0187
9.96916
8.3936
7.38178
12.0226
9.97022
8.39259
7.37846
12.0273
9.9713
8.39195
7.37614
12.0276
9.97147
8.39202
7.37613
12.0235
9.97072
8.39281
7.37844
12.0201
9.96997
8.39396
7.38178
12.0179
9.96947
8.39498
7.38466
12.0172
9.9694
8.39555
7.38611
12.0182
9.96979
8.39554
7.38583
12.0207
9.97041
8.39501
7.38421
12.0247
9.97072
8.39449
7.3827
12.0308
9.97239
8.39754
7.38464
12.0174
9.9843
8.41419
7.40702
9.54486
7.92674
6.67799
5.87848
9.55559
7.91727
6.66473
5.8607
9.55095
7.91607
6.66235
5.85913
9.54811
7.91599
6.66282
5.86032
9.5464
7.91567
6.66333
5.86162
9.54589
7.91556
6.66344
5.86188
9.54682
7.91585
6.6631
5.86078
9.54907
7.91652
6.66243
5.85854
9.55227
7.91742
6.66166
5.85592
9.55604
7.91832
6.66117
5.85408
9.5563
7.91847
6.66124
5.85408
9.55303
7.91786
6.66186
5.85593
9.55028
7.91724
6.66277
5.85859
9.54838
7.9168
6.66357
5.86088
9.54773
7.91669
6.66402
5.86205
9.54847
7.91695
6.664
5.86183
9.55039
7.9174
6.66356
5.86056
9.55344
7.91761
6.66314
5.85936
9.55827
7.9189
6.66556
5.86092
9.54765
7.92844
6.67885
5.87869
7.58273
6.29409
5.3002
4.66487
7.59124
6.28651
5.28961
4.65074
7.58761
6.2856
5.28773
4.64948
7.58546
6.28559
5.28812
4.65042
7.58421
6.28539
5.28854
4.65143
7.5839
6.28536
5.28865
4.65164
7.58474
6.28565
5.28841
4.65077
7.58663
6.28624
5.2879
4.64901
7.58925
6.287
5.28731
4.64693
7.59232
6.28775
5.28694
4.64548
7.59254
6.28788
5.287
4.64548
7.58989
6.28739
5.28751
4.64696
7.58764
6.28687
5.28823
4.64909
7.58605
6.28648
5.28886
4.65093
7.58543
6.28635
5.28921
4.65188
7.58592
6.28651
5.28918
4.65172
7.58735
6.28682
5.28883
4.65073
7.58969
6.28694
5.28849
4.64979
7.59349
6.28795
5.29041
4.65104
7.58508
6.29559
5.30103
4.66518
6.02368
4.9974
4.20628
3.70131
6.03043
4.99133
4.19781
3.69008
6.0276
4.99064
4.19632
3.68906
6.02597
4.99067
4.19665
3.68979
6.02507
4.99056
4.19699
3.69058
6.02491
4.99058
4.19709
3.69074
6.02566
4.99085
4.19691
3.69005
6.02723
4.99136
4.19652
3.68865
6.02938
4.992
4.19607
3.68701
6.03187
4.99263
4.19579
3.68586
6.03206
4.99274
4.19585
3.68588
6.02991
4.99234
4.19626
3.68707
6.02807
4.9919
4.19684
3.68878
6.02673
4.99156
4.19734
3.69026
6.02615
4.99143
4.19762
3.69104
6.02645
4.99151
4.19761
3.69094
6.0275
4.99173
4.19733
3.69018
6.02929
4.99179
4.19706
3.68945
6.03227
4.99257
4.19858
3.69047
6.02561
4.9987
4.20708
3.70171
4.78498
3.96752
3.33773
2.93634
4.79032
3.96266
3.33095
2.9274
4.78811
3.96213
3.32977
2.92657
4.78688
3.96219
3.33003
2.92714
4.78623
3.96212
3.33031
2.92775
4.78616
3.96217
3.33039
2.92786
4.78681
3.96241
3.33026
2.92731
4.78811
3.96285
3.32996
2.92621
4.78985
3.96338
3.32961
2.9249
4.79187
3.9639
3.3294
2.924
4.79201
3.964
3.32946
2.92402
4.79028
3.96367
3.32979
2.92499
4.78876
3.96331
3.33026
2.92637
4.78764
3.96302
3.33067
2.92757
4.78712
3.96288
3.3309
2.92822
4.78728
3.96293
3.3309
2.92817
4.78805
3.96307
3.33069
2.92759
4.78942
3.96311
3.33048
2.92704
4.79176
3.96371
3.33169
2.92787
4.78649
3.96862
3.33849
2.93681
3.80084
3.1496
2.64815
2.32908
3.80507
3.1457
2.64273
2.32196
3.80334
3.14529
2.6418
2.32129
3.80239
3.14535
2.642
2.32172
3.80191
3.14532
2.64221
2.3222
3.80188
3.14536
2.64228
2.32228
3.80241
3.14557
2.64217
2.32184
3.80346
3.14592
2.64195
2.32097
3.80487
3.14636
2.64168
2.31994
3.80648
3.14678
2.64152
2.31923
3.80659
3.14686
2.64158
2.31926
3.80519
3.1466
2.64185
2.32004
3.80395
3.1463
2.64224
2.32116
3.80302
3.14606
2.64258
2.32215
3.80256
3.14595
2.64277
2.32269
3.80265
3.14597
2.64279
2.32269
3.80322
3.14608
2.64263
2.32225
3.80427
3.14609
2.64247
2.32184
3.8061
3.14656
2.64345
2.32251
3.80194
3.15051
2.64889
2.32963
3.01901
2.5001
2.10079
1.84712
3.02235
2.49697
2.09645
1.84146
3.02098
2.49665
2.0957
1.84091
3.02025
2.4967
2.09586
1.84124
3.01986
2.49667
2.09602
1.84161
3.01984
2.4967
2.09607
1.84167
3.02025
2.49686
2.09599
1.84132
3.02107
2.49714
2.09581
1.84064
3.02218
2.49749
2.0956
1.83983
3.02346
2.49783
2.09549
1.83928
3.02354
2.49789
2.09554
1.83932
3.0224
2.49768
2.09577
1.83996
3.0214
2.49744
2.09609
1.84087
3.02064
2.49725
2.09637
1.84167
3.02025
2.49716
2.09654
1.84213
3.0203
2.49718
2.09657
1.84216
3.02073
2.49726
2.09646
1.84184
3.02154
2.49727
2.09635
1.84153
3.02299
2.49765
2.09713
1.84209
3.0197
2.50081
2.10149
1.84776
2.398
1.98447
1.66644
1.46473
2.40063
1.98195
1.66297
1.46023
2.39954
1.9817
1.66237
1.45978
2.39894
1.98173
1.66249
1.46004
2.39862
1.9817
1.66261
1.46032
2.39857
1.98171
1.66265
1.46037
2.39886
1.98182
1.66258
1.4601
2.39947
1.98203
1.66244
1.45957
2.40033
1.9823
1.66228
1.45895
2.40133
1.98256
1.6622
1.45852
2.40137
1.98261
1.66225
1.45857
2.40045
1.98244
1.66245
1.45909
2.39964
1.98226
1.66271
1.45984
2.39903
1.98211
1.66295
1.4605
2.39872
1.98204
1.6631
1.46089
2.39875
1.98207
1.66314
1.46093
2.39908
1.98214
1.66307
1.4607
2.39972
1.98215
1.66299
1.46047
2.40087
1.98245
1.66362
1.46093
2.39827
1.98499
1.66711
1.46544
1.90483
1.57525
1.32192
1.16146
1.90689
1.57323
1.31914
1.15788
1.90602
1.57302
1.31866
1.15752
1.90553
1.57304
1.31876
1.15772
1.90523
1.57299
1.31885
1.15794
1.90514
1.57298
1.31887
1.15799
1.90532
1.57304
1.31882
1.15779
1.90576
1.57319
1.31871
1.15739
1.90639
1.57339
1.3186
1.15691
1.90716
1.57359
1.31854
1.15659
1.90717
1.57363
1.31859
1.15665
1.90642
1.57349
1.31875
1.15708
1.90577
1.57335
1.31897
1.15769
1.90528
1.57324
1.31918
1.15823
1.90503
1.57319
1.31931
1.15856
1.90506
1.57322
1.31936
1.15861
1.90532
1.57329
1.31931
1.15844
1.90583
1.5733
1.31926
1.15828
1.90674
1.57354
1.31977
1.15866
1.9047
1.57558
1.32256
1.16225
1.51329
1.25061
1.04877
0.921037
1.51491
1.24897
1.04655
0.918185
1.5142
1.24881
1.04616
0.917895
1.51379
1.24881
1.04623
0.91805
1.51351
1.24875
1.04631
0.918235
1.51338
1.24871
1.04632
0.918286
1.51345
1.24874
1.04628
0.918152
1.51374
1.24884
1.04621
0.917856
1.5142
1.24898
1.04612
0.9175
1.51478
1.24913
1.04608
0.917267
1.51476
1.24915
1.04613
0.917328
1.51413
1.24904
1.04627
0.917687
1.5136
1.24892
1.04646
0.918183
1.51321
1.24884
1.04663
0.918629
1.51301
1.24881
1.04675
0.918905
1.51304
1.24884
1.0468
0.918962
1.51325
1.2489
1.04677
0.918843
1.51365
1.24891
1.04674
0.918724
1.51438
1.24911
1.04715
0.919036
1.51276
1.25074
1.04938
0.921901
1.20252
0.993118
0.832269
0.730493
1.20379
0.991805
0.830486
0.728218
1.20321
0.991665
0.830181
0.727985
1.20285
0.991654
0.830236
0.728111
1.20258
0.991588
0.830292
0.728268
1.20242
0.991535
0.830308
0.728327
1.20242
0.991531
0.830284
0.728246
1.20259
0.991588
0.830232
0.728039
1.2029
0.991687
0.830174
0.727783
1.20332
0.991793
0.830154
0.72762
1.20327
0.9918
0.830202
0.727686
1.20274
0.991703
0.830318
0.727986
1.2023
0.991607
0.830471
0.728392
1.20198
0.991541
0.830615
0.728758
1.20181
0.991521
0.830717
0.728989
1.20183
0.991549
0.830762
0.729046
1.202
0.991599
0.830749
0.728962
1.20231
0.991611
0.830727
0.728877
1.20288
0.991763
0.831056
0.729133
1.2016
0.993071
0.832844
0.731421
0.955887
0.788913
0.660674
0.579493
0.956885
0.787855
0.659243
0.577674
0.95641
0.78774
0.659002
0.577489
0.956097
0.78772
0.659045
0.577592
0.955838
0.787649
0.659092
0.57773
0.955649
0.787585
0.65911
0.577798
0.955583
0.78756
0.659098
0.577762
0.95566
0.787587
0.659068
0.577628
0.955858
0.787651
0.659034
0.577452
0.956147
0.787723
0.659028
0.577347
0.956068
0.787716
0.659073
0.577418
0.955616
0.787628
0.659171
0.57767
0.955237
0.787543
0.659296
0.578003
0.95496
0.787484
0.659414
0.578304
0.954817
0.787466
0.6595
0.578497
0.954818
0.787487
0.659541
0.578552
0.954943
0.787525
0.659535
0.578494
0.955184
0.787532
0.659521
0.578433
0.955629
0.787649
0.659784
0.578644
0.954609
0.788694
0.661215
0.580474
0.760138
0.626932
0.524633
0.459806
0.760922
0.626079
0.523485
0.458349
0.760532
0.625984
0.523294
0.458202
0.760261
0.62596
0.52333
0.458289
0.760015
0.625888
0.52337
0.458412
0.759812
0.625818
0.523391
0.458489
0.759704
0.625781
0.523392
0.458489
0.759711
0.625787
0.52338
0.458413
0.759821
0.625825
0.523365
0.458303
0.76001
0.62587
0.52337
0.458242
0.759905
0.625851
0.523413
0.458317
0.759504
0.625766
0.523494
0.458531
0.759168
0.625684
0.523595
0.458806
0.758918
0.625627
0.52369
0.459053
0.75878
0.625604
0.523761
0.459215
0.75876
0.625613
0.523795
0.459267
0.758841
0.625638
0.523793
0.459228
0.759015
0.625637
0.523783
0.459187
0.759354
0.625723
0.523993
0.459361
0.758536
0.626556
0.525138
0.460828
0.604733
0.498383
0.416714
0.36489
0.605349
0.497693
0.41579
0.363722
0.605032
0.497617
0.41564
0.363605
0.604798
0.497592
0.415671
0.36368
0.60457
0.497523
0.415708
0.363791
0.604365
0.497453
0.415732
0.363874
0.60423
0.497409
0.415743
0.363902
0.604189
0.497402
0.415746
0.363872
0.604234
0.497422
0.415747
0.363811
0.604343
0.497445
0.41576
0.363786
0.604217
0.497415
0.4158
0.363863
0.603853
0.497331
0.415867
0.364046
0.603544
0.497248
0.415948
0.364274
0.603308
0.497187
0.416023
0.364479
0.603164
0.497155
0.416079
0.364616
0.603118
0.49715
0.416106
0.364665
0.603154
0.497158
0.416105
0.364642
0.603267
0.497147
0.416097
0.364617
0.603516
0.497206
0.416263
0.364762
0.602855
0.497866
0.41718
0.36594
0.481302
0.396293
0.331027
0.289561
0.481786
0.395735
0.330283
0.288623
0.48153
0.395675
0.330166
0.28853
0.481332
0.395652
0.330194
0.288595
0.481126
0.395589
0.330228
0.288696
0.480927
0.395524
0.330255
0.288783
0.480781
0.395479
0.330275
0.288831
0.48071
0.395465
0.33029
0.288835
0.480708
0.395472
0.330303
0.288813
0.480757
0.39548
0.330323
0.288814
0.480615
0.39544
0.330359
0.288892
0.480278
0.395354
0.330413
0.28905
0.479986
0.395268
0.330476
0.289241
0.479754
0.3952
0.330534
0.289412
0.479598
0.395156
0.330577
0.289528
0.479522
0.395136
0.330597
0.289575
0.479514
0.395127
0.330595
0.289565
0.479571
0.395103
0.330587
0.289553
0.479742
0.395137
0.330718
0.289675
0.479204
0.395659
0.331451
0.290623
0.383206
0.31515
0.262924
0.229723
0.383587
0.314697
0.262323
0.228969
0.383383
0.314652
0.262233
0.228895
0.383221
0.314633
0.262259
0.228952
0.38304
0.314579
0.262292
0.229044
0.382856
0.314522
0.262322
0.229131
0.38271
0.31448
0.262348
0.229193
0.382623
0.314463
0.262373
0.229222
0.382589
0.314462
0.262394
0.229228
0.382595
0.314459
0.262419
0.229249
0.38244
0.314413
0.262452
0.229326
0.382125
0.314324
0.262495
0.229464
0.381844
0.314235
0.262543
0.229625
0.381611
0.314158
0.262586
0.229769
0.38144
0.314102
0.262617
0.229869
0.381334
0.314065
0.26263
0.229914
0.381284
0.314038
0.262625
0.229914
0.381289
0.314001
0.262617
0.229913
0.381395
0.314012
0.262719
0.230018
0.380951
0.314423
0.263305
0.230781
0.305188
0.250599
0.208743
0.182149
0.305488
0.250231
0.208259
0.181543
0.30533
0.250199
0.20819
0.181485
0.3052
0.250187
0.208215
0.181535
0.305047
0.250143
0.208247
0.181618
0.304884
0.250096
0.208279
0.181704
0.304746
0.25006
0.208311
0.181774
0.304653
0.250045
0.208343
0.181819
0.304601
0.25004
0.208371
0.181846
0.304576
0.250029
0.208398
0.181881
0.304415
0.249978
0.208428
0.181957
0.304119
0.249889
0.208462
0.182077
0.303847
0.249795
0.208497
0.182214
0.303611
0.24971
0.208528
0.182336
0.303425
0.249642
0.208548
0.182423
0.303291
0.249589
0.208554
0.182467
0.303203
0.249545
0.208546
0.182475
0.303163
0.249495
0.208536
0.182483
0.303212
0.249487
0.208614
0.182574
0.302843
0.249808
0.209083
0.183188
0.243084
0.199207
0.165608
0.144303
0.24332
0.198908
0.165217
0.143817
0.2432
0.198887
0.165166
0.143772
0.243101
0.198882
0.16519
0.143816
0.242975
0.198849
0.165222
0.143891
0.242835
0.198813
0.165257
0.143973
0.242711
0.198785
0.165293
0.144048
0.242621
0.198774
0.165329
0.144105
0.242559
0.198768
0.165362
0.144145
0.242514
0.198752
0.165391
0.144189
0.242352
0.198699
0.165418
0.144263
0.242074
0.19861
0.165444
0.144368
0.241812
0.198513
0.16547
0.144486
0.241575
0.198423
0.16549
0.144591
0.241375
0.198344
0.165501
0.144668
0.241217
0.198277
0.165501
0.14471
0.241098
0.198217
0.165488
0.144723
0.241021
0.198156
0.165477
0.144738
0.241023
0.198131
0.165536
0.144818
0.240713
0.198381
0.16591
0.145312
0.193597
0.158266
0.131258
0.114195
0.193783
0.158022
0.130942
0.113807
0.193695
0.158011
0.130905
0.113771
0.193622
0.158013
0.13093
0.11381
0.193521
0.15799
0.130961
0.113878
0.193404
0.157964
0.130997
0.113957
0.193296
0.157946
0.131037
0.114034
0.193212
0.157939
0.131078
0.114098
0.193149
0.157934
0.131114
0.114147
0.193092
0.157917
0.131144
0.114197
0.192934
0.157864
0.131168
0.114266
0.192676
0.157777
0.131189
0.11436
0.192425
0.15768
0.131206
0.114461
0.19219
0.157586
0.131218
0.114553
0.191982
0.1575
0.131222
0.114621
0.191808
0.157422
0.131216
0.11466
0.191665
0.15735
0.1312
0.114677
0.191559
0.15728
0.131186
0.114695
0.191526
0.157242
0.131229
0.114766
0.191263
0.157434
0.131527
0.115163
0.154131
0.125645
0.103916
0.0902582
0.154278
0.125446
0.103661
0.0899489
0.154214
0.125443
0.103634
0.0899215
0.154161
0.125449
0.103659
0.0899564
0.154081
0.125435
0.10369
0.0900185
0.153984
0.125418
0.103728
0.0900937
0.153891
0.125407
0.10377
0.0901709
0.153817
0.125406
0.103814
0.0902393
0.153755
0.125404
0.103853
0.0902945
0.153694
0.125388
0.103884
0.090347
0.153544
0.125337
0.103906
0.0904129
0.153307
0.125254
0.103923
0.0904956
0.15307
0.12516
0.103934
0.0905839
0.152843
0.125065
0.10394
0.0906641
0.152635
0.124975
0.103938
0.0907249
0.152452
0.124891
0.103928
0.0907618
0.152296
0.124812
0.103909
0.0907797
0.152172
0.124736
0.103893
0.0907996
0.152113
0.124689
0.103924
0.0908618
0.151888
0.124835
0.10416
0.0911795
0.122652
0.099669
0.0821818
0.0712569
0.122767
0.0995075
0.0819761
0.0710114
0.122721
0.0995089
0.0819579
0.0709906
0.122682
0.0995177
0.0819819
0.0710222
0.122617
0.0995094
0.0820133
0.0710796
0.122534
0.0994995
0.0820518
0.0711518
0.122454
0.0994956
0.0820959
0.0712289
0.122389
0.0994996
0.0821424
0.0712998
0.122332
0.0995017
0.0821839
0.0713585
0.122272
0.0994878
0.0822156
0.0714124
0.122134
0.0994412
0.0822371
0.0714744
0.121919
0.0993641
0.0822506
0.071548
0.121701
0.0992751
0.0822581
0.0716255
0.121486
0.0991835
0.08226
0.0716965
0.121285
0.0990946
0.0822552
0.071751
0.121103
0.0990093
0.0822415
0.0717849
0.120944
0.098928
0.0822209
0.0718024
0.120812
0.0988499
0.0822036
0.0718219
0.120737
0.0987978
0.0822242
0.0718757
0.120545
0.0989075
0.082411
0.0721293
0.0975763
0.0790264
0.0649496
0.0562094
0.0976654
0.0788949
0.064784
0.0560149
0.0976314
0.0788986
0.0647719
0.0559993
0.0976003
0.0789077
0.0647948
0.0560285
0.0975431
0.0789024
0.0648255
0.0560823
0.0974697
0.0788969
0.0648646
0.0561522
0.0973998
0.0788981
0.0649104
0.056229
0.097343
0.0789071
0.0649592
0.0563013
0.0972933
0.0789136
0.0650029
0.0563622
0.0972373
0.0789039
0.065036
0.0564164
0.0971134
0.0788632
0.0650575
0.0564748
0.0969233
0.078794
0.0650696
0.0565408
0.0967259
0.0787126
0.0650751
0.0566095
0.0965285
0.0786274
0.065075
0.056673
0.0963405
0.0785434
0.0650687
0.0567222
0.0961688
0.0784615
0.065054
0.0567532
0.0960153
0.0783825
0.065033
0.0567692
0.0958851
0.0783067
0.065015
0.0567868
0.0958037
0.078253
0.0650277
0.0568324
0.0956398
0.0783345
0.0651747
0.0570341
0.0776729
0.0626828
0.0513381
0.0443295
0.0777411
0.0625753
0.0512046
0.0441751
0.0777136
0.0625795
0.0511969
0.0441638
0.0776852
0.062587
0.0512184
0.044191
0.0776314
0.0625825
0.0512482
0.0442421
0.0775635
0.0625794
0.0512876
0.0443104
0.0775006
0.0625845
0.0513347
0.0443868
0.0774521
0.0625982
0.0513856
0.04446
0.0774106
0.0626098
0.0514317
0.044522
0.0773618
0.0626054
0.0514666
0.0445762
0.0772537
0.0625719
0.0514889
0.0446314
0.0770876
0.0625118
0.051501
0.0446913
0.0769127
0.0624395
0.0515061
0.0447529
0.0767358
0.0623631
0.0515058
0.0448104
0.0765662
0.0622871
0.0514997
0.0448556
0.0764103
0.0622123
0.0514856
0.0448838
0.0762697
0.0621395
0.0514654
0.0448979
0.0761482
0.062069
0.0514475
0.0449127
0.0760671
0.0620166
0.0514542
0.0449503
0.075928
0.0620767
0.0515698
0.0451107
0.0619715
0.0498137
0.040637
0.034982
0.0620225
0.0497253
0.0405287
0.0348587
0.0619983
0.0497288
0.0405243
0.0348508
0.0619695
0.0497337
0.0405442
0.0348765
0.0619166
0.0497288
0.040573
0.0349255
0.061852
0.0497272
0.0406125
0.0349924
0.0617952
0.0497356
0.0406609
0.0350684
0.0617549
0.049754
0.0407139
0.035142
0.0617228
0.0497713
0.0407625
0.0352047
0.0616834
0.0497732
0.0407996
0.0352586
0.0615915
0.0497475
0.0408234
0.0353113
0.0614482
0.0496968
0.0408364
0.0353665
0.0612953
0.0496344
0.0408424
0.0354227
0.0611398
0.0495679
0.0408433
0.0354758
0.0609903
0.0495016
0.0408387
0.0355179
0.060853
0.0494359
0.0408264
0.0355441
0.060729
0.0493713
0.040808
0.0355563
0.0606199
0.049308
0.0407909
0.035568
0.0605435
0.0492587
0.0407931
0.0355982
0.0604263
0.0493031
0.0408842
0.0357264
0.0496862
0.0397479
0.0322657
0.0276511
0.0497233
0.0396742
0.0321771
0.0275513
0.049701
0.039677
0.0321751
0.0275463
0.0496714
0.0396796
0.0321937
0.0275707
0.0496194
0.0396743
0.0322216
0.0276178
0.0495584
0.0396742
0.0322611
0.0276833
0.0495082
0.0396859
0.0323108
0.0277586
0.0494768
0.0397094
0.0323658
0.0278322
0.0494553
0.0397328
0.0324168
0.0278953
0.0494265
0.0397414
0.0324563
0.0279489
0.04935
0.0397235
0.0324822
0.0279996
0.0492273
0.039682
0.0324969
0.0280514
0.0490943
0.0396291
0.0325046
0.028104
0.0489585
0.0395725
0.0325076
0.028154
0.048828
0.0395158
0.0325053
0.0281942
0.0487087
0.0394595
0.0324957
0.0282192
0.0486008
0.0394035
0.0324797
0.0282301
0.0485046
0.0393475
0.0324636
0.0282389
0.0484345
0.0393017
0.0324623
0.0282628
0.0483361
0.0393348
0.032535
0.0283666
0.0401581
0.0319268
0.0257459
0.0219174
0.0401843
0.0318644
0.0256722
0.0218352
0.0401643
0.031867
0.0256724
0.0218325
0.0401355
0.0318684
0.02569
0.0218559
0.0400865
0.0318639
0.0257173
0.021901
0.0400314
0.0318662
0.0257569
0.0219647
0.0399894
0.031882
0.0258075
0.0220388
0.0399683
0.0319107
0.0258642
0.0221119
0.0399579
0.0319403
0.0259175
0.0221749
0.0399399
0.0319555
0.0259594
0.0222283
0.0398776
0.031945
0.0259875
0.0222777
0.0397722
0.0319118
0.0260045
0.0223274
0.0396558
0.0318675
0.0260145
0.0223778
0.039536
0.0318194
0.0260201
0.0224263
0.0394209
0.0317712
0.0260206
0.0224658
0.0393158
0.0317228
0.0260138
0.0224904
0.0392208
0.0316741
0.0260003
0.0225007
0.0391348
0.0316239
0.0259852
0.0225075
0.0390697
0.0315811
0.0259813
0.0225263
0.0389868
0.0316063
0.0260406
0.0226122
0.0328191
0.02588
0.0206836
0.0174423
0.0328371
0.0258261
0.0206211
0.0173733
0.0328207
0.0258297
0.0206233
0.0173727
0.0327958
0.0258317
0.0206405
0.017395
0.0327532
0.0258297
0.0206675
0.0174378
0.032707
0.0258356
0.0207072
0.0174992
0.0326757
0.0258562
0.0207585
0.0175714
0.0326658
0.0258903
0.0208165
0.0176434
0.0326665
0.0259256
0.0208715
0.017706
0.032659
0.0259467
0.0209154
0.017759
0.0326087
0.0259427
0.0209457
0.0178078
0.0325169
0.0259165
0.0209651
0.0178564
0.032413
0.0258793
0.0209779
0.0179059
0.0323047
0.0258381
0.0209863
0.017954
0.0321996
0.0257961
0.0209896
0.017994
0.0321033
0.0257533
0.0209855
0.0180192
0.0320158
0.0257093
0.0209742
0.0180298
0.0319354
0.0256627
0.02096
0.0180355
0.0318724
0.0256215
0.020954
0.0180508
0.0318015
0.0256409
0.0210035
0.0181238
0.0271743
0.0212121
0.0167584
0.013956
0.0271865
0.0211647
0.0167045
0.0138968
0.0271755
0.0211703
0.0167087
0.0138981
0.0271574
0.0211747
0.016726
0.0139195
0.0271248
0.0211767
0.016753
0.0139597
0.0270906
0.0211876
0.0167928
0.014018
0.0270717
0.0212135
0.0168444
0.0140877
0.0270736
0.0212529
0.0169031
0.014158
0.0270849
0.0212932
0.0169592
0.0142198
0.0270864
0.0213192
0.0170045
0.0142724
0.0270457
0.0213204
0.0170368
0.0143208
0.0269638
0.0212997
0.0170586
0.0143692
0.0268683
0.0212679
0.0170741
0.0144188
0.0267666
0.0212314
0.0170852
0.0144677
0.0266662
0.0211931
0.0170911
0.0145088
0.0265728
0.0211531
0.0170893
0.0145355
0.0264869
0.0211111
0.0170799
0.0145471
0.0264069
0.0210656
0.0170662
0.0145527
0.0263428
0.0210243
0.0170585
0.0145658
0.0262802
0.0210392
0.0171009
0.0146299
0.0227952
0.0175939
0.0137143
0.0112452
0.0228037
0.0175516
0.0136669
0.0111937
0.022799
0.0175599
0.0136732
0.0111969
0.0227901
0.0175681
0.013691
0.0112172
0.0227697
0.0175752
0.0137182
0.0112547
0.0227494
0.0175918
0.0137579
0.0113096
0.0227439
0.0176234
0.0138096
0.0113763
0.0227574
0.0176677
0.0138685
0.0114447
0.022778
0.0177121
0.0139251
0.0115057
0.0227868
0.0177418
0.0139714
0.0115579
0.0227532
0.0177468
0.0140052
0.0116061
0.022678
0.0177301
0.014029
0.0116546
0.0225872
0.0177019
0.0140469
0.0117049
0.0224879
0.0176682
0.0140606
0.011755
0.0223876
0.0176313
0.0140686
0.0117979
0.0222924
0.0175918
0.0140687
0.0118264
0.0222034
0.0175495
0.0140606
0.0118396
0.0221197
0.0175029
0.014047
0.0118458
0.0220516
0.0174603
0.0140379
0.0118578
0.0219941
0.0174712
0.0140749
0.0119154
0.0193164
0.0147535
0.0113468
0.00914179
0.0193229
0.0147156
0.0113048
0.00909651
0.0193246
0.0147268
0.0113131
0.00910158
0.0193253
0.0147391
0.0113317
0.0091213
0.0193177
0.0147518
0.0113592
0.00915615
0.0193114
0.0147743
0.0113989
0.00920758
0.0193189
0.0148113
0.0114506
0.00927153
0.0193429
0.01486
0.0115096
0.00933825
0.0193714
0.0149079
0.0115664
0.00939847
0.0193858
0.0149403
0.0116134
0.00945054
0.019357
0.014948
0.0116482
0.00949872
0.019286
0.0149337
0.0116735
0.00954737
0.0191972
0.0149075
0.0116932
0.00959832
0.0190975
0.0148748
0.0117088
0.00964978
0.0189944
0.0148378
0.0117184
0.00969454
0.0188946
0.0147973
0.0117198
0.00972482
0.0188002
0.0147532
0.0117125
0.0097397
0.0187109
0.0147046
0.0116989
0.00974694
0.0186377
0.0146601
0.0116886
0.00975839
0.0185826
0.0146668
0.0117211
0.00981129
0.0164363
0.0124665
0.00948961
0.00751115
0.0164422
0.012433
0.00945267
0.00747119
0.0164489
0.0124465
0.00946285
0.00747849
0.0164578
0.0124625
0.00948235
0.00749796
0.0164612
0.01248
0.00951027
0.00753065
0.0164671
0.0125079
0.0095502
0.00757922
0.0164856
0.0125498
0.009602
0.00764099
0.0165183
0.0126024
0.00966132
0.00770675
0.0165528
0.0126531
0.00971871
0.00776697
0.0165711
0.0126877
0.00976628
0.0078193
0.0165456
0.012697
0.00980173
0.00786751
0.0164774
0.0126841
0.00982776
0.00791605
0.0163892
0.0126586
0.00984838
0.00796731
0.0162881
0.0126259
0.00986494
0.00801977
0.0161818
0.0125881
0.00987555
0.00806606
0.0160776
0.0125462
0.00987763
0.00809781
0.0159784
0.0125003
0.00987071
0.00811393
0.0158844
0.01245
0.009857
0.00812196
0.0158069
0.0124038
0.00984571
0.00813298
0.0157523
0.012406
0.00987374
0.00818216
0.0139238
0.0105503
0.0080009
0.00624169
0.0139294
0.0105214
0.00796926
0.0062069
0.0139384
0.0105362
0.00798123
0.00621685
0.0139523
0.0105546
0.00800166
0.00623666
0.0139631
0.0105755
0.00803016
0.00626794
0.0139775
0.0106075
0.00807063
0.00631462
0.0140036
0.0106531
0.00812306
0.00637528
0.014042
0.0107089
0.00818321
0.00644117
0.0140804
0.010762
0.00824155
0.00650232
0.0141011
0.0107981
0.00828988
0.0065555
0.0140783
0.0108087
0.00832565
0.00660376
0.0140128
0.0107965
0.00835165
0.00665169
0.0139257
0.0107712
0.00837219
0.00670247
0.0138243
0.0107383
0.00838887
0.00675515
0.0137167
0.0107001
0.00839968
0.00680222
0.0136112
0.0106577
0.0084019
0.00683464
0.0135107
0.0106113
0.00839497
0.00685112
0.0134155
0.0105606
0.0083811
0.00685923
0.0133365
0.0105141
0.00836905
0.00686953
0.0132816
0.0105115
0.00839234
0.00691529
0.0116292
0.00886593
0.00675657
0.00523393
0.0116341
0.00884179
0.00673078
0.00520502
0.0116421
0.00885659
0.00674436
0.00521803
0.0116569
0.00887536
0.00676561
0.00523885
0.0116702
0.00889771
0.00679477
0.00526974
0.0116881
0.00893181
0.00683606
0.00531574
0.0117172
0.00897958
0.00688951
0.00537651
0.0117576
0.0090372
0.00695094
0.00544363
0.0117971
0.00909182
0.00701059
0.00550661
0.0118186
0.00912917
0.00705981
0.00556109
0.0117985
0.00914072
0.00709566
0.00560922
0.011737
0.00912944
0.00712103
0.00565578
0.0116534
0.00910483
0.00714074
0.00570497
0.0115548
0.00907276
0.00715681
0.00575666
0.0114501
0.00903554
0.00716727
0.00580332
0.0113481
0.00899453
0.00716928
0.00583516
0.0112519
0.00894989
0.00716218
0.00585071
0.0111608
0.00890114
0.00714826
0.00585778
0.0110841
0.00885591
0.00713572
0.00586676
0.0110292
0.00884855
0.00715382
0.00590857
0.00949299
0.0073261
0.00565395
0.00439192
0.00949611
0.00730644
0.00563429
0.00437001
0.00949972
0.00731958
0.00564906
0.00438632
0.009511
0.0073367
0.0056708
0.00440878
0.00952197
0.00735821
0.00570043
0.00444027
0.00953826
0.00739222
0.0057425
0.00448674
0.00956563
0.00744007
0.00579695
0.00454862
0.00960379
0.00749774
0.00585959
0.00461767
0.0096414
0.00755251
0.00592044
0.00468288
0.00966219
0.0075903
0.00597039
0.00473871
0.00964499
0.00760295
0.00600618
0.00478631
0.00958983
0.00759341
0.00603076
0.00483067
0.00951308
0.00757096
0.0060495
0.00487712
0.0094218
0.00754159
0.00606489
0.0049265
0.00932497
0.00750766
0.006075
0.00497139
0.00923195
0.00747053
0.00607692
0.00500132
0.00914567
0.00743025
0.00606993
0.00501466
0.00906411
0.00738598
0.00605638
0.00501958
0.00899382
0.00734409
0.00604381
0.00502655
0.00894017
0.00733266
0.00605655
0.0050633
0.0075361
0.00590011
0.0046246
0.00362651
0.00753599
0.00588384
0.00461049
0.00361218
0.00753299
0.00589388
0.00462571
0.00363154
0.00753763
0.00590766
0.00464731
0.0036559
0.0075427
0.00592647
0.00467692
0.00368861
0.00755363
0.00595842
0.00471924
0.00373619
0.00757552
0.00600432
0.00477411
0.00379948
0.00760813
0.00606006
0.00483723
0.00387039
0.00764119
0.00611333
0.00489854
0.0039375
0.00765985
0.00615065
0.00494876
0.00399425
0.00764598
0.00616457
0.00498445
0.00404093
0.00759924
0.00615802
0.00500868
0.00408269
0.00753271
0.00613967
0.00502712
0.00412589
0.00745265
0.00611524
0.00504254
0.00417228
0.00736788
0.0060869
0.00505306
0.00421463
0.007288
0.00605591
0.00505561
0.00424198
0.00721562
0.00602216
0.0050495
0.00425259
0.0071472
0.00598442
0.00503712
0.00425494
0.00708626
0.00594757
0.00502526
0.00425963
0.00703599
0.00593355
0.00503323
0.00429043
0.00582881
0.00460474
0.00364342
0.00287394
0.00582449
0.00459018
0.00363335
0.00286635
0.00581433
0.00459629
0.00364807
0.0028878
0.00581118
0.00460592
0.00366887
0.00291369
0.00580906
0.00462118
0.00369784
0.00294753
0.0058133
0.00465002
0.00373971
0.00299598
0.00582843
0.00469279
0.00379409
0.00306007
0.00585425
0.00474528
0.00385662
0.00313188
0.00588161
0.00479577
0.00391738
0.00319986
0.00589741
0.00483184
0.00396724
0.00325685
0.00588677
0.00484707
0.00400293
0.00330253
0.0058491
0.0048444
0.00402757
0.00334217
0.0057941
0.0048315
0.00404683
0.00338279
0.00572682
0.0048134
0.00406343
0.00342674
0.00565547
0.00479185
0.0040754
0.00346702
0.0055896
0.00476793
0.00407957
0.00349237
0.00553154
0.00474144
0.00407526
0.00350105
0.0054766
0.00471089
0.00406495
0.00350167
0.00542576
0.0046799
0.00405464
0.00350461
0.0053808
0.00466522
0.00405929
0.00352953
0.00444971
0.0034801
0.00272216
0.0021158
0.00444097
0.00346551
0.0027141
0.0021128
0.00442495
0.00346775
0.00272758
0.00213486
0.00441478
0.00347351
0.00274715
0.00216123
0.00440636
0.00348557
0.00277515
0.00219524
0.00440506
0.00351157
0.00281613
0.00224342
0.00441483
0.00355136
0.00286942
0.00230684
0.00443511
0.00360049
0.00293053
0.00237788
0.00445746
0.00364784
0.00298989
0.00244524
0.00447034
0.00368221
0.00303893
0.00250169
0.00446168
0.00369836
0.00307472
0.00254669
0.00443089
0.0036992
0.0031004
0.00258544
0.00438511
0.00369138
0.0031213
0.0026251
0.00432822
0.003679
0.00313983
0.00266818
0.00426753
0.00366329
0.00315383
0.00270784
0.00421218
0.00364512
0.0031601
0.00273282
0.00416436
0.00362441
0.00315804
0.0027414
0.00411906
0.0035997
0.00315025
0.00274209
0.004076
0.00357384
0.00314204
0.00274453
0.00403711
0.00356024
0.00314527
0.00276469
0.00346535
0.00256832
0.00188975
0.00138777
0.00345227
0.00255206
0.00188176
0.00138737
0.00343309
0.00255124
0.0018937
0.00140826
0.00341813
0.00255418
0.00191205
0.00143344
0.00340579
0.00256415
0.0019392
0.00146577
0.00340163
0.00258835
0.00197935
0.00151152
0.00340901
0.00262613
0.00203144
0.00157184
0.00342641
0.00267258
0.00209083
0.00163963
0.00344523
0.00271697
0.00214843
0.00170434
0.00345487
0.00274918
0.0021964
0.00175921
0.0034452
0.00276499
0.0022323
0.00180369
0.00341597
0.00276729
0.00225915
0.00184271
0.00337333
0.00276196
0.00228174
0.00188292
0.00332052
0.00275232
0.002302
0.00192648
0.00326384
0.00273914
0.00231764
0.00196676
0.00321154
0.00272311
0.00232553
0.00199283
0.00316583
0.00270445
0.00232533
0.00200311
0.00312246
0.00268217
0.00231975
0.00200567
0.00308166
0.00265896
0.00231356
0.00200898
0.00304786
0.00264732
0.00231698
0.0020257
0.00292351
0.00191191
0.00117526
0.000799811
0.00290616
0.00189238
0.00116574
0.000803224
0.00288806
0.00188974
0.00117616
0.000820092
0.00287275
0.00189128
0.00119343
0.000840305
0.00286101
0.00190035
0.00121996
0.000866267
0.00285837
0.00192354
0.00125943
0.000903824
0.00286724
0.00195969
0.00131038
0.000954659
0.0028846
0.00200332
0.00136794
0.00101305
0.00290108
0.002044
0.00142357
0.00107006
0.00290655
0.00207256
0.0014703
0.0011199
0.0028923
0.00208557
0.00150615
0.00116192
0.00285885
0.00208594
0.00153386
0.00120005
0.00281255
0.002079
0.00155755
0.00123966
0.00275661
0.00206754
0.00157861
0.00128224
0.00269632
0.00205201
0.00159473
0.00132169
0.00263856
0.00203307
0.00160313
0.00134823
0.00258574
0.00201139
0.0016038
0.0013604
0.00253559
0.00198688
0.0015996
0.00136546
0.00249037
0.00196271
0.00159477
0.00137027
0.00246029
0.00195321
0.00159932
0.00138328
0.00278032
0.00154235
0.000605391
0.000616577
0.00275996
0.00151937
0.000592454
0.000629042
0.00274789
0.00151678
0.000601168
0.000634535
0.00273855
0.00151885
0.000616994
0.000639619
0.00273395
0.0015282
0.000642453
0.000646188
0.00273868
0.00155023
0.000680713
0.000657856
0.00275358
0.00158342
0.000729845
0.000677589
0.00277395
0.00162201
0.00078473
0.000704718
0.00278989
0.00165631
0.000837515
0.000735364
0.00279191
0.00167836
0.000882317
0.000765592
0.00277295
0.00168567
0.000917595
0.000793522
0.00273432
0.00168099
0.000945607
0.000820144
0.00268262
0.00166892
0.000969589
0.000848143
0.00262125
0.00165172
0.000990309
0.000878492
0.00255459
0.00162972
0.00100562
0.000907308
0.00248808
0.00160364
0.00101333
0.000927696
0.00242457
0.00157484
0.00101392
0.000938165
0.00236443
0.0015444
0.00101031
0.0009437
0.00231227
0.00151646
0.0010062
0.000948568
0.0022862
0.00150951
0.0010122
0.000953201
0.00283948
0.00140945
0.000233285
0.000828726
0.00281817
0.00138566
0.000213035
0.000845026
0.00281408
0.00138515
0.000217225
0.00084314
0.00281386
0.00138938
0.000226967
0.00083838
0.00281964
0.00139978
0.00024576
0.000831774
0.00283449
0.00142016
0.000276804
0.000823301
0.00285748
0.00144877
0.00031837
0.000814662
0.00288262
0.0014802
0.000365418
0.000808696
0.00290008
0.00150609
0.000411149
0.000807142
0.00290133
0.00152017
0.000450919
0.00080934
0.00288111
0.00152108
0.000483556
0.000813075
0.00284129
0.00151129
0.000510374
0.000816616
0.00278804
0.00149425
0.000533225
0.0008201
0.00272475
0.00147152
0.000552121
0.00082472
0.00265513
0.0014434
0.000565213
0.000830586
0.0025837
0.00141071
0.000571218
0.000835819
0.00251377
0.00137543
0.000571175
0.000839096
0.00244782
0.00133981
0.000567929
0.000841348
0.00239184
0.00130888
0.000564457
0.00084305
0.00237055
0.00130509
0.000572034
0.000834344
0.00288503
0.00137241
0.000227651
0.00103014
0.00286381
0.00135036
0.000218259
0.0010462
0.00286514
0.00135207
0.000212391
0.0010423
0.00287139
0.00135797
0.000202592
0.00103563
0.00288451
0.00136873
0.000190399
0.00102685
0.00290622
0.00138692
0.00017873
0.00101425
0.00293432
0.00141082
0.000173165
0.000998349
0.00296225
0.00143554
0.000177614
0.000982408
0.00298075
0.0014541
0.000190932
0.000969612
0.00298243
0.00146173
0.000208773
0.000960356
0.00296362
0.0014582
0.000227771
0.000952504
0.00292651
0.00144585
0.000245902
0.000943634
0.00287644
0.00142701
0.000261987
0.000933156
0.00281638
0.00140257
0.000274676
0.000922592
0.00274942
0.00137267
0.000282419
0.000914317
0.00267946
0.00133815
0.000284957
0.000909764
0.00260996
0.00130115
0.000283675
0.00090826
0.00254442
0.00126453
0.000280902
0.000908178
0.00248913
0.00123371
0.0002786
0.000907407
0.00247236
0.00123265
0.000287856
0.000890813
0.00281095
0.00132513
0.000320395
0.00107619
0.00278935
0.00130502
0.000316736
0.00108961
0.00279055
0.00130695
0.000310894
0.00108388
0.00279666
0.00131212
0.000300165
0.00107626
0.0028098
0.00132104
0.000284227
0.00106723
0.00283091
0.00133583
0.000263162
0.00105416
0.00285733
0.00135499
0.000239543
0.00103684
0.00288273
0.00137414
0.000216797
0.00101854
0.00289883
0.00138724
0.00019772
0.00100275
0.00289943
0.00139047
0.000183231
0.00099014
0.00288196
0.0013843
0.000173527
0.000978723
0.00284885
0.00137121
0.000167772
0.000966124
0.00280467
0.001353
0.000164055
0.000951754
0.00275172
0.00133005
0.000160401
0.000937249
0.00269235
0.00130228
0.000155411
0.000925519
0.00262974
0.0012702
0.000149065
0.000918906
0.00256693
0.00123563
0.000142136
0.000916997
0.00250735
0.0012013
0.000135858
0.000917308
0.00245683
0.00117251
0.000131922
0.000916704
0.00244383
0.00117276
0.0001424
0.000899003
0.0026206
0.00125364
0.000342423
0.000947094
0.00259709
0.00123401
0.000336785
0.00095608
0.00259144
0.00123304
0.000332761
0.000947878
0.00258972
0.0012342
0.000325408
0.000938696
0.00259464
0.00123847
0.000314379
0.000928911
0.00260693
0.00124805
0.000300172
0.000915393
0.00262422
0.00126197
0.00028487
0.000897423
0.00264116
0.00127631
0.000270492
0.000878105
0.0026506
0.00128537
0.000257328
0.000860991
0.00264722
0.00128551
0.000244177
0.000846998
0.00262874
0.00127725
0.000230771
0.000834561
0.00259776
0.0012634
0.00021796
0.000821709
0.00255876
0.00124604
0.000206226
0.000807992
0.00251359
0.0012256
0.000195264
0.000794883
0.00246393
0.00120175
0.000184237
0.000784885
0.00241205
0.00117439
0.000172116
0.000779893
0.00236007
0.00114459
0.000158267
0.000779389
0.00231044
0.00111431
0.000143201
0.000781058
0.00226785
0.00108826
0.000130129
0.000781977
0.00225747
0.00108841
0.00013756
0.000767453
0.00238249
0.00120799
0.000392456
0.000680869
0.00235534
0.0011872
0.000382221
0.000684581
0.00233707
0.00117996
0.000380474
0.000674767
0.00232136
0.00117376
0.000377624
0.000664273
0.00231212
0.00117071
0.000374002
0.000653494
0.00231002
0.00117332
0.000371377
0.000639708
0.0023133
0.00118145
0.000371722
0.000622218
0.00231802
0.0011916
0.000374811
0.000603693
0.0023181
0.0011979
0.000377645
0.00058711
0.00230839
0.00119596
0.000377027
0.00057335
0.00228578
0.00118558
0.000372485
0.000561572
0.00225294
0.00116992
0.000366123
0.000550783
0.0022153
0.00115228
0.000360156
0.000541065
0.00217505
0.00113387
0.000355209
0.000533578
0.00213369
0.00111438
0.000350272
0.000529427
0.00209274
0.00109301
0.000343336
0.00052847
0.00205302
0.0010697
0.000333333
0.000529498
0.00201528
0.00104524
0.000321148
0.000531436
0.00198253
0.00102316
0.000309855
0.000533261
0.00197358
0.00102264
0.000314467
0.000525603
0.00218574
0.00124497
0.000576509
0.000420984
0.00215433
0.00122303
0.000565424
0.000420734
0.00212169
0.0012084
0.000564221
0.000416774
0.00209077
0.00119373
0.000562338
0.000410022
0.00206715
0.00118275
0.000561062
0.000401212
0.00205083
0.00117809
0.000563192
0.000392021
0.00204034
0.00118063
0.000571114
0.000384598
0.0020332
0.00118735
0.000583272
0.00037997
0.00202431
0.00119202
0.000594895
0.000377234
0.00200809
0.00118903
0.000601715
0.000374853
0.00197981
0.00117687
0.000602919
0.000372634
0.00194196
0.00115889
0.000601039
0.000372163
0.00190157
0.00113997
0.000599244
0.000375582
0.00186201
0.00112273
0.000598846
0.000383579
0.00182547
0.00110732
0.000598867
0.000393669
0.00179325
0.00109239
0.00059691
0.000400966
0.00176482
0.00107668
0.000591565
0.000403044
0.00173889
0.00105962
0.000583601
0.000401849
0.00171637
0.00104324
0.000575633
0.000401025
0.00170812
0.00104251
0.00057997
0.00040545
0.00208619
0.00136681
0.000846095
0.000508721
0.00205248
0.0013459
0.000837187
0.000511655
0.00201079
0.00132705
0.000835736
0.000522794
0.00197149
0.00130741
0.000832523
0.000526884
0.00194134
0.00129206
0.00082969
0.00052575
0.00191849
0.00128314
0.000830779
0.000527585
0.00190069
0.00128224
0.000839088
0.000538023
0.00188664
0.00128687
0.000852914
0.000554805
0.00187237
0.00129073
0.000866854
0.000571972
0.00185226
0.00128746
0.000875902
0.000585376
0.00182043
0.00127444
0.000878632
0.000594898
0.00177893
0.00125487
0.000877514
0.000603556
0.00173563
0.00123465
0.000876308
0.000614795
0.00169492
0.00121759
0.000877018
0.00062954
0.00166014
0.00120454
0.000878989
0.000644642
0.00163311
0.0011941
0.000879803
0.00065453
0.00161257
0.00118417
0.000877668
0.000656953
0.00159552
0.00117313
0.000872817
0.000654568
0.00158085
0.00116177
0.000867357
0.000652117
0.00157285
0.00116089
0.00087111
0.000660167
0.00207042
0.00152408
0.00112097
0.00083142
0.00203828
0.00150674
0.00111538
0.000838268
0.00199756
0.00148895
0.00111462
0.00085337
0.00196184
0.00147051
0.0011109
0.000859233
0.00193719
0.00145662
0.00110687
0.000858548
0.00191875
0.00144832
0.00110645
0.000861264
0.00190255
0.00144726
0.00111364
0.00087417
0.00188794
0.00145135
0.00112692
0.000894704
0.00187255
0.00145484
0.00114075
0.00091597
0.00185193
0.00145149
0.00114978
0.000932825
0.00182075
0.00143841
0.00115209
0.000944413
0.00178056
0.00141841
0.00114991
0.000953595
0.00173817
0.00139733
0.00114725
0.000964263
0.00169773
0.00137935
0.00114664
0.000978065
0.00166312
0.00136583
0.00114789
0.000992534
0.00163715
0.00135588
0.00114891
0.00100257
0.00161897
0.00134735
0.00114777
0.00100605
0.00160507
0.00133821
0.00114417
0.00100513
0.00159311
0.0013287
0.00113983
0.00100395
0.00158437
0.00132669
0.00114225
0.0010116
0.00208101
0.00165997
0.00134843
0.00113698
0.00205378
0.00164775
0.00134652
0.00114604
0.00202249
0.00163533
0.00134776
0.00116114
0.00199997
0.00162337
0.00134546
0.00116536
0.00198948
0.00161589
0.00134226
0.00116232
0.00198273
0.00161234
0.00134195
0.0011627
0.0019738
0.00161381
0.00134875
0.001174
0.00196238
0.0016185
0.00136129
0.00119396
0.00194804
0.00162162
0.00137428
0.00121546
0.00192866
0.00161808
0.0013825
0.00123268
0.00190085
0.00160551
0.0013839
0.001244
0.00186561
0.00158619
0.00138037
0.00125193
0.00182739
0.001565
0.00137572
0.00126065
0.00178878
0.00154547
0.0013726
0.00127251
0.00175335
0.00152914
0.00137122
0.00128575
0.00172495
0.00151599
0.00137011
0.00129572
0.00170401
0.00150454
0.00136758
0.00130034
0.00168795
0.00149322
0.00136319
0.00130123
0.00167431
0.00148249
0.00135852
0.0013018
0.00166409
0.00147843
0.00135907
0.00130915
0.00205911
0.00172786
0.00149266
0.00136528
0.00203838
0.00172101
0.00149419
0.00137552
0.00202036
0.001716
0.00149819
0.00138936
0.00201472
0.00171322
0.00149885
0.00139156
0.00202083
0.00171468
0.00149839
0.00138656
0.0020275
0.00171802
0.00149999
0.00138501
0.00202718
0.00172336
0.00150747
0.00139441
0.00201975
0.00172899
0.00151949
0.00141286
0.00200684
0.00173146
0.00153132
0.00143341
0.00198926
0.00172758
0.00153848
0.00144998
0.00196609
0.00171616
0.00153919
0.00146033
0.00193782
0.00169893
0.00153494
0.00146658
0.0019059
0.00167901
0.00152884
0.00147297
0.00187059
0.0016585
0.00152317
0.00148238
0.00183459
0.00163869
0.00151835
0.00149376
0.00180262
0.00162045
0.00151361
0.00150299
0.0017768
0.00160356
0.00150791
0.00150817
0.0017563
0.00158765
0.00150111
0.00151033
0.00173962
0.00157407
0.00149498
0.00151193
0.00172872
0.00156782
0.00149345
0.00151823
0.00195633
0.00169065
0.00152637
0.0014969
0.00194186
0.00168831
0.00153058
0.00150768
0.00193634
0.00169026
0.00153703
0.00151949
0.00194499
0.00169592
0.00154077
0.00152024
0.00196387
0.00170526
0.00154342
0.00151482
0.00198039
0.00171454
0.00154734
0.00151286
0.00198622
0.00172275
0.00155546
0.001521
0.00198136
0.00172823
0.0015664
0.00153757
0.00196926
0.00172906
0.00157629
0.00155627
0.00195355
0.00172433
0.00158181
0.0015713
0.00193578
0.00171439
0.00158188
0.00158026
0.00191591
0.00170048
0.0015776
0.00158479
0.0018924
0.00168357
0.00157104
0.00158885
0.00186302
0.00166381
0.00156362
0.00159547
0.00182919
0.0016418
0.00155569
0.00160423
0.00179606
0.00161912
0.00154712
0.00161177
0.00176725
0.00159688
0.00153766
0.00161646
0.00174375
0.00157625
0.00152777
0.00161882
0.00172544
0.0015598
0.00151965
0.00162023
0.00171594
0.00155205
0.00151605
0.00162393
0.00173091
0.00153907
0.00144399
0.00150148
0.00172194
0.00154012
0.00144961
0.00151184
0.0017245
0.00154639
0.00145699
0.00152084
0.00173988
0.00155616
0.00146186
0.00152051
0.00176268
0.00156819
0.0014654
0.00151566
0.00178129
0.00157869
0.00146948
0.00151408
0.00178796
0.00158612
0.00147612
0.00152079
0.00178276
0.00158893
0.00148396
0.00153426
0.00177011
0.00158646
0.00149013
0.00154928
0.00175536
0.00157969
0.00149261
0.00156101
0.00174181
0.00157035
0.0014911
0.00156734
0.0017291
0.0015593
0.00148646
0.00156951
0.00171353
0.00154572
0.00147968
0.00157082
0.00169105
0.00152803
0.00147126
0.00157397
0.00166187
0.00150602
0.0014613
0.00157904
0.00163083
0.00148146
0.00145002
0.00158357
0.00160221
0.00145629
0.00143777
0.00158635
0.00157819
0.00143286
0.00142555
0.0015876
0.00155982
0.0014148
0.00141598
0.00158788
0.00155213
0.00140623
0.00141103
0.00158818
0.00138316
0.00139969
0.00135317
0.00133126
0.00138246
0.00140377
0.00135714
0.00133718
0.00138819
0.00141053
0.00136277
0.00134219
0.00140235
0.00141845
0.0013655
0.00134001
0.00142025
0.00142666
0.00136662
0.00133481
0.00143364
0.00143339
0.00136814
0.00133213
0.00143673
0.00143761
0.00137152
0.0013352
0.00142923
0.00143795
0.0013756
0.0013427
0.00141487
0.00143383
0.00137812
0.00135084
0.00139883
0.00142643
0.00137772
0.00135615
0.00138509
0.00141763
0.00137438
0.00135716
0.00137348
0.00140815
0.00136876
0.00135479
0.00135974
0.00139682
0.0013615
0.00135146
0.00133938
0.00138191
0.0013529
0.00134939
0.00131172
0.00136296
0.00134314
0.00134901
0.00128061
0.00134132
0.00133248
0.00134886
0.00125023
0.00131879
0.00132131
0.00134827
0.00122353
0.00129774
0.00131053
0.00134743
0.00120281
0.00128157
0.00130247
0.0013465
0.00119032
0.00127233
0.00129974
0.00134717
0.00129933
0.0016269
0.00154008
0.00106923
0.00131046
0.00163155
0.00153856
0.00106004
0.00131734
0.00163519
0.00153992
0.00105957
0.00132716
0.00163762
0.00153813
0.00105409
0.00133788
0.0016399
0.00153559
0.0010469
0.00134655
0.00164327
0.00153511
0.00104166
0.00135055
0.00164782
0.00153787
0.00104012
0.00134871
0.00165204
0.00154261
0.00104129
0.00134188
0.0016541
0.00154685
0.00104266
0.0013328
0.0016533
0.00154853
0.00104191
0.00132451
0.00165005
0.00154688
0.00103793
0.00131734
0.00164496
0.0015424
0.00103125
0.00130855
0.00163822
0.00153637
0.00102364
0.00129519
0.00162986
0.00153015
0.00101704
0.0012765
0.00162014
0.00152454
0.00101239
0.0012542
0.0016096
0.0015197
0.00100922
0.00123099
0.00159909
0.00151563
0.00100725
0.00120971
0.00158984
0.00151253
0.00100639
0.00119334
0.00158339
0.00151134
0.00100677
0.00117617
0.00157893
0.00151674
0.00102078
0.00236013
0.00204259
0.00178985
0.00159985
0.00235553
0.00203832
0.00178528
0.00159909
0.00235866
0.00203697
0.00178168
0.00159542
0.00236086
0.00203238
0.00177351
0.00158712
0.00236273
0.00202651
0.00176383
0.0015781
0.00236623
0.00202271
0.00175674
0.00157245
0.00237205
0.00202221
0.0017538
0.00157179
0.00237898
0.00202375
0.0017538
0.00157505
0.00238517
0.00202494
0.00175402
0.00157959
0.00238986
0.00202389
0.00175192
0.00158272
0.0023933
0.00202006
0.00174634
0.00158296
0.00239584
0.00201402
0.00173785
0.00158063
0.00239747
0.00200701
0.00172837
0.00157757
0.00239821
0.0020004
0.00172007
0.0015759
0.00239813
0.00199496
0.00171412
0.00157671
0.00239721
0.00199066
0.00171037
0.0015795
0.00239598
0.00198777
0.00170871
0.00158357
0.00239549
0.00198699
0.00170936
0.00158844
0.00239614
0.00198815
0.00171188
0.00159307
0.00240647
0.00199523
0.00171871
0.00159452
)
;

boundaryField
{
    inlet
    {
        type            calculated;
        value           nonuniform List<scalar> 
80
(
4402.13
4398.83
4397.5
4396.73
4396.12
4395.58
4395.12
4394.79
4394.64
4394.67
4394.67
4394.64
4394.79
4395.12
4395.58
4396.12
4396.72
4397.5
4398.83
4402.13
3197.63
3195.6
3194.91
3194.55
3194.19
3193.77
3193.32
3192.9
3192.52
3192.23
3192.23
3192.52
3192.9
3193.32
3193.77
3194.19
3194.55
3194.91
3195.6
3197.63
2866.42
2864.21
2863.8
2863.54
2863.15
2862.62
2862
2861.38
2860.82
2860.4
2860.4
2860.82
2861.38
2862
2862.62
2863.15
2863.54
2863.8
2864.21
2866.42
3405.08
3403.86
3403.57
3403.13
3402.38
3401.41
3400.33
3399.29
3398.39
3397.81
3397.81
3398.39
3399.29
3400.33
3401.41
3402.38
3403.13
3403.57
3403.86
3405.08
)
;
    }
    outlet
    {
        type            calculated;
        value           nonuniform List<scalar> 
80
(
0.0030187
0.00301934
0.00302049
0.00301705
0.00301178
0.00300906
0.00301043
0.00301454
0.00301883
0.00302157
0.00302286
0.00302293
0.00302245
0.00302238
0.00302325
0.00302457
0.00302607
0.00302953
0.00303451
0.00303731
0.00217031
0.00216828
0.00216544
0.00215485
0.00214157
0.0021305
0.00212339
0.00211895
0.00211452
0.00210796
0.00209877
0.00208754
0.00207599
0.00206613
0.00205908
0.00205424
0.00205106
0.00205176
0.00205525
0.00205717
0.00181456
0.00181108
0.00180602
0.00179193
0.00177499
0.00176078
0.00175123
0.00174491
0.00173876
0.00173005
0.00171765
0.00170234
0.0016866
0.00167324
0.00166378
0.00165734
0.00165284
0.00165301
0.001656
0.0016587
0.00201341
0.00201155
0.00200594
0.00199269
0.00197793
0.00196743
0.00196323
0.00196382
0.00196576
0.00196572
0.00196198
0.00195513
0.0019478
0.00194292
0.00194189
0.00194353
0.00194601
0.00195132
0.00195709
0.00196117
)
;
    }
    inner-wall
    {
        type            calculated;
        value           nonuniform List<scalar> 
1600
(
3730.36
3700.33
3698.09
3697
3696.28
3695.79
3695.52
3695.52
3695.86
3696.49
3696.49
3695.86
3695.52
3695.52
3695.79
3696.28
3697
3698.09
3700.33
3730.36
1592.51
1601.8
1598.46
1597.9
1597.89
1598.25
1598.87
1599.68
1600.63
1602.63
1602.63
1600.63
1599.68
1598.87
1598.25
1597.89
1597.9
1598.46
1601.8
1592.51
2279.38
2273.57
2271.13
2270.84
2271.04
2271.64
2272.53
2273.6
2274.75
2276.49
2276.49
2274.75
2273.6
2272.53
2271.64
2271.04
2270.84
2271.13
2273.57
2279.38
2483.51
2475.73
2473.5
2472.97
2472.94
2473.36
2474.16
2475.22
2476.38
2477.89
2477.89
2476.38
2475.22
2474.16
2473.36
2472.94
2472.97
2473.5
2475.73
2483.51
2030.03
2028.36
2026.39
2025.81
2025.66
2026.01
2026.81
2027.95
2029.2
2030.59
2030.59
2029.2
2027.95
2026.81
2026.01
2025.66
2025.81
2026.39
2028.36
2030.04
1449.3
1453.91
1452.21
1451.78
1451.71
1452.14
1453.05
1454.29
1455.59
1456.79
1456.79
1455.59
1454.29
1453.05
1452.14
1451.71
1451.79
1452.21
1453.91
1449.3
1105.8
1111.16
1109.59
1109.21
1109.1
1109.4
1110.1
1111.08
1112.07
1112.91
1112.91
1112.07
1111.08
1110.11
1109.41
1109.11
1109.21
1109.59
1111.17
1105.8
927.741
930.931
929.496
929.027
928.742
928.718
928.974
929.439
929.963
930.451
930.451
929.965
929.442
928.978
928.722
928.747
929.032
929.501
930.936
927.747
753.227
755.367
754.171
753.701
753.341
753.141
753.131
753.286
753.529
753.84
753.84
753.531
753.289
753.135
753.146
753.346
753.706
754.177
755.373
753.234
573.374
575.45
574.526
574.166
573.871
573.679
573.618
573.681
573.826
574.071
574.072
573.828
573.684
573.622
573.684
573.877
574.172
574.533
575.456
573.381
426.103
428.177
427.479
427.246
427.058
426.941
426.915
426.976
427.096
427.309
427.31
427.098
426.979
426.919
426.946
427.064
427.252
427.486
428.184
426.11
322.736
324.569
324.032
323.882
323.77
323.711
323.717
323.784
323.891
324.074
324.074
323.893
323.788
323.721
323.716
323.776
323.888
324.039
324.576
322.743
251.938
253.421
252.998
252.891
252.818
252.787
252.807
252.873
252.966
253.118
253.118
252.969
252.877
252.812
252.793
252.824
252.898
253.005
253.429
251.946
200.534
201.696
201.359
201.276
201.223
201.206
201.23
201.29
201.371
201.495
201.496
201.374
201.294
201.235
201.212
201.23
201.283
201.367
201.704
200.542
160.865
161.772
161.503
161.436
161.395
161.384
161.407
161.46
161.529
161.628
161.629
161.531
161.464
161.412
161.39
161.402
161.443
161.51
161.78
160.873
129.131
129.841
129.626
129.572
129.539
129.53
129.55
129.593
129.649
129.729
129.73
129.651
129.596
129.554
129.536
129.545
129.579
129.634
129.849
129.14
103.356
103.915
103.744
103.7
103.672
103.665
103.679
103.713
103.758
103.822
103.823
103.76
103.717
103.684
103.67
103.679
103.707
103.751
103.923
103.365
82.4161
82.8598
82.7225
82.6868
82.664
82.6571
82.6678
82.6941
82.7291
82.78
82.7807
82.7313
82.6976
82.6725
82.6626
82.6703
82.6937
82.7299
82.8677
82.4242
65.5337
65.8873
65.7775
65.7488
65.7302
65.7241
65.7319
65.7522
65.7796
65.8202
65.8209
65.7817
65.7556
65.7365
65.7294
65.7363
65.7555
65.7847
65.8949
65.5415
52.0394
52.3214
52.2338
52.2108
52.1958
52.1906
52.1964
52.2122
52.2337
52.2662
52.2669
52.2358
52.2154
52.2007
52.1957
52.2016
52.2171
52.2407
52.3287
52.0469
41.3146
41.5393
41.4693
41.4509
41.4389
41.4346
41.439
41.4514
41.4685
41.4945
41.4952
41.4704
41.4545
41.4431
41.4394
41.4443
41.4569
41.4758
41.5461
41.3216
32.81
32.9888
32.933
32.9183
32.9086
32.9051
32.9086
32.9183
32.9319
32.9528
32.9535
32.9337
32.9212
32.9123
32.9096
32.9136
32.9238
32.9389
32.9951
32.8165
26.0659
26.2081
26.1636
26.1519
26.1442
26.1414
26.1441
26.1519
26.1627
26.1795
26.1801
26.1644
26.1545
26.1475
26.1454
26.1487
26.1568
26.169
26.2138
26.0719
20.7132
20.8262
20.7907
20.7814
20.7754
20.7732
20.7754
20.7816
20.7903
20.8039
20.8044
20.7918
20.784
20.7784
20.7768
20.7794
20.7859
20.7955
20.8313
20.7185
16.461
16.5509
16.5227
16.5154
16.5107
16.509
16.5108
16.5159
16.5229
16.5338
16.5343
16.5242
16.5179
16.5135
16.5121
16.5142
16.5193
16.5269
16.5554
16.4657
13.0815
13.153
13.1306
13.1249
13.1213
13.1201
13.1217
13.1258
13.1315
13.1403
13.1407
13.1326
13.1276
13.124
13.1228
13.1243
13.1283
13.1343
13.1569
13.0856
10.3952
10.4521
10.4344
10.43
10.4272
10.4264
10.4278
10.4312
10.4358
10.443
10.4433
10.4368
10.4327
10.4297
10.4287
10.4298
10.4328
10.4374
10.4554
10.3987
8.26006
8.30534
8.29131
8.28796
8.28592
8.2854
8.28664
8.28946
8.29326
8.29902
8.2993
8.29407
8.29073
8.28825
8.28727
8.28798
8.29023
8.29383
8.30809
8.26295
6.56322
6.59926
6.58817
6.58562
6.58412
6.58383
6.58491
6.58725
6.59035
6.59501
6.59524
6.59102
6.58828
6.58621
6.5853
6.58574
6.58741
6.59017
6.60146
6.56554
5.21482
5.24351
5.23474
5.2328
5.2317
5.23154
5.23247
5.23439
5.23691
5.24066
5.24084
5.23743
5.23519
5.23346
5.23265
5.23289
5.23413
5.23625
5.24518
5.2166
4.14338
4.16619
4.15926
4.15777
4.15693
4.15684
4.1576
4.15915
4.16116
4.16417
4.16431
4.16155
4.15972
4.15829
4.15758
4.15772
4.15863
4.16027
4.16734
4.14461
3.29202
3.31017
3.30466
3.3035
3.30284
3.30276
3.30334
3.30455
3.30614
3.30853
3.30862
3.30639
3.30491
3.30374
3.30315
3.30322
3.30391
3.30518
3.31079
3.29272
2.61562
2.63004
2.62566
2.62473
2.62418
2.62407
2.62448
2.62538
2.6266
2.62848
2.62853
2.62672
2.62553
2.62459
2.6241
2.62415
2.62469
2.62568
2.63013
2.61577
2.07831
2.08977
2.08627
2.08551
2.08502
2.08486
2.08511
2.08575
2.08667
2.08812
2.08812
2.08665
2.08569
2.08494
2.08455
2.08458
2.08501
2.0858
2.08933
2.07792
1.6516
1.66071
1.65791
1.65726
1.65682
1.65661
1.65671
1.65714
1.65779
1.6589
1.65886
1.65765
1.65687
1.65626
1.65595
1.65598
1.65632
1.65694
1.65975
1.65068
1.31282
1.32005
1.3178
1.31725
1.31683
1.31658
1.31657
1.31682
1.31727
1.31809
1.31801
1.31701
1.31635
1.31585
1.3156
1.31562
1.31588
1.31637
1.3186
1.31138
1.04387
1.04963
1.04782
1.04735
1.04695
1.04666
1.04656
1.04668
1.04696
1.04756
1.04744
1.04659
1.04603
1.04561
1.04538
1.04538
1.04557
1.04595
1.04771
1.04196
0.83037
0.834953
0.833497
0.833091
0.832718
0.832415
0.832254
0.832267
0.832422
0.832837
0.832684
0.831949
0.831457
0.831078
0.830865
0.830833
0.830963
0.831235
0.832616
0.828025
0.660846
0.6645
0.66333
0.662984
0.66264
0.662334
0.662135
0.662076
0.662137
0.66241
0.662229
0.661579
0.66113
0.660778
0.660562
0.660494
0.660559
0.660739
0.66181
0.658138
0.526193
0.529111
0.528174
0.527883
0.527573
0.527278
0.52706
0.526956
0.526948
0.527113
0.526909
0.526326
0.525907
0.525566
0.525338
0.525231
0.525232
0.525329
0.526146
0.523201
0.419186
0.421521
0.420773
0.420535
0.420264
0.419989
0.41977
0.419639
0.419586
0.41967
0.419451
0.41892
0.418522
0.418186
0.417941
0.417793
0.417736
0.417758
0.418366
0.415997
0.33409
0.335962
0.335371
0.335182
0.33495
0.334704
0.334495
0.334355
0.334274
0.334299
0.334072
0.333587
0.333205
0.332871
0.332608
0.332424
0.332313
0.33227
0.332708
0.330794
0.266354
0.267858
0.267394
0.267249
0.267058
0.266844
0.266653
0.266514
0.266419
0.266403
0.266177
0.265732
0.265367
0.265035
0.264758
0.264543
0.264389
0.264292
0.264592
0.26304
0.21237
0.21358
0.213219
0.213112
0.212957
0.212774
0.212605
0.212474
0.212374
0.212332
0.212112
0.211707
0.211361
0.211035
0.210749
0.210514
0.210328
0.210191
0.210382
0.20912
0.169291
0.170265
0.169986
0.169908
0.169782
0.169626
0.169477
0.169357
0.16926
0.169203
0.168995
0.168629
0.168305
0.167992
0.167708
0.167463
0.167258
0.167096
0.167205
0.166175
0.134893
0.135677
0.13546
0.135402
0.135297
0.135161
0.135029
0.13492
0.134829
0.134765
0.134573
0.134248
0.13395
0.133656
0.133382
0.13314
0.132932
0.13276
0.13281
0.131969
0.107455
0.108084
0.107913
0.107867
0.107773
0.10765
0.10753
0.107432
0.107349
0.107286
0.107113
0.106826
0.106559
0.10629
0.106035
0.105808
0.105608
0.105438
0.105451
0.104763
0.0856489
0.0861535
0.0860159
0.0859732
0.0858842
0.0857673
0.0856558
0.0855678
0.0854953
0.0854369
0.0852848
0.0850362
0.0847996
0.0845591
0.08433
0.0841242
0.083943
0.0837855
0.0837755
0.0832141
0.0684372
0.0688418
0.0687277
0.0686844
0.0685963
0.0684834
0.0683792
0.0683011
0.0682407
0.0681909
0.0680599
0.0678456
0.0676385
0.0674269
0.0672252
0.0670446
0.0668859
0.066746
0.0667245
0.0662657
0.0549803
0.0553059
0.0552093
0.0551646
0.0550775
0.0549691
0.054873
0.0548063
0.0547593
0.0547206
0.0546098
0.0544251
0.0542442
0.0540586
0.053882
0.0537252
0.0535882
0.0534663
0.0534391
0.0530625
0.044568
0.0448326
0.0447505
0.0447068
0.0446238
0.0445233
0.0444382
0.0443847
0.0443523
0.044326
0.0442332
0.0440726
0.0439129
0.043748
0.043591
0.0434524
0.0433321
0.0432241
0.0431927
0.0428803
0.0365773
0.036796
0.0367276
0.0366891
0.0366152
0.0365274
0.0364568
0.0364184
0.0364009
0.0363869
0.0363094
0.0361673
0.0360229
0.035872
0.0357272
0.035599
0.0354876
0.0353867
0.0353494
0.0350858
0.0304536
0.0306384
0.0305841
0.0305551
0.0304955
0.0304247
0.0303717
0.0303495
0.0303461
0.0303431
0.0302777
0.0301487
0.0300141
0.0298706
0.0297304
0.0296045
0.0294937
0.0293925
0.0293464
0.0291186
0.0257071
0.0258672
0.0258269
0.0258107
0.0257687
0.0257178
0.0256838
0.0256776
0.0256867
0.0256927
0.0256362
0.0255158
0.0253862
0.0252445
0.0251028
0.0249726
0.024856
0.0247486
0.0246911
0.0244893
0.0219155
0.022057
0.0220295
0.0220268
0.0220031
0.0219723
0.0219566
0.021965
0.0219845
0.0219971
0.0219467
0.0218318
0.0217039
0.0215602
0.0214133
0.0212755
0.0211501
0.0210337
0.0209643
0.0207817
0.0187298
0.0188557
0.0188383
0.0188471
0.0188392
0.0188258
0.0188255
0.0188455
0.0188728
0.0188896
0.0188436
0.0187327
0.018605
0.0184584
0.018306
0.0181611
0.0180281
0.0179044
0.0178249
0.0176577
0.015888
0.0159984
0.0159869
0.0160029
0.0160056
0.016004
0.0160139
0.0160411
0.016073
0.0160918
0.0160494
0.015943
0.0158166
0.0156692
0.0155144
0.015367
0.0152318
0.0151062
0.0150209
0.014868
0.0132332
0.0133265
0.0133157
0.0133329
0.0133392
0.0133423
0.0133557
0.0133845
0.0134171
0.0134357
0.013397
0.0132976
0.0131761
0.0130326
0.0128815
0.0127389
0.0126096
0.0124899
0.0124047
0.0122668
0.0107243
0.0107983
0.0107835
0.0107958
0.0107989
0.0107994
0.0108094
0.0108341
0.0108631
0.0108791
0.010845
0.0107562
0.0106446
0.0105113
0.0103712
0.0102413
0.0101261
0.0100201
0.00994096
0.0098196
0.00842144
0.00847537
0.00845339
0.00845651
0.00845139
0.00844411
0.00844566
0.00846162
0.00848364
0.00849535
0.0084665
0.00839142
0.00829444
0.00817686
0.00805346
0.00794203
0.00784647
0.00775929
0.00769039
0.0075872
0.00644125
0.00647704
0.00644723
0.00643956
0.00642449
0.00640774
0.00639947
0.00640552
0.00641939
0.00642614
0.00640231
0.00634151
0.00626062
0.00616066
0.00605574
0.0059638
0.00588817
0.00581982
0.00576242
0.00567727
0.00490106
0.00492342
0.00488754
0.00487005
0.00484618
0.00482169
0.00480598
0.00480444
0.00481157
0.00481381
0.00479297
0.00474246
0.00467395
0.00458799
0.00449757
0.00442009
0.00435831
0.0043028
0.00425398
0.00418371
0.0038921
0.00390656
0.00386826
0.00384413
0.00381493
0.00378703
0.00376891
0.00376455
0.00376778
0.00376574
0.00374326
0.00369462
0.00362971
0.00354886
0.00346375
0.00339024
0.00333069
0.00327667
0.00322906
0.00316753
0.00345831
0.00346913
0.00343459
0.00341078
0.003384
0.00336096
0.00334846
0.00334778
0.00335079
0.00334507
0.00331684
0.00326236
0.00319256
0.00310807
0.00301892
0.00293849
0.002869
0.00280476
0.00275
0.0026915
0.00348703
0.00349698
0.00347259
0.00345839
0.00344459
0.00343682
0.00343892
0.00344898
0.0034569
0.00345116
0.00341898
0.00335896
0.0032835
0.00319364
0.00309797
0.00300737
0.00292458
0.00284736
0.00278343
0.00272654
0.00368886
0.00369897
0.00368619
0.0036855
0.00368907
0.00370021
0.00371961
0.00374268
0.00375845
0.00375671
0.0037257
0.00366565
0.00358943
0.00349824
0.00339969
0.00330327
0.0032125
0.00312787
0.00305872
0.00300387
0.00380008
0.00380929
0.00380392
0.00381277
0.00382891
0.00385327
0.00388405
0.0039154
0.00393649
0.00393873
0.00391181
0.00385684
0.00378589
0.00369973
0.00360512
0.00351062
0.00342034
0.00333613
0.00326737
0.00321553
0.00370856
0.00371434
0.00370861
0.00371768
0.00373563
0.00376153
0.00379235
0.00382231
0.00384193
0.0038444
0.00382101
0.00377333
0.00371191
0.00363672
0.00355329
0.00346912
0.00338811
0.0033123
0.00325016
0.00320299
0.00343557
0.003435
0.00341985
0.00341829
0.00342604
0.00344105
0.00345999
0.00347858
0.00348929
0.0034868
0.0034634
0.0034209
0.00336875
0.00330623
0.00323768
0.00316916
0.00310367
0.00304236
0.00299214
0.0029508
0.00307539
0.00306571
0.00303357
0.00301285
0.00300182
0.00299755
0.00299685
0.00299763
0.00299462
0.00298319
0.00295503
0.0029118
0.00286343
0.0028096
0.0027539
0.00270124
0.0026531
0.00260886
0.00257331
0.00253797
0.00274155
0.00272093
0.00266961
0.00262792
0.00259741
0.00257375
0.00255321
0.00253606
0.00251916
0.00249769
0.00246147
0.00241178
0.00236015
0.00230777
0.00225884
0.00221777
0.00218457
0.00215621
0.00213465
0.00210508
0.00251292
0.00248236
0.00241892
0.00236523
0.00232555
0.00229286
0.00226142
0.0022331
0.00220698
0.00217832
0.00213595
0.00208041
0.00202382
0.00196905
0.00192141
0.00188608
0.00186231
0.00184499
0.00183271
0.00180859
0.00239217
0.00235625
0.00229438
0.00224528
0.00221318
0.0021871
0.00215814
0.00212873
0.00210024
0.00206957
0.00202739
0.00197377
0.0019184
0.00186401
0.00181639
0.00178188
0.00176053
0.00174678
0.00173651
0.00171663
0.00232704
0.00229138
0.00224293
0.0022121
0.00219985
0.00219085
0.00217318
0.00214917
0.0021226
0.0020936
0.00205657
0.00201124
0.00196301
0.00191272
0.00186546
0.00182869
0.00180418
0.00178782
0.00177465
0.00175744
0.00225761
0.00222642
0.00219698
0.00218955
0.00220022
0.00221038
0.00220596
0.0021891
0.0021658
0.00213997
0.00211014
0.00207568
0.00203733
0.00199312
0.00194705
0.00190735
0.00187796
0.00185697
0.00184036
0.00182606
0.00212546
0.00210057
0.00208915
0.00210105
0.00212856
0.00215203
0.00215702
0.00214537
0.00212491
0.00210295
0.00208155
0.00205957
0.00203361
0.00199904
0.00195835
0.00192006
0.00188964
0.00186727
0.00185031
0.00184117
0.00186082
0.00184207
0.00184185
0.00186191
0.00189343
0.00191908
0.00192596
0.00191583
0.0018971
0.00187859
0.00186467
0.00185389
0.00184003
0.00181704
0.00178604
0.00175472
0.00172895
0.00170981
0.00169565
0.00169209
0.00135021
0.00133918
0.00134327
0.00136196
0.00138746
0.00140656
0.00140919
0.00139644
0.00137587
0.00135594
0.00134249
0.0013342
0.00132365
0.0013044
0.00127617
0.00124546
0.00121807
0.0011961
0.00117961
0.00117415
0.000847578
0.00085322
0.000866761
0.000889309
0.000913637
0.000931747
0.000937054
0.000929248
0.000912805
0.000895051
0.000884776
0.000881734
0.000877102
0.000863189
0.000837627
0.00080374
0.000766443
0.000730062
0.000700257
0.000680338
0.00252037
0.00250747
0.00251878
0.0025342
0.0025516
0.00257027
0.00258997
0.00260983
0.0026291
0.00264821
0.00266917
0.00269124
0.00271236
0.00273053
0.00274459
0.00275443
0.00276049
0.00276373
0.00276513
0.00278658
)
;
    }
    outer-wall
    {
        type            calculated;
        value           nonuniform List<scalar> 
1600
(
2518.1
2552.12
2551.99
2551.23
2550.06
2548.68
2547.25
2545.92
2544.88
2544.29
2544.29
2544.88
2545.92
2547.25
2548.68
2550.06
2551.23
2551.99
2552.11
2518.1
880.325
878.44
878.929
878.972
878.992
878.962
878.895
878.807
878.702
878.614
878.614
878.702
878.807
878.895
878.962
878.992
878.971
878.929
878.44
880.325
1912.28
1916.25
1918.01
1918.19
1918.01
1917.63
1917.18
1916.72
1916.33
1916.09
1916.09
1916.33
1916.72
1917.18
1917.63
1918.01
1918.19
1918.01
1916.25
1912.28
2035.97
2037.36
2039.38
2039.38
2038.75
2037.7
2036.42
2035.09
2033.97
2033.3
2033.3
2033.97
2035.09
2036.41
2037.7
2038.75
2039.38
2039.38
2037.36
2035.97
1558.93
1554.35
1555.92
1555.77
1555
1553.7
1552.02
1550.22
1548.63
1547.68
1547.68
1548.63
1550.22
1552.02
1553.7
1555
1555.77
1555.92
1554.35
1558.93
1032.29
1025.72
1026.77
1026.75
1026.3
1025.39
1024.08
1022.56
1021.15
1020.27
1020.27
1021.15
1022.56
1024.08
1025.39
1026.3
1026.75
1026.76
1025.71
1032.29
771.002
769.501
770.135
770.314
770.215
769.787
769.056
768.138
767.247
766.677
766.677
767.247
768.138
769.055
769.786
770.214
770.313
770.135
769.5
771.001
643.527
646.059
646.368
646.489
646.383
646.017
645.431
644.727
644.067
643.655
643.655
644.066
644.727
645.431
646.017
646.382
646.488
646.368
646.058
643.526
495.059
497.846
497.932
497.959
497.812
497.451
496.914
496.296
495.738
495.4
495.4
495.738
496.296
496.913
497.451
497.812
497.958
497.931
497.845
495.058
344.593
346.143
346.123
346.142
346.072
345.849
345.488
345.059
344.667
344.43
344.43
344.667
345.059
345.488
345.848
346.071
346.141
346.123
346.143
344.593
237.238
237.584
237.561
237.617
237.659
237.61
237.462
237.251
237.043
236.912
236.912
237.043
237.251
237.462
237.609
237.658
237.616
237.56
237.583
237.237
176.466
176.172
176.185
176.255
176.341
176.377
176.345
176.259
176.157
176.087
176.087
176.156
176.258
176.344
176.376
176.341
176.254
176.183
176.171
176.465
140.076
139.607
139.639
139.695
139.766
139.804
139.793
139.74
139.67
139.62
139.619
139.669
139.739
139.792
139.803
139.765
139.694
139.638
139.605
140.074
112.822
112.388
112.421
112.458
112.504
112.524
112.507
112.458
112.396
112.352
112.352
112.396
112.457
112.507
112.524
112.503
112.457
112.42
112.387
112.821
90.4639
90.1285
90.1552
90.1796
90.2082
90.2161
90.1946
90.1482
90.0928
90.0538
90.0536
90.0924
90.1475
90.1937
90.2152
90.2072
90.1785
90.154
90.1271
90.4625
72.15
71.911
71.931
71.948
71.9667
71.9683
71.9466
71.9056
71.8584
71.8254
71.8253
71.8579
71.905
71.9458
71.9674
71.9658
71.947
71.9298
71.9097
72.1486
57.3221
57.1526
57.1674
57.1803
57.1937
57.1929
57.1737
57.1395
57.1007
57.0739
57.0738
57.1003
57.1389
57.173
57.1921
57.1928
57.1794
57.1663
57.1514
57.3208
45.4293
45.3035
45.3147
45.3251
45.3356
45.3347
45.3191
45.2917
45.2609
45.2396
45.2395
45.2605
45.2912
45.3185
45.334
45.3348
45.3242
45.3137
45.3024
45.4282
35.9734
35.875
35.8838
35.8924
35.9012
35.9009
35.889
35.8676
35.8435
35.8269
35.8268
35.8432
35.8671
35.8884
35.9003
35.9005
35.8916
35.8829
35.874
35.9724
28.4981
28.4188
28.4259
28.4331
28.4406
28.4409
28.4319
28.4154
28.3967
28.3837
28.3836
28.3964
28.415
28.4314
28.4403
28.4399
28.4324
28.4251
28.4179
28.4971
22.5971
22.5329
22.5386
22.5446
22.5508
22.5514
22.5447
22.532
22.5173
22.5071
22.507
22.5171
22.5316
22.5442
22.5509
22.5503
22.544
22.5379
22.5321
22.5963
17.9324
17.8806
17.8853
17.8901
17.8953
17.896
17.8908
17.8809
17.8694
17.8614
17.8613
17.8692
17.8806
17.8904
17.8955
17.8948
17.8896
17.8847
17.88
17.9316
14.237
14.1957
14.1994
14.2033
14.2075
14.2082
14.2042
14.1964
14.1874
14.181
14.1809
14.1871
14.1961
14.2039
14.2078
14.2072
14.2029
14.1989
14.1952
14.2364
11.3047
11.272
11.2749
11.2781
11.2814
11.282
11.2789
11.2728
11.2656
11.2605
11.2605
11.2654
11.2725
11.2786
11.2817
11.2812
11.2778
11.2746
11.2716
11.3042
8.97586
8.95002
8.95234
8.95486
8.95754
8.95802
8.9556
8.95077
8.94508
8.94105
8.941
8.94494
8.95059
8.95543
8.95787
8.9574
8.95471
8.95213
8.94977
8.97556
7.12585
7.10546
7.10727
7.10928
7.11141
7.1118
7.1099
7.10608
7.10157
7.09837
7.09833
7.10147
7.10596
7.1098
7.11174
7.11138
7.10924
7.10719
7.10534
7.1257
5.65628
5.64017
5.64158
5.64316
5.64485
5.64516
5.64366
5.64064
5.63706
5.63452
5.6345
5.637
5.64058
5.64364
5.6452
5.64492
5.64323
5.64162
5.64017
5.65627
4.48909
4.47634
4.47743
4.47867
4.48
4.48024
4.47905
4.47666
4.47382
4.47181
4.47179
4.47379
4.47665
4.47911
4.48037
4.48017
4.47886
4.4776
4.47648
4.48921
3.5622
3.55211
3.55295
3.55391
3.55494
3.55512
3.55417
3.55228
3.55003
3.54843
3.54843
3.55004
3.55233
3.5543
3.55533
3.55521
3.5542
3.55322
3.55236
3.56244
2.82624
2.81825
2.81888
2.81963
2.82042
2.82055
2.8198
2.81829
2.81651
2.81525
2.81526
2.81655
2.8184
2.81999
2.82085
2.82079
2.82001
2.81926
2.81861
2.8266
2.24195
2.23563
2.23611
2.23668
2.23729
2.23738
2.23678
2.23559
2.23419
2.23319
2.23321
2.23426
2.23575
2.23705
2.23776
2.23775
2.23716
2.23659
2.23611
2.24243
1.77818
1.77318
1.77354
1.77397
1.77445
1.77451
1.77404
1.77311
1.772
1.77122
1.77125
1.7721
1.77331
1.77437
1.77497
1.77499
1.77455
1.77412
1.77376
1.77877
1.41017
1.40621
1.40648
1.40681
1.40718
1.40723
1.40687
1.40614
1.40528
1.40468
1.40472
1.40541
1.40639
1.40726
1.40776
1.4078
1.40748
1.40716
1.4069
1.41087
1.11823
1.1151
1.1153
1.11556
1.11585
1.1159
1.11563
1.11508
1.11442
1.11396
1.11401
1.11458
1.11537
1.11608
1.1165
1.11655
1.11632
1.11608
1.11589
1.11904
0.886727
0.884243
0.884394
0.884596
0.884835
0.884894
0.884706
0.884296
0.883796
0.883454
0.883513
0.883981
0.884628
0.885205
0.885555
0.885616
0.885445
0.885272
0.885135
0.887636
0.703195
0.70122
0.701335
0.701496
0.701697
0.701766
0.701647
0.701355
0.700988
0.700741
0.700808
0.701195
0.701723
0.702194
0.702486
0.702548
0.702423
0.702296
0.7022
0.704193
0.557713
0.556139
0.556226
0.556357
0.556531
0.556612
0.556551
0.556354
0.556094
0.555924
0.555997
0.556321
0.556752
0.557137
0.55738
0.557441
0.557352
0.55726
0.557194
0.558787
0.442383
0.441125
0.441191
0.4413
0.441453
0.441544
0.44153
0.44141
0.441236
0.441127
0.441206
0.441478
0.441832
0.442148
0.442351
0.442409
0.442348
0.442284
0.44224
0.443519
0.350926
0.349918
0.349968
0.35006
0.350197
0.350295
0.350317
0.350257
0.35015
0.350089
0.350172
0.350403
0.350696
0.350957
0.351128
0.351184
0.351145
0.351104
0.351078
0.352107
0.278361
0.277551
0.277589
0.277667
0.277791
0.277893
0.277941
0.277926
0.277871
0.277847
0.277932
0.27813
0.278374
0.278592
0.278738
0.278792
0.278772
0.27875
0.27874
0.279569
0.220745
0.220095
0.220124
0.220191
0.220302
0.220404
0.22047
0.220488
0.220472
0.220476
0.220561
0.220733
0.220938
0.221121
0.221247
0.221302
0.221297
0.221291
0.221293
0.221963
0.174967
0.174447
0.174468
0.174526
0.174625
0.174725
0.174803
0.174844
0.174855
0.174879
0.174964
0.175114
0.175288
0.175445
0.175555
0.175609
0.175616
0.175624
0.175637
0.176178
0.138578
0.138164
0.13818
0.138229
0.138318
0.138414
0.138497
0.138554
0.138586
0.138623
0.138705
0.138837
0.138987
0.139122
0.13922
0.139274
0.13929
0.139307
0.139329
0.139765
0.109652
0.109323
0.109335
0.109378
0.109457
0.109549
0.109635
0.109702
0.109746
0.109793
0.109872
0.109988
0.110118
0.110236
0.110324
0.110376
0.110398
0.110422
0.11045
0.110801
0.0866709
0.0864124
0.0864212
0.0864582
0.0865299
0.0866166
0.0867039
0.0867763
0.0868294
0.0868808
0.0869558
0.0870588
0.0871724
0.0872771
0.0873568
0.0874064
0.0874317
0.0874588
0.0874904
0.0877707
0.0684359
0.0682337
0.0682402
0.0682729
0.0683382
0.0684209
0.0685078
0.0685836
0.0686417
0.0686957
0.0687663
0.0688578
0.0689578
0.0690513
0.0691238
0.0691708
0.0691966
0.0692241
0.0692564
0.0694798
0.0539935
0.053836
0.0538408
0.0538702
0.0539306
0.05401
0.0540961
0.0541735
0.0542344
0.0542892
0.0543553
0.0544371
0.0545259
0.0546101
0.0546765
0.0547204
0.054745
0.0547706
0.0548013
0.0549788
0.0425814
0.0424584
0.0424621
0.042489
0.0425455
0.0426222
0.0427074
0.0427853
0.0428476
0.0429022
0.042964
0.0430376
0.0431172
0.0431938
0.0432553
0.043296
0.0433185
0.0433408
0.0433683
0.0435092
0.0335863
0.0334895
0.0334925
0.0335173
0.0335707
0.0336452
0.0337292
0.0338069
0.0338695
0.0339235
0.0339815
0.0340485
0.0341207
0.0341914
0.034249
0.034287
0.0343071
0.0343254
0.034349
0.0344615
0.0265142
0.0264367
0.0264394
0.0264626
0.0265133
0.0265855
0.026668
0.0267449
0.0268074
0.0268604
0.0269154
0.0269772
0.027044
0.0271103
0.0271651
0.0272012
0.0272191
0.0272338
0.0272533
0.0273444
0.0209673
0.0209041
0.0209068
0.0209287
0.0209766
0.0210462
0.0211265
0.0212023
0.0212642
0.0213163
0.0213689
0.0214271
0.0214901
0.0215535
0.0216068
0.0216418
0.0216583
0.0216701
0.0216863
0.0217619
0.0166264
0.016574
0.016577
0.0165977
0.0166426
0.016709
0.0167867
0.0168608
0.0169219
0.0169731
0.017024
0.0170799
0.0171406
0.0172025
0.0172554
0.0172903
0.0173063
0.0173164
0.0173304
0.0173949
0.0132366
0.0131924
0.0131962
0.0132158
0.0132574
0.0133199
0.0133945
0.0134666
0.0135266
0.0135771
0.0136269
0.0136813
0.0137409
0.0138023
0.0138557
0.0138912
0.0139077
0.0139173
0.0139302
0.013987
0.0105938
0.010556
0.0105611
0.0105798
0.0106181
0.0106764
0.0107475
0.0108177
0.0108768
0.0109267
0.0109756
0.0110291
0.0110882
0.0111499
0.0112042
0.0112409
0.0112584
0.0112685
0.0112811
0.0113327
0.0085342
0.00850158
0.00850844
0.00852652
0.00856173
0.00861607
0.00868413
0.00875269
0.00881138
0.00886107
0.0089095
0.00896228
0.00902106
0.00908325
0.00913886
0.00917684
0.00919573
0.00920671
0.0092195
0.00926767
0.00692728
0.00689868
0.00690792
0.00692587
0.00695848
0.00700947
0.0070753
0.00714324
0.00720239
0.00725259
0.00730083
0.00735298
0.00741149
0.00747436
0.00753146
0.00757084
0.00759092
0.00760285
0.00761587
0.00766222
0.00567227
0.00564713
0.00565926
0.00567752
0.00570819
0.00575676
0.00582149
0.00589003
0.00595078
0.00600238
0.00605087
0.00610241
0.00616058
0.0062242
0.00628295
0.00632367
0.00634454
0.00635696
0.00637002
0.0064157
0.00469062
0.00466939
0.00468488
0.00470399
0.0047336
0.00478089
0.00484576
0.00491611
0.00497957
0.00503333
0.0050823
0.00513293
0.00519021
0.00525404
0.00531395
0.00535532
0.00537596
0.00538778
0.00540026
0.00544529
0.00390603
0.0038902
0.00390945
0.00393025
0.00396008
0.00400748
0.00407364
0.00414669
0.00421347
0.00426962
0.00431873
0.0043675
0.00442247
0.00448488
0.00454428
0.00458459
0.00460322
0.00461272
0.00462346
0.00466645
0.0032269
0.00321793
0.00324101
0.00326436
0.00329575
0.00334449
0.00341262
0.0034885
0.00355837
0.00361644
0.00366493
0.00371073
0.00376186
0.00382091
0.00387773
0.00391511
0.00393014
0.00393596
0.00394388
0.0039827
0.00256237
0.00256026
0.00258634
0.00261232
0.00264568
0.00269592
0.00276554
0.00284324
0.00291505
0.00297408
0.00302149
0.00306422
0.00311135
0.00316655
0.00322017
0.00325434
0.00326599
0.00326851
0.00327359
0.00330665
0.0018699
0.00187291
0.00189994
0.00192712
0.001961
0.00201092
0.00207972
0.00215675
0.00222831
0.00228706
0.00233346
0.00237434
0.00241919
0.00247214
0.002524
0.00255685
0.00256749
0.00256906
0.0025727
0.00259951
0.00120684
0.00121271
0.00123698
0.00126164
0.00129163
0.00133599
0.00139832
0.00146932
0.00153629
0.00159205
0.00163673
0.00167665
0.00172076
0.00177293
0.00182442
0.001858
0.00187032
0.00187371
0.0018779
0.00189842
0.00082209
0.0008291
0.000842115
0.000854751
0.000869434
0.000893388
0.000931649
0.000979517
0.00102775
0.00107003
0.00110551
0.00113853
0.00117587
0.0012206
0.0012656
0.00129636
0.00130927
0.00131446
0.00131959
0.00133194
0.000991156
0.00099757
0.000997574
0.000995996
0.000993039
0.000990297
0.000991262
0.000997924
0.00100873
0.00102037
0.00103063
0.00103986
0.00105091
0.00106629
0.00108398
0.00109695
0.00110174
0.00110302
0.00110491
0.00110436
0.0013443
0.0013504
0.0013478
0.00134396
0.00133875
0.00133032
0.00131961
0.00131013
0.00130365
0.00129874
0.00129265
0.00128364
0.00127221
0.00126067
0.00125129
0.00124454
0.00123874
0.00123364
0.00122967
0.00121847
0.0015746
0.00157946
0.00157629
0.00157308
0.00156977
0.00156271
0.00155147
0.00153972
0.00153012
0.00152168
0.00151134
0.00149664
0.00147747
0.00145614
0.00143648
0.00142208
0.00141257
0.00140552
0.00139898
0.00138375
0.00159553
0.00159729
0.00159175
0.00158758
0.00158462
0.00157801
0.00156652
0.0015539
0.00154334
0.00153426
0.00152366
0.00150895
0.0014898
0.00146836
0.00144857
0.00143471
0.00142687
0.00142194
0.00141672
0.00140213
0.00139549
0.00139259
0.00138262
0.00137514
0.00136982
0.00136104
0.00134703
0.00133167
0.00131873
0.00130829
0.00129786
0.00128497
0.00126912
0.001252
0.00123691
0.00122745
0.00122369
0.00122268
0.00122114
0.00121037
0.00100998
0.00100217
0.000987435
0.000975647
0.000966371
0.000953905
0.000936306
0.000917434
0.000901372
0.0008889
0.000878358
0.000867808
0.000856758
0.000846409
0.000838755
0.000835502
0.000836041
0.000838341
0.000840482
0.000835388
0.000542331
0.000532797
0.000518379
0.00050511
0.000492506
0.000477889
0.000461045
0.000444966
0.000432087
0.000422628
0.000416014
0.000412305
0.000412681
0.000418156
0.000427117
0.000435202
0.00043969
0.000441656
0.00044377
0.000446675
0.000367219
0.000375381
0.00038905
0.000393136
0.000389412
0.000389132
0.000399431
0.000417121
0.000435307
0.000449977
0.000461625
0.000473899
0.000490806
0.000513158
0.000536056
0.000550898
0.000554911
0.000552343
0.00054936
0.000557446
0.000715251
0.000732198
0.000755879
0.000765537
0.000765166
0.000769071
0.000785581
0.000810447
0.000835327
0.000855151
0.000869782
0.000882773
0.000898534
0.000918715
0.000939571
0.000953396
0.000957856
0.000956704
0.000955117
0.000964583
0.0010716
0.00108922
0.0011119
0.00111804
0.00111344
0.00111343
0.00112727
0.00115122
0.00117657
0.00119717
0.0012118
0.00122364
0.00123754
0.00125607
0.00127638
0.00129116
0.00129819
0.00130055
0.0013023
0.00131423
0.0013481
0.00136461
0.00138391
0.00138528
0.00137618
0.001372
0.00138228
0.00140396
0.00142842
0.00144872
0.00146256
0.00147267
0.00148427
0.00150082
0.00152042
0.00153629
0.00154619
0.00155216
0.00155663
0.00156952
0.00154783
0.00156253
0.00157755
0.00157559
0.00156494
0.00155938
0.00156748
0.0015868
0.00160948
0.00162852
0.001641
0.00164908
0.00165793
0.00167153
0.00168899
0.00170449
0.00171585
0.00172398
0.00172932
0.00174004
0.00162996
0.00164253
0.00165282
0.00164948
0.0016405
0.00163656
0.00164402
0.00166078
0.0016803
0.00169645
0.00170639
0.00171173
0.001717
0.00172611
0.001739
0.00175127
0.00176115
0.00176874
0.00177308
0.00177918
0.00143672
0.00144612
0.00145133
0.00144662
0.00143882
0.00143528
0.00143986
0.0014507
0.00146291
0.00147192
0.00147561
0.0014752
0.00147422
0.00147597
0.00148094
0.00148621
0.00149081
0.00149487
0.00149727
0.0014999
0.000741866
0.00074544
0.000746171
0.000739119
0.000729353
0.000722108
0.000719839
0.000721178
0.000722847
0.00072188
0.000717024
0.000709289
0.000701323
0.000695719
0.00069303
0.000691143
0.000689718
0.000689475
0.000690046
0.000693237
0.00129139
0.00131491
0.00131646
0.00131724
0.00131988
0.00132695
0.00133948
0.00135667
0.00137644
0.00139648
0.00141533
0.00143281
0.00144968
0.00146678
0.00148413
0.00150077
0.00151535
0.00152674
0.00153447
0.00151352
)
;
    }
    symmetry-x
    {
        type            symmetryPlane;
    }
    symmetry-y
    {
        type            symmetryPlane;
    }
}


// ************************************************************************* //
