/*--------------------------------*- C++ -*----------------------------------*\
| =========                 |                                                 |
| \\      /  F ield         | foam-extend: Open Source CFD                    |
|  \\    /   O peration     | Version:     3.1                                |
|   \\  /    A nd           | Web:         http://www.extend-project.de       |
|    \\/     M anipulation  |                                                 |
\*---------------------------------------------------------------------------*/
FoamFile
{
    version     2.0;
    format      ascii;
    class       volScalarField;
    location    "0.0001";
    object      sigmaEq;
}
// * * * * * * * * * * * * * * * * * * * * * * * * * * * * * * * * * * * * * //

dimensions      [1 -1 -2 0 0 0 0];

internalField   nonuniform List<scalar> 
6400
(
812.757
721.922
623.033
515.265
811.41
720.389
621.372
513.551
811.374
720.373
621.37
513.611
811.256
720.305
621.311
513.559
810.967
720.047
621.085
513.367
810.489
719.592
620.679
513.027
809.846
718.966
620.117
512.558
809.092
718.227
619.454
512.009
808.333
717.481
618.797
511.472
807.814
716.969
618.357
511.117
807.814
716.969
618.357
511.117
808.333
717.481
618.797
511.472
809.092
718.227
619.454
512.009
809.846
718.966
620.117
512.558
810.489
719.592
620.679
513.027
810.967
720.047
621.085
513.367
811.256
720.305
621.311
513.559
811.374
720.373
621.37
513.611
811.41
720.389
621.372
513.551
812.757
721.922
623.033
515.265
459.186
366.657
281.358
211.002
458.268
365.101
279.434
210.181
457.781
365.02
279.386
210.225
457.543
364.967
279.389
210.262
457.337
364.813
279.288
210.209
457.118
364.573
279.08
210.064
456.898
364.266
278.785
209.84
456.71
363.918
278.429
209.556
456.627
363.564
278.059
209.254
456.899
363.339
277.799
209.04
456.899
363.339
277.799
209.04
456.627
363.564
278.059
209.254
456.71
363.918
278.429
209.556
456.898
364.266
278.785
209.84
457.118
364.573
279.08
210.064
457.337
364.813
279.288
210.209
457.543
364.967
279.39
210.262
457.781
365.02
279.386
210.225
458.268
365.101
279.434
210.181
459.186
366.657
281.358
211.002
350.633
303.26
249.954
216.726
350.67
302.044
248.631
216.014
350.265
302.023
248.67
216.203
350.035
301.994
248.71
216.276
349.844
301.878
248.645
216.22
349.658
301.7
248.484
216.046
349.488
301.48
248.249
215.774
349.365
301.237
247.961
215.43
349.347
300.994
247.654
215.067
349.579
300.84
247.434
214.812
349.579
300.84
247.434
214.812
349.347
300.994
247.654
215.067
349.365
301.237
247.961
215.43
349.488
301.48
248.249
215.774
349.658
301.7
248.484
216.046
349.844
301.878
248.645
216.22
350.035
301.994
248.71
216.276
350.265
302.023
248.67
216.203
350.67
302.044
248.631
216.014
350.633
303.26
249.954
216.726
258.745
232.566
198.175
148.505
258.903
232.029
197.182
147.05
258.585
232.044
197.225
147.19
258.393
232.018
197.256
147.283
258.246
231.919
197.196
147.269
258.126
231.772
197.052
147.149
258.036
231.593
196.841
146.94
257.995
231.397
196.584
146.66
258.028
231.204
196.316
146.354
258.204
231.082
196.129
146.134
258.204
231.082
196.129
146.134
258.028
231.204
196.316
146.354
257.995
231.397
196.584
146.66
258.036
231.593
196.841
146.94
258.126
231.772
197.052
147.149
258.246
231.919
197.196
147.269
258.393
232.018
197.256
147.283
258.585
232.044
197.225
147.19
258.903
232.029
197.182
147.05
258.745
232.566
198.175
148.505
192.84
161.71
133.03
96.8876
192.807
161.325
132.348
95.9029
192.564
161.326
132.376
95.9834
192.417
161.308
132.406
96.0609
192.317
161.249
132.376
96.0685
192.25
161.166
132.291
96.0022
192.218
161.069
132.161
95.8691
192.225
160.967
131.998
95.681
192.282
160.866
131.827
95.4685
192.416
160.805
131.708
95.3139
192.416
160.805
131.708
95.3139
192.282
160.866
131.827
95.4685
192.225
160.967
131.998
95.681
192.218
161.07
132.161
95.8691
192.25
161.166
132.291
96.0022
192.317
161.249
132.376
96.0685
192.417
161.308
132.406
96.0609
192.564
161.326
132.376
95.9834
192.807
161.325
132.348
95.9029
192.84
161.71
133.03
96.8876
148.207
113.234
87.6861
69.3798
148.037
112.863
87.248
69.0412
147.855
112.849
87.2635
69.0889
147.747
112.839
87.2927
69.1427
147.679
112.811
87.2888
69.1506
147.641
112.778
87.2541
69.1092
147.633
112.745
87.1943
69.0237
147.655
112.714
87.1154
68.9029
147.71
112.685
87.0294
68.7679
147.812
112.67
86.9685
68.6708
147.812
112.67
86.9685
68.6708
147.71
112.685
87.0294
68.7679
147.655
112.714
87.1154
68.9029
147.633
112.745
87.1943
69.0237
147.641
112.778
87.2541
69.1092
147.679
112.811
87.2888
69.1507
147.747
112.839
87.2927
69.1427
147.855
112.849
87.2635
69.0889
148.037
112.863
87.2481
69.0412
148.207
113.234
87.6861
69.3798
114.525
83.3147
61.5117
51.6442
114.351
82.9772
61.2036
51.5518
114.217
82.9571
61.2078
51.5794
114.139
82.9524
61.234
51.618
114.093
82.94
61.2413
51.6264
114.069
82.9292
61.2316
51.6011
114.067
82.9231
61.2084
51.5465
114.088
82.9216
61.1748
51.47
114.133
82.9221
61.1361
51.3857
114.21
82.9271
61.1081
51.326
114.21
82.9271
61.1081
51.326
114.133
82.9221
61.1361
51.3858
114.088
82.9216
61.1748
51.47
114.067
82.9231
61.2084
51.5465
114.069
82.9292
61.2316
51.6011
114.093
82.94
61.2413
51.6264
114.139
82.9524
61.234
51.618
114.217
82.9571
61.2078
51.5794
114.351
82.9772
61.2036
51.5518
114.525
83.3147
61.5117
51.6442
87.8546
63.3543
45.786
38.241
87.7272
63.0748
45.538
38.1691
87.6285
63.0562
45.5356
38.1832
87.5736
63.055
45.557
38.2133
87.5417
63.049
45.567
38.2247
87.5259
63.045
45.5664
38.2133
87.5261
63.0454
45.5577
38.1821
87.5426
63.0503
45.5429
38.1363
87.5778
63.0572
45.5244
38.085
87.6375
63.0659
45.5107
38.0482
87.6375
63.0659
45.5107
38.0482
87.5778
63.0572
45.5244
38.085
87.5426
63.0503
45.5429
38.1363
87.5261
63.0454
45.5577
38.1821
87.5259
63.045
45.5664
38.2133
87.5417
63.049
45.567
38.2247
87.5736
63.055
45.5571
38.2133
87.6285
63.0562
45.5356
38.1832
87.7272
63.0748
45.538
38.1691
87.8546
63.3543
45.786
38.241
67.2104
48.8594
35.2023
28.4749
67.1268
48.6393
34.9943
28.3783
67.0531
48.6246
34.9895
28.3847
67.014
48.6252
35.0064
28.4085
66.9922
48.6221
35.0158
28.4216
66.9819
48.6202
35.018
28.4195
66.9828
48.6214
35.0148
28.404
66.9955
48.626
35.0075
28.3781
67.0223
48.6323
34.9974
28.3472
67.069
48.64
34.9896
28.3244
67.069
48.64
34.9896
28.3244
67.0223
48.6323
34.9974
28.3472
66.9955
48.626
35.0075
28.3781
66.9828
48.6214
35.0148
28.404
66.9819
48.6202
35.018
28.4195
66.9922
48.6222
35.0158
28.4216
67.014
48.6252
35.0064
28.4086
67.0531
48.6246
34.9895
28.3847
67.1268
48.6393
34.9943
28.3783
67.2104
48.8594
35.2023
28.4749
51.6311
37.9676
27.5137
21.6427
51.5762
37.7977
27.3425
21.5352
51.52
37.7867
27.3375
21.538
51.4915
37.7878
27.3504
21.5565
51.4763
37.786
27.3581
21.5686
51.4693
37.7848
27.3606
21.5706
51.4704
37.7857
27.3594
21.5634
51.4802
37.7889
27.3551
21.5485
51.5007
37.7936
27.3487
21.5293
51.5374
37.7995
27.3435
21.5143
51.5374
37.7995
27.3435
21.5143
51.5007
37.7936
27.3487
21.5293
51.4802
37.7889
27.3551
21.5485
51.4704
37.7857
27.3594
21.5634
51.4693
37.7848
27.3606
21.5706
51.4763
37.786
27.3581
21.5686
51.4915
37.7878
27.3504
21.5565
51.5201
37.7867
27.3375
21.538
51.5762
37.7977
27.3425
21.5352
51.6311
37.9676
27.5137
21.6427
39.9341
29.6495
21.6581
16.7701
39.8961
29.519
21.5208
16.6693
39.8527
29.5107
21.5165
16.6706
39.8312
29.5117
21.5259
16.6846
39.82
29.5103
21.5316
16.6944
39.8152
29.5093
21.5336
16.6972
39.8163
29.5097
21.5328
16.6934
39.8238
29.5119
21.5298
16.6841
39.8397
29.5152
21.5251
16.671
39.8686
29.5196
21.5212
16.6605
39.8686
29.5196
21.5212
16.6605
39.8397
29.5152
21.5251
16.671
39.8238
29.5119
21.5298
16.6841
39.8163
29.5097
21.5328
16.6934
39.8152
29.5093
21.5336
16.6972
39.82
29.5103
21.5317
16.6944
39.8312
29.5117
21.5259
16.6846
39.8527
29.5107
21.5165
16.6706
39.8961
29.519
21.5208
16.6693
39.9341
29.6495
21.6581
16.7701
31.0732
23.2126
17.0655
13.1278
31.0455
23.1123
16.9573
13.0423
31.0116
23.1059
16.9537
13.043
30.995
23.1065
16.9605
13.0535
30.9866
23.1053
16.9646
13.0609
30.983
23.1043
16.9659
13.0633
30.984
23.1045
16.9651
13.0609
30.99
23.106
16.9628
13.0543
31.0024
23.1084
16.959
13.0447
31.0251
23.1117
16.956
13.0369
31.0251
23.1117
16.956
13.0369
31.0024
23.1084
16.959
13.0447
30.99
23.106
16.9628
13.0543
30.984
23.1045
16.9652
13.0609
30.983
23.1043
16.9659
13.0633
30.9866
23.1053
16.9646
13.0609
30.995
23.1065
16.9606
13.0535
31.0116
23.1059
16.9537
13.043
31.0455
23.1123
16.9573
13.0422
31.0732
23.2126
17.0655
13.1278
24.2779
18.1901
13.4234
10.3096
24.2567
18.1124
13.3387
10.2408
24.2301
18.1075
13.3359
10.2413
24.2172
18.1077
13.3409
10.2492
24.2107
18.1067
13.3438
10.2547
24.208
18.1058
13.3446
10.2565
24.2089
18.1059
13.3439
10.2546
24.2136
18.107
13.3419
10.2496
24.2234
18.1088
13.339
10.2423
24.2413
18.1114
13.3366
10.2363
24.2413
18.1114
13.3366
10.2363
24.2234
18.1088
13.339
10.2424
24.2136
18.107
13.342
10.2496
24.2089
18.1059
13.3439
10.2546
24.208
18.1059
13.3446
10.2565
24.2107
18.1067
13.3438
10.2547
24.2172
18.1077
13.3409
10.2492
24.2301
18.1075
13.3359
10.2413
24.2567
18.1124
13.3387
10.2408
24.2779
18.1901
13.4234
10.3096
19.0141
14.2588
10.5387
8.09742
18.9975
14.1983
10.4726
8.04334
18.9767
14.1944
10.4703
8.04376
18.9666
14.1946
10.4742
8.04977
18.9615
14.1937
10.4763
8.05395
18.9595
14.193
10.4768
8.05519
18.9602
14.193
10.4762
8.05373
18.9639
14.1939
10.4746
8.04984
18.9716
14.1953
10.4723
8.04419
18.9857
14.1973
10.4705
8.03953
18.9857
14.1973
10.4705
8.03953
18.9716
14.1953
10.4723
8.04419
18.9639
14.1939
10.4747
8.04985
18.9602
14.193
10.4762
8.05373
18.9595
14.193
10.4768
8.0552
18.9615
14.1937
10.4763
8.05395
18.9666
14.1946
10.4742
8.04977
18.9767
14.1944
10.4703
8.04376
18.9975
14.1983
10.4726
8.04333
19.0141
14.2588
10.5387
8.09741
14.9101
11.1803
8.26573
6.3559
14.897
11.1329
8.21402
6.31376
14.8808
11.1299
8.21227
6.31411
14.8728
11.13
8.21521
6.31875
14.8688
11.1293
8.21685
6.32195
14.8672
11.1287
8.21723
6.32287
14.8678
11.1288
8.21673
6.3217
14.8708
11.1295
8.21553
6.31866
14.8769
11.1306
8.21375
6.31426
14.8879
11.1322
8.21231
6.31064
14.8879
11.1322
8.21231
6.31064
14.8769
11.1306
8.21375
6.31427
14.8708
11.1295
8.21554
6.31867
14.8678
11.1288
8.21673
6.3217
14.8672
11.1287
8.21723
6.32287
14.8688
11.1293
8.21685
6.32195
14.8728
11.13
8.21522
6.31875
14.8808
11.1299
8.21227
6.3141
14.897
11.1329
8.21401
6.31375
14.9101
11.1803
8.26572
6.35588
11.6991
8.76978
6.48217
4.98665
11.6888
8.73267
6.44168
4.95378
11.676
8.73032
6.44032
4.95406
11.6698
8.73037
6.44262
4.95769
11.6667
8.7298
6.44389
4.96017
11.6654
8.72939
6.4442
4.96088
11.6659
8.72944
6.44382
4.95996
11.6682
8.73002
6.44291
4.9576
11.673
8.73095
6.44154
4.95418
11.6816
8.73223
6.44044
4.95136
11.6816
8.73223
6.44044
4.95136
11.673
8.73095
6.44155
4.95419
11.6682
8.73002
6.44292
4.95761
11.6659
8.72944
6.44383
4.95997
11.6654
8.72939
6.4442
4.96088
11.6667
8.7298
6.44389
4.96018
11.6698
8.73036
6.44262
4.95769
11.676
8.73032
6.44031
4.95406
11.6888
8.73267
6.44167
4.95377
11.6991
8.76977
6.48216
4.98663
9.1826
6.88203
5.0854
3.91205
9.17452
6.8529
5.05363
3.88631
9.16451
6.85106
5.05257
3.88654
9.15964
6.8511
5.05438
3.88939
9.15718
6.85066
5.05539
3.89134
9.15621
6.85035
5.05565
3.8919
9.15659
6.85041
5.05538
3.8912
9.15844
6.85089
5.05469
3.88937
9.16219
6.85164
5.05364
3.88671
9.16896
6.85266
5.05279
3.88452
9.16896
6.85266
5.05279
3.88452
9.16218
6.85164
5.05364
3.88672
9.15843
6.85089
5.05469
3.88938
9.15659
6.85041
5.05538
3.8912
9.1562
6.85035
5.05565
3.89191
9.15718
6.85066
5.05539
3.89135
9.15963
6.85109
5.05438
3.88939
9.16451
6.85105
5.05257
3.88654
9.17451
6.85289
5.05362
3.8863
9.18259
6.88202
5.08539
3.91204
7.20923
5.40294
3.99176
3.06967
7.20289
5.38006
3.96681
3.04944
7.19505
5.37862
3.96598
3.04962
7.19123
5.37866
3.96741
3.05187
7.18931
5.37833
3.96822
3.05341
7.18855
5.3781
3.96843
3.05386
7.18886
5.37816
3.96824
3.05333
7.19032
5.37855
3.96772
3.05192
7.19327
5.37916
3.96692
3.04985
7.19859
5.37997
3.96627
3.04814
7.19859
5.37997
3.96627
3.04814
7.19327
5.37916
3.96692
3.04985
7.19031
5.37855
3.96772
3.05192
7.18886
5.37816
3.96824
3.05333
7.18855
5.3781
3.96844
3.05387
7.18931
5.37833
3.96822
3.05341
7.19123
5.37866
3.96741
3.05187
7.19504
5.37862
3.96598
3.04962
7.20289
5.38005
3.9668
3.04943
7.20922
5.40293
3.99174
3.06966
5.66129
4.24331
3.13487
2.40951
5.65633
4.22534
3.11526
2.39357
5.65018
4.22421
3.11462
2.39372
5.64719
4.22425
3.11575
2.39549
5.64569
4.224
3.11639
2.39671
5.6451
4.22383
3.11658
2.39708
5.64535
4.2239
3.11644
2.39668
5.6465
4.22422
3.11605
2.39559
5.64883
4.2247
3.11544
2.39398
5.65301
4.22534
3.11493
2.39265
5.65301
4.22534
3.11493
2.39265
5.64882
4.2247
3.11544
2.39399
5.6465
4.22421
3.11605
2.39559
5.64535
4.22389
3.11644
2.39668
5.6451
4.22383
3.11658
2.39709
5.64569
4.224
3.1164
2.39672
5.64718
4.22425
3.11575
2.39549
5.65017
4.22421
3.11462
2.39372
5.65633
4.22533
3.11526
2.39357
5.66129
4.2433
3.13486
2.4095
4.44671
3.33351
2.46283
1.89198
4.44282
3.3194
2.44742
1.87941
4.438
3.31852
2.44692
1.87953
4.43565
3.31855
2.44781
1.88092
4.43448
3.31837
2.44833
1.88189
4.43403
3.31825
2.44848
1.8822
4.43423
3.3183
2.44839
1.8819
4.43514
3.31856
2.44809
1.88105
4.43697
3.31895
2.44762
1.8798
4.44026
3.31946
2.44723
1.87876
4.44025
3.31946
2.44723
1.87876
4.43696
3.31895
2.44762
1.8798
4.43513
3.31856
2.44809
1.88105
4.43423
3.3183
2.44839
1.8819
4.43402
3.31824
2.44848
1.8822
4.43448
3.31837
2.44833
1.8819
4.43565
3.31856
2.44781
1.88093
4.43799
3.31852
2.44692
1.87953
4.44282
3.3194
2.44742
1.87941
4.44671
3.33351
2.46282
1.89197
3.49329
2.61925
1.93527
1.48601
3.49024
2.60816
1.92316
1.4761
3.48646
2.60747
1.92276
1.47619
3.48462
2.6075
1.92347
1.47729
3.4837
2.60736
1.92388
1.47806
3.48335
2.60727
1.92401
1.4783
3.48351
2.60732
1.92394
1.47808
3.48423
2.60753
1.92371
1.47742
3.48566
2.60784
1.92335
1.47644
3.48825
2.60824
1.92304
1.47563
3.48825
2.60824
1.92304
1.47563
3.48566
2.60783
1.92335
1.47644
3.48422
2.60753
1.92371
1.47742
3.48351
2.60732
1.92394
1.47807
3.48335
2.60727
1.92401
1.47831
3.4837
2.60736
1.92388
1.47806
3.48462
2.60751
1.92347
1.4773
3.48645
2.60747
1.92276
1.47619
3.49024
2.60816
1.92315
1.47609
3.49329
2.61924
1.93526
1.48599
2.7445
2.05813
1.5208
1.16732
2.74212
2.04942
1.51127
1.15951
2.73914
2.04887
1.51096
1.15958
2.7377
2.0489
1.51152
1.16044
2.73698
2.04879
1.51184
1.16105
2.7367
2.04872
1.51195
1.16125
2.73683
2.04876
1.5119
1.16108
2.73739
2.04893
1.51172
1.16057
2.73852
2.04917
1.51143
1.1598
2.74055
2.04948
1.51119
1.15916
2.74055
2.04948
1.51119
1.15916
2.73851
2.04917
1.51143
1.1598
2.73739
2.04892
1.51172
1.16056
2.73683
2.04876
1.5119
1.16108
2.7367
2.04872
1.51195
1.16125
2.73698
2.04879
1.51185
1.16106
2.7377
2.04891
1.51152
1.16045
2.73914
2.04888
1.51096
1.15958
2.74212
2.04941
1.51127
1.1595
2.74451
2.05812
1.52079
1.1673
2.15615
1.61708
1.19496
0.917
2.15428
1.61024
1.18748
0.910852
2.15194
1.60981
1.18723
0.910904
2.15081
1.60983
1.18767
0.911582
2.15024
1.60974
1.18792
0.912063
2.15002
1.60969
1.188
0.912225
2.15011
1.60972
1.18796
0.91209
2.15055
1.60984
1.18782
0.911687
2.15143
1.61002
1.1876
0.911084
2.15302
1.61027
1.18741
0.910582
2.15302
1.61027
1.18741
0.910582
2.15143
1.61002
1.18759
0.911083
2.15055
1.60984
1.18782
0.911685
2.15011
1.60971
1.18796
0.912088
2.15002
1.60969
1.18801
0.912227
2.15024
1.60975
1.18793
0.912073
2.15081
1.60983
1.18767
0.911596
2.15194
1.60981
1.18723
0.910911
2.15428
1.61024
1.18747
0.910844
2.15616
1.61707
1.19495
0.91698
1.69371
1.2703
0.938725
0.720306
1.69225
1.26492
0.932842
0.715472
1.69041
1.26458
0.932645
0.715509
1.68952
1.2646
0.932984
0.716041
1.68907
1.26452
0.933183
0.71642
1.68889
1.26448
0.933247
0.716548
1.68896
1.2645
0.933213
0.716442
1.68929
1.26459
0.933098
0.716123
1.68998
1.26473
0.932914
0.715645
1.69123
1.26492
0.932762
0.715248
1.69123
1.26492
0.932762
0.715248
1.68998
1.26473
0.932913
0.715644
1.68929
1.26459
0.933097
0.71612
1.68896
1.2645
0.933212
0.716439
1.68889
1.26448
0.93325
0.71655
1.68907
1.26453
0.933191
0.71643
1.68952
1.2646
0.932995
0.716056
1.69041
1.26459
0.932651
0.715517
1.69225
1.26492
0.932838
0.715463
1.69372
1.27029
0.938715
0.720284
1.33024
0.997636
0.737218
0.56573
1.32908
0.993413
0.732597
0.561933
1.32764
0.993145
0.732439
0.561959
1.32693
0.993151
0.732702
0.562375
1.32658
0.993092
0.732856
0.562673
1.32643
0.993052
0.732904
0.562774
1.32648
0.993062
0.732873
0.562689
1.32674
0.993128
0.732777
0.562435
1.32728
0.993232
0.732627
0.562055
1.32825
0.993377
0.732504
0.561739
1.32825
0.993377
0.732504
0.561739
1.32728
0.993232
0.732626
0.562053
1.32674
0.993127
0.732776
0.562431
1.32648
0.993061
0.732872
0.562686
1.32643
0.993055
0.732907
0.562776
1.32658
0.993099
0.732865
0.562684
1.32694
0.993161
0.732713
0.562391
1.32764
0.993151
0.732445
0.561967
1.32909
0.993413
0.732593
0.561924
1.33024
0.997632
0.737207
0.565707
1.04463
0.783345
0.578825
0.444276
1.04373
0.780027
0.575195
0.441298
1.04259
0.779814
0.575069
0.441315
1.04204
0.779816
0.575273
0.44164
1.04175
0.779767
0.575391
0.441874
1.04164
0.779733
0.575427
0.441953
1.04167
0.779737
0.575399
0.441885
1.04187
0.779785
0.57532
0.441682
1.04229
0.779862
0.575197
0.441379
1.04306
0.779972
0.575097
0.441128
1.04306
0.779972
0.575097
0.441127
1.04229
0.779862
0.575196
0.441377
1.04187
0.779784
0.575318
0.441678
1.04167
0.779737
0.575398
0.441882
1.04164
0.779736
0.57543
0.441956
1.04176
0.779775
0.575401
0.441886
1.04204
0.779826
0.575284
0.441656
1.04259
0.77982
0.575075
0.441323
1.04373
0.780027
0.575191
0.441288
1.04464
0.78334
0.578814
0.444254
0.82038
0.615073
0.454437
0.348898
0.819664
0.612466
0.451587
0.346563
0.818773
0.612297
0.451485
0.346573
0.818336
0.612297
0.451643
0.346827
0.818112
0.612257
0.451736
0.347011
0.818018
0.612229
0.451763
0.347075
0.818046
0.612231
0.45174
0.347021
0.818204
0.612267
0.451675
0.346859
0.818532
0.612325
0.451575
0.346618
0.819133
0.61241
0.451495
0.346418
0.819133
0.612411
0.451495
0.346417
0.818533
0.612325
0.451574
0.346615
0.818205
0.612266
0.451672
0.346854
0.818048
0.612231
0.451738
0.347018
0.818021
0.612232
0.451766
0.347078
0.818114
0.612264
0.451745
0.347024
0.818337
0.612306
0.451655
0.346844
0.818774
0.612302
0.451491
0.346582
0.819666
0.612465
0.451583
0.346554
0.820384
0.615067
0.454426
0.348876
0.644461
0.483093
0.35688
0.274056
0.643897
0.481045
0.35464
0.272223
0.643197
0.48091
0.354559
0.27223
0.642854
0.48091
0.354683
0.272428
0.642679
0.480879
0.354756
0.272574
0.642607
0.480859
0.354778
0.272625
0.642631
0.480862
0.354761
0.272584
0.642756
0.480891
0.35471
0.272457
0.643016
0.480937
0.354632
0.272266
0.643489
0.481004
0.354568
0.272108
0.64349
0.481004
0.354567
0.272107
0.643017
0.480936
0.35463
0.272262
0.642757
0.480889
0.354707
0.272452
0.642632
0.480861
0.35476
0.272581
0.642608
0.480861
0.354782
0.272629
0.64268
0.480886
0.354765
0.272587
0.642854
0.480918
0.354694
0.272445
0.643197
0.480915
0.354565
0.272238
0.643898
0.481042
0.354636
0.272216
0.644464
0.483086
0.356868
0.274035
0.506594
0.379707
0.280472
0.215379
0.50615
0.378096
0.278711
0.213938
0.5056
0.377989
0.278646
0.213941
0.505332
0.37799
0.278744
0.214097
0.505197
0.377968
0.278803
0.214213
0.505144
0.377956
0.278824
0.214257
0.505166
0.377962
0.278814
0.214227
0.505269
0.377988
0.278776
0.214129
0.505477
0.378027
0.278716
0.21398
0.505852
0.378082
0.278667
0.213855
0.505853
0.378082
0.278666
0.213854
0.505479
0.378026
0.278714
0.213975
0.50527
0.377986
0.278772
0.214123
0.505166
0.37796
0.278811
0.214224
0.505144
0.377957
0.278827
0.214261
0.505196
0.377974
0.278812
0.214227
0.50533
0.377997
0.278754
0.214114
0.505598
0.377993
0.278651
0.21395
0.506149
0.378092
0.278706
0.213931
0.506595
0.379698
0.280459
0.21536
0.398621
0.298793
0.220692
0.169407
0.398272
0.297524
0.219305
0.16827
0.39784
0.297441
0.219253
0.168271
0.397631
0.297443
0.219331
0.168395
0.397528
0.297429
0.219381
0.168488
0.397492
0.297425
0.219402
0.168526
0.397515
0.297436
0.219399
0.168507
0.397601
0.297461
0.219374
0.168433
0.39777
0.297496
0.219331
0.168318
0.398068
0.297542
0.219294
0.168221
0.398069
0.297542
0.219293
0.168219
0.397771
0.297495
0.219327
0.168312
0.397602
0.297458
0.21937
0.168426
0.397514
0.297433
0.219397
0.168503
0.39749
0.297425
0.219405
0.168531
0.397527
0.297434
0.21939
0.168502
0.397628
0.297448
0.219341
0.168411
0.397837
0.297443
0.219257
0.16828
0.39827
0.29752
0.2193
0.168264
0.39862
0.298783
0.220679
0.169389
0.31406
0.235474
0.173932
0.133398
0.313786
0.234473
0.172837
0.132495
0.313447
0.234408
0.172797
0.132495
0.313285
0.234412
0.17286
0.132592
0.313208
0.234405
0.172903
0.132669
0.313185
0.234408
0.172925
0.132704
0.313209
0.234422
0.172928
0.132693
0.313282
0.234449
0.172914
0.13264
0.31342
0.234481
0.172884
0.132553
0.313658
0.234521
0.172858
0.132478
0.313659
0.23452
0.172856
0.132476
0.313421
0.234479
0.17288
0.132546
0.313282
0.234445
0.172909
0.132632
0.313207
0.234419
0.172925
0.132689
0.313182
0.234408
0.172927
0.132708
0.313206
0.23441
0.172911
0.132683
0.313282
0.234416
0.172869
0.132609
0.313443
0.234409
0.1728
0.132504
0.313783
0.234468
0.172832
0.13249
0.314058
0.235463
0.173919
0.13338
0.247766
0.185868
0.137317
0.105174
0.247552
0.185078
0.136451
0.104453
0.247285
0.185026
0.136419
0.104451
0.24716
0.185031
0.13647
0.104529
0.247103
0.18503
0.136508
0.104592
0.247089
0.185038
0.13653
0.104624
0.247113
0.185055
0.136539
0.104621
0.247176
0.185082
0.136533
0.104583
0.247289
0.185112
0.136514
0.104518
0.24748
0.185146
0.136496
0.104462
0.24748
0.185146
0.136494
0.104459
0.24729
0.18511
0.13651
0.104511
0.247176
0.185077
0.136528
0.104575
0.247111
0.185052
0.136535
0.104617
0.247086
0.185038
0.136533
0.104629
0.2471
0.185035
0.136516
0.104606
0.247156
0.185036
0.136479
0.104545
0.247281
0.185027
0.136422
0.10446
0.247549
0.185072
0.136445
0.104448
0.247764
0.185857
0.137303
0.105156
0.195674
0.146902
0.108567
0.0830135
0.195507
0.146278
0.10788
0.0824347
0.195298
0.146237
0.107854
0.0824316
0.1952
0.146242
0.107896
0.0824927
0.195158
0.146245
0.107929
0.0825457
0.19515
0.146255
0.107951
0.0825756
0.195172
0.146274
0.107963
0.082578
0.195225
0.146299
0.107963
0.0825521
0.195317
0.146326
0.107952
0.082504
0.19547
0.146355
0.107939
0.0824606
0.195471
0.146355
0.107937
0.0824578
0.195318
0.146324
0.107947
0.0824964
0.195225
0.146294
0.107957
0.0825431
0.19517
0.14627
0.10796
0.0825731
0.195147
0.146255
0.107954
0.0825802
0.195155
0.146249
0.107937
0.08256
0.195196
0.146247
0.107905
0.0825097
0.195293
0.146237
0.107858
0.0824406
0.195503
0.146272
0.107874
0.0824287
0.195671
0.146891
0.108553
0.0829945
0.154597
0.116168
0.0858946
0.0655635
0.154468
0.115674
0.0853492
0.0650975
0.154303
0.115642
0.0853276
0.0650926
0.154227
0.115646
0.0853605
0.0651404
0.154195
0.11565
0.0853886
0.0651847
0.154189
0.115661
0.0854097
0.0652121
0.154209
0.115679
0.0854226
0.0652176
0.154252
0.115701
0.0854256
0.0652001
0.154326
0.115725
0.0854186
0.0651641
0.154448
0.115749
0.0854096
0.0651308
0.154448
0.115748
0.0854078
0.0651279
0.154327
0.115722
0.0854136
0.0651563
0.154252
0.115696
0.0854193
0.0651908
0.154208
0.115675
0.0854189
0.0652125
0.154188
0.115661
0.0854123
0.0652166
0.154192
0.115655
0.0853973
0.0651991
0.154223
0.115651
0.0853699
0.0651577
0.154298
0.115642
0.0853307
0.0651014
0.154464
0.115668
0.0853426
0.0650902
0.154595
0.116157
0.0858801
0.0655426
0.122069
0.0918044
0.0679162
0.0517698
0.121969
0.0914139
0.0674831
0.0513948
0.12184
0.0913873
0.0674645
0.0513879
0.12178
0.0913903
0.0674898
0.0514246
0.121753
0.0913936
0.0675129
0.0514613
0.121748
0.0914032
0.0675313
0.0514858
0.121763
0.0914181
0.0675432
0.0514925
0.121797
0.0914361
0.0675467
0.0514799
0.121855
0.091455
0.0675417
0.0514521
0.121951
0.0914738
0.0675346
0.0514258
0.121951
0.0914727
0.0675327
0.0514229
0.121855
0.0914519
0.0675366
0.0514444
0.121797
0.0914317
0.0675405
0.0514707
0.121762
0.0914149
0.0675397
0.0514872
0.121747
0.0914043
0.0675342
0.0514901
0.121751
0.091399
0.067522
0.0514759
0.121775
0.0913957
0.0674995
0.0514423
0.121834
0.0913876
0.0674675
0.0513964
0.121965
0.0914078
0.0674759
0.0513858
0.122068
0.0917935
0.0679012
0.0517465
0.0962035
0.0723942
0.0535823
0.0408224
0.0961261
0.0720858
0.053239
0.0405222
0.0960252
0.0720636
0.0532222
0.0405132
0.0959767
0.0720645
0.0532407
0.0405405
0.0959531
0.0720661
0.0532586
0.0405705
0.0959469
0.072073
0.0532734
0.0405916
0.0959567
0.0720838
0.0532828
0.0405977
0.0959817
0.0720967
0.0532849
0.0405875
0.0960256
0.0721099
0.0532798
0.0405647
0.0960998
0.0721234
0.0532731
0.040543
0.0961
0.0721223
0.0532713
0.0405403
0.0960259
0.0721068
0.0532748
0.0405573
0.0959819
0.0720925
0.0532789
0.0405786
0.095957
0.0720812
0.0532797
0.0405925
0.0959473
0.0720748
0.0532767
0.0405957
0.095952
0.0720722
0.0532681
0.0405851
0.0959723
0.0720703
0.0532507
0.0405585
0.0960195
0.072064
0.0532251
0.0405212
0.0961233
0.0720797
0.0532311
0.0405113
0.0962041
0.0723836
0.0535665
0.0407966
0.0755809
0.0568778
0.0421093
0.0321083
0.0755209
0.0566349
0.0418383
0.0318703
0.0754419
0.0566157
0.0418227
0.0318595
0.0754019
0.0566143
0.0418351
0.0318789
0.07538
0.0566136
0.0418478
0.0319028
0.0753715
0.056617
0.0418585
0.0319201
0.0753761
0.0566231
0.0418645
0.0319246
0.0753929
0.0566305
0.0418641
0.031915
0.0754245
0.056638
0.0418576
0.031895
0.0754808
0.0566464
0.0418506
0.0318762
0.075481
0.0566454
0.0418488
0.0318736
0.0754247
0.056635
0.0418529
0.031888
0.0753931
0.0566267
0.0418585
0.0319067
0.0753771
0.0566211
0.0418619
0.0319198
0.0753731
0.0566195
0.0418624
0.0319243
0.0753797
0.0566202
0.0418577
0.0319174
0.0753976
0.0566204
0.0418453
0.031897
0.075436
0.0566161
0.0418252
0.0318668
0.0755185
0.0566287
0.0418296
0.0318575
0.0755826
0.0568675
0.0420929
0.0320802
0.0591409
0.0444715
0.0329213
0.0251697
0.0590941
0.0442808
0.0327085
0.0249837
0.0590324
0.0442639
0.0326937
0.0249714
0.0589988
0.0442602
0.0327009
0.0249844
0.0589776
0.0442569
0.0327089
0.0250028
0.0589669
0.0442568
0.0327155
0.0250165
0.0589669
0.0442586
0.0327179
0.0250188
0.0589767
0.0442608
0.0327146
0.0250089
0.0589983
0.0442631
0.0327064
0.0249904
0.0590401
0.0442671
0.0326986
0.0249736
0.0590402
0.0442662
0.0326969
0.0249712
0.0589985
0.0442603
0.032702
0.0249841
0.0589771
0.0442574
0.0327096
0.0250014
0.0589685
0.0442572
0.032716
0.0250146
0.0589694
0.0442601
0.0327199
0.0250208
0.0589781
0.044264
0.0327191
0.0250174
0.0589945
0.0442664
0.0327111
0.0250022
0.0590263
0.0442641
0.0326958
0.0249778
0.0590921
0.0442744
0.032699
0.0249692
0.0591434
0.0444614
0.0329042
0.0251398
0.0460935
0.0345972
0.0255962
0.0196655
0.0460565
0.0344479
0.0254301
0.0195227
0.0460082
0.0344329
0.025416
0.0195096
0.0459797
0.0344274
0.025419
0.0195175
0.0459594
0.0344219
0.0254231
0.0195313
0.0459472
0.0344189
0.0254261
0.0195416
0.0459438
0.0344171
0.0254254
0.019542
0.0459483
0.0344153
0.0254196
0.0195317
0.0459622
0.0344135
0.0254099
0.0195143
0.0459927
0.0344141
0.0254014
0.019499
0.0459927
0.0344132
0.0253999
0.0194968
0.0459623
0.0344109
0.0254059
0.0195086
0.0459487
0.0344123
0.0254153
0.0195252
0.0459457
0.0344163
0.0254242
0.0195387
0.0459503
0.0344227
0.0254311
0.0195464
0.0459603
0.0344292
0.0254335
0.0195458
0.0459754
0.0344334
0.025429
0.0195348
0.0460021
0.0344328
0.0254175
0.019515
0.0460546
0.0344412
0.0254199
0.0195069
0.0460963
0.0345871
0.0255785
0.0196345
0.0358399
0.026822
0.01982
0.0153371
0.0358103
0.0267053
0.019691
0.0152294
0.0357724
0.0266918
0.0196778
0.0152163
0.0357482
0.0266851
0.0196777
0.0152205
0.0357293
0.0266782
0.0196788
0.0152306
0.0357167
0.0266734
0.0196793
0.0152382
0.0357115
0.0266694
0.0196765
0.0152373
0.0357127
0.0266651
0.0196693
0.0152272
0.0357214
0.0266608
0.0196588
0.0152112
0.0357435
0.0266592
0.0196503
0.0151974
0.0357436
0.0266584
0.0196489
0.0151954
0.0357216
0.0266585
0.0196554
0.0152062
0.0357132
0.0266626
0.0196656
0.0152217
0.0357136
0.0266692
0.019676
0.0152352
0.0357201
0.0266777
0.0196848
0.0152436
0.0357304
0.0266857
0.0196893
0.015245
0.035744
0.0266908
0.0196873
0.0152369
0.0357664
0.0266912
0.0196787
0.0152206
0.0358084
0.0266982
0.0196803
0.015213
0.0358426
0.0268118
0.0198019
0.0153061
0.0279093
0.0208081
0.0153492
0.0119797
0.0278852
0.0207167
0.0152492
0.0118994
0.0278553
0.0207048
0.015237
0.0118869
0.027835
0.0206977
0.0152351
0.0118886
0.0278183
0.0206905
0.0152344
0.0118959
0.0278069
0.0206852
0.0152335
0.0119016
0.0278016
0.0206807
0.01523
0.0119004
0.0278016
0.0206757
0.0152227
0.0118915
0.0278075
0.0206707
0.0152128
0.0118775
0.027824
0.0206683
0.0152049
0.0118656
0.0278242
0.0206676
0.0152037
0.0118638
0.0278077
0.0206688
0.0152099
0.0118732
0.0278021
0.0206736
0.0152198
0.0118871
0.0278036
0.0206809
0.0152303
0.0118995
0.0278101
0.0206898
0.0152395
0.011908
0.0278194
0.0206979
0.0152448
0.0119102
0.027831
0.0207029
0.015244
0.0119041
0.0278494
0.0207036
0.0152373
0.0118902
0.027883
0.0207093
0.0152382
0.011883
0.0279113
0.0207978
0.0153311
0.0119497
0.0219095
0.016275
0.0119815
0.0094213
0.0218898
0.0162028
0.0119034
0.00936075
0.021866
0.0161925
0.0118926
0.00934949
0.0218495
0.0161858
0.0118899
0.00934973
0.0218359
0.0161794
0.0118885
0.00935503
0.0218269
0.0161751
0.0118877
0.00935976
0.0218233
0.0161718
0.0118849
0.00935923
0.0218239
0.0161681
0.0118791
0.00935239
0.0218292
0.0161642
0.0118711
0.00934129
0.0218425
0.0161622
0.0118646
0.00933162
0.0218427
0.0161616
0.0118637
0.00933004
0.0218296
0.0161625
0.0118687
0.00933755
0.0218245
0.0161664
0.011877
0.00934903
0.0218249
0.0161724
0.011886
0.00935971
0.0218297
0.0161799
0.0118941
0.00936717
0.0218367
0.0161866
0.0118989
0.00936941
0.0218456
0.0161904
0.0118981
0.00936413
0.0218602
0.0161907
0.0118922
0.009352
0.0218871
0.016195
0.0118924
0.00934518
0.0219105
0.0162644
0.0119637
0.00939319
0.017494
0.0129709
0.0095345
0.00751212
0.0174779
0.0129131
0.00947224
0.00746427
0.0174589
0.0129045
0.00946306
0.00745453
0.017446
0.0128989
0.00946049
0.00745411
0.0174361
0.0128942
0.00945957
0.00745819
0.0174308
0.0128923
0.00945993
0.00746268
0.0174301
0.0128916
0.00945939
0.00746366
0.017433
0.0128908
0.00945651
0.00745979
0.0174393
0.0128896
0.00945167
0.00745224
0.0174514
0.0128893
0.00944743
0.00744519
0.0174517
0.0128888
0.0094466
0.00744377
0.0174399
0.0128883
0.00944966
0.00744901
0.0174335
0.0128895
0.00945504
0.0074574
0.0174313
0.0128926
0.00946122
0.0074655
0.0174329
0.0128972
0.00946691
0.00747129
0.0174366
0.0129012
0.00946982
0.00747272
0.0174421
0.0129029
0.00946804
0.00746756
0.0174531
0.012902
0.00946218
0.00745653
0.0174746
0.012905
0.00946154
0.00745003
0.0174937
0.0129602
0.0095175
0.00748665
0.0143429
0.0106554
0.00783234
0.00612274
0.0143301
0.0106079
0.0077809
0.00608148
0.0143146
0.010601
0.00777347
0.00607339
0.0143053
0.0105972
0.00777174
0.00607288
0.0142995
0.0105949
0.00777207
0.00607637
0.0142984
0.0105961
0.00777456
0.00608127
0.0143015
0.0105992
0.00777719
0.00608441
0.0143075
0.0106024
0.00777829
0.00608414
0.0143161
0.010605
0.00777751
0.00608065
0.0143284
0.0106071
0.00777606
0.0060765
0.0143288
0.0106067
0.00777537
0.00607522
0.0143168
0.0106039
0.00777593
0.00607788
0.014308
0.0106014
0.00777745
0.00608264
0.0143023
0.0106004
0.0077797
0.00608758
0.0142997
0.010601
0.00778196
0.00609112
0.0142995
0.0106016
0.00778216
0.00609115
0.0143015
0.0106004
0.00777858
0.00608549
0.0143089
0.010598
0.00777211
0.00607503
0.0143262
0.0105997
0.00777066
0.00606875
0.0143415
0.0106445
0.00781636
0.00610006
0.0121567
0.00909194
0.00669969
0.00514399
0.0121467
0.00905179
0.00665523
0.00510492
0.012134
0.00904659
0.00664951
0.00509848
0.0121279
0.00904465
0.006649
0.00509828
0.0121261
0.00904506
0.00665101
0.00510172
0.0121292
0.0090497
0.00665608
0.00510758
0.0121363
0.00905684
0.00666234
0.00511337
0.0121458
0.00906442
0.00666782
0.00511714
0.0121571
0.00907118
0.00667144
0.00511808
0.0121703
0.00907599
0.00667296
0.005117
0.0121707
0.00907571
0.0066724
0.00511585
0.0121579
0.00907035
0.00667024
0.00511572
0.0121462
0.00906372
0.00666755
0.00511646
0.0121367
0.00905821
0.00666543
0.00511777
0.0121299
0.00905461
0.00666382
0.00511862
0.0121256
0.0090514
0.0066609
0.00511675
0.0121242
0.00904733
0.00665515
0.00511006
0.0121285
0.00904311
0.00664773
0.00509969
0.0121424
0.00904351
0.00664546
0.00509341
0.0121543
0.00908114
0.00668473
0.00512366
0.0106576
0.00805335
0.0059651
0.00448084
0.01065
0.00801831
0.00592507
0.00444175
0.0106395
0.00801457
0.00592086
0.00443688
0.0106361
0.00801439
0.0059216
0.00443725
0.0106379
0.00801728
0.00592533
0.00444109
0.0106447
0.00802505
0.00593291
0.0044483
0.0106553
0.0080359
0.00594261
0.004457
0.0106679
0.00804748
0.00595222
0.00446498
0.0106815
0.00805804
0.00595995
0.00447043
0.0106957
0.00806533
0.00596421
0.00447249
0.0106962
0.0080651
0.00596377
0.00447149
0.0106823
0.00805737
0.00595906
0.00446852
0.0106682
0.00804697
0.00595241
0.00446506
0.0106552
0.0080374
0.00594614
0.00446247
0.0106447
0.00802995
0.00594085
0.0044603
0.010637
0.00802337
0.00593496
0.00445619
0.0106326
0.00801664
0.00592712
0.00444811
0.0106342
0.00801079
0.00591868
0.00443742
0.0106456
0.00801009
0.00591566
0.00443088
0.0106546
0.00804272
0.00595093
0.00446206
0.00959648
0.00733466
0.00547131
0.00404061
0.00959086
0.00730329
0.00543438
0.00400125
0.00958204
0.00730072
0.00543136
0.00399773
0.0095809
0.00730191
0.00543312
0.00399874
0.00958529
0.00730669
0.00543824
0.00400324
0.00959485
0.00731681
0.00544781
0.0040119
0.00960811
0.00733047
0.00546027
0.00402333
0.00962286
0.00734509
0.00547319
0.00403516
0.0096381
0.00735855
0.00548422
0.00404477
0.00965294
0.00736772
0.00549069
0.00404973
0.00965333
0.00736752
0.00549034
0.00404892
0.00963876
0.00735796
0.0054836
0.00404336
0.00962297
0.00734472
0.00547375
0.00403596
0.00960771
0.00733209
0.00546413
0.00402959
0.00959452
0.00732173
0.00545587
0.00402446
0.00958422
0.00731263
0.0054476
0.00401809
0.00957763
0.0073039
0.00543809
0.00400858
0.00957714
0.00729678
0.00542884
0.00399743
0.00958657
0.00729525
0.00542519
0.00399048
0.00959359
0.00732439
0.00545773
0.0040226
0.00876177
0.00676626
0.00508651
0.00372742
0.00875771
0.00673781
0.00505222
0.00368869
0.00875038
0.0067361
0.00505002
0.00368611
0.0087507
0.00673813
0.00505238
0.0036876
0.00875659
0.006744
0.00505834
0.00369273
0.00876765
0.00675542
0.00506911
0.00370253
0.00878231
0.00677067
0.00508328
0.00371593
0.0087981
0.00678706
0.00509835
0.00373062
0.00881388
0.00680221
0.00511157
0.00374344
0.00882867
0.00681245
0.00511952
0.0037507
0.00882894
0.00681225
0.00511926
0.00375011
0.00881429
0.00680165
0.00511119
0.00374258
0.00879798
0.00678679
0.00509922
0.00373208
0.00878177
0.00677242
0.00508738
0.0037227
0.00876726
0.00676041
0.0050772
0.00371517
0.0087556
0.00674989
0.00506744
0.00370704
0.0087477
0.00674002
0.00505696
0.00369648
0.00874583
0.00673216
0.00504726
0.00368503
0.00875385
0.0067301
0.0050432
0.00367773
0.00875944
0.00675661
0.00507343
0.00370969
0.00798831
0.00622112
0.00471118
0.00345139
0.00798557
0.00619541
0.00467964
0.00341438
0.00797959
0.00619426
0.0046779
0.00341219
0.00798062
0.00619652
0.00468035
0.00341379
0.00798678
0.00620258
0.00468647
0.00341924
0.00799797
0.00621417
0.00469749
0.0034295
0.00801272
0.0062297
0.00471219
0.00344369
0.00802835
0.0062465
0.00472809
0.00345978
0.00804354
0.00626206
0.00474226
0.0034744
0.00805746
0.0062725
0.00475089
0.00348308
0.00805756
0.00627228
0.0047507
0.00348273
0.00804356
0.00626148
0.00474208
0.00347413
0.00802793
0.00624631
0.00472922
0.00346184
0.0080122
0.00623162
0.00471648
0.00345068
0.00799786
0.00621932
0.00470559
0.00344183
0.00798613
0.00620854
0.00469536
0.00343283
0.00797788
0.00619844
0.00468469
0.00342197
0.0079753
0.00619043
0.00467503
0.00341067
0.00798231
0.00618816
0.00467084
0.00340326
0.00798694
0.00621234
0.00469873
0.00343379
0.00716428
0.00561679
0.00428068
0.00314418
0.00716277
0.00559399
0.00425224
0.00310976
0.00715806
0.00559312
0.00425063
0.00310737
0.00715908
0.00559506
0.00425267
0.0031086
0.00716432
0.00560045
0.00425823
0.00311386
0.00717435
0.0056111
0.00426856
0.00312373
0.00718798
0.00562568
0.0042826
0.00313738
0.00720231
0.0056416
0.00429803
0.00315324
0.00721587
0.00565633
0.00431192
0.00316811
0.00722814
0.00566613
0.00432043
0.00317723
0.00722802
0.00566587
0.0043203
0.00317715
0.00721541
0.0056557
0.00431192
0.00316845
0.00720156
0.00564146
0.00429939
0.00315584
0.00718763
0.0056278
0.00428705
0.0031444
0.00717484
0.0056165
0.00427665
0.00313548
0.00716424
0.00560657
0.00426698
0.00312672
0.00715654
0.00559711
0.00425693
0.00311645
0.00715391
0.00558951
0.0042478
0.00310584
0.00716019
0.00558732
0.00424377
0.00309864
0.00716416
0.0056091
0.00426904
0.00312672
0.00623357
0.00491426
0.00376477
0.00276903
0.00623326
0.00489471
0.00373988
0.00273782
0.00622976
0.0048939
0.00373811
0.00273472
0.00623014
0.00489502
0.00373929
0.00273513
0.00623349
0.00489901
0.00374368
0.00273967
0.00624127
0.00490779
0.00375246
0.00274829
0.00625275
0.00492036
0.0037648
0.00276016
0.00626484
0.0049343
0.0037786
0.0027743
0.00627595
0.00494714
0.00379111
0.00278799
0.0062859
0.00495558
0.0037988
0.00279666
0.00628554
0.00495527
0.00379874
0.00279682
0.00627495
0.00494643
0.00379127
0.00278893
0.00626375
0.00493419
0.00378014
0.0027774
0.00625268
0.00492271
0.00376938
0.00276707
0.00624259
0.00491348
0.00376052
0.00275932
0.00623413
0.00490535
0.00375232
0.00275186
0.00622775
0.00489726
0.00374358
0.002743
0.00622563
0.00489057
0.00373543
0.00273355
0.00623138
0.00488871
0.00373181
0.00272686
0.00623486
0.00490778
0.00375409
0.00275177
0.00519258
0.00411408
0.00316479
0.00232228
0.00519339
0.00409811
0.00314382
0.00229475
0.00519101
0.00409717
0.00314171
0.00229064
0.0051903
0.00409712
0.00314171
0.00228987
0.00519105
0.00409917
0.00314445
0.00229325
0.00519585
0.00410541
0.00315106
0.00229993
0.00520442
0.00411519
0.00316089
0.00230906
0.00521364
0.00412632
0.00317218
0.00232035
0.00522172
0.00413651
0.00318249
0.00233176
0.0052289
0.00414307
0.00318882
0.00233923
0.00522831
0.0041427
0.0031888
0.00233961
0.00522019
0.00413571
0.00318278
0.00233323
0.0052122
0.00412624
0.00317387
0.00232387
0.00520471
0.00411777
0.00316555
0.00231579
0.00519814
0.0041114
0.00315905
0.00231017
0.00519253
0.00410573
0.00315298
0.00230482
0.00518802
0.00409956
0.00314607
0.00229796
0.00518683
0.00409415
0.00313922
0.00228998
0.00519222
0.00409278
0.00313617
0.00228395
0.00519529
0.00410882
0.00315509
0.00230514
0.00408169
0.0032494
0.00250836
0.00182934
0.00408342
0.00323717
0.00249155
0.00180605
0.00408202
0.00323597
0.002489
0.00180085
0.00407996
0.00323456
0.00248768
0.00179877
0.00407781
0.00323441
0.00248854
0.00180071
0.00407925
0.00323777
0.00249262
0.00180506
0.00408454
0.00324433
0.00249951
0.00181093
0.00409055
0.0032522
0.00250776
0.00181873
0.00409537
0.00325931
0.00251538
0.00182718
0.00409959
0.00326371
0.00252003
0.001833
0.0040988
0.00326329
0.00252006
0.00183355
0.00409335
0.00325843
0.00251577
0.00182908
0.00408882
0.00325213
0.00250955
0.00182256
0.00408522
0.0032471
0.00250417
0.0018174
0.00408254
0.003244
0.00250045
0.00181445
0.00408016
0.00324114
0.00249686
0.00181161
0.00407783
0.00323718
0.00249203
0.00180701
0.00407783
0.00323325
0.00248665
0.00180055
0.00408293
0.00323246
0.00248422
0.00179519
0.00408573
0.00324523
0.00249949
0.00181207
0.00297268
0.00237609
0.00184189
0.00133942
0.00297493
0.00236747
0.00182931
0.00132127
0.00297431
0.00236595
0.00182634
0.00131527
0.00297086
0.00236321
0.00182378
0.00131205
0.00296588
0.00236089
0.00182283
0.00131259
0.00296403
0.00236139
0.00182443
0.00131463
0.00296603
0.00236471
0.00182834
0.00131732
0.00296885
0.00236925
0.00183348
0.00132162
0.00297048
0.00237325
0.00183831
0.00132701
0.00297184
0.00237547
0.00184123
0.001331
0.00297088
0.00237503
0.00184129
0.00133164
0.00296809
0.0023723
0.00183877
0.00132913
0.00296689
0.00236919
0.00183529
0.00132556
0.00296709
0.00236759
0.00183287
0.00132337
0.00296829
0.00236773
0.0018319
0.00132301
0.00296914
0.00236768
0.00183074
0.00132253
0.00296904
0.00236593
0.00182794
0.00131997
0.00297029
0.00236352
0.001824
0.00131479
0.00297513
0.00236329
0.00182212
0.00130988
0.00297786
0.00237277
0.0018335
0.00132165
0.00195454
0.0015607
0.00122234
0.000923219
0.0019566
0.00155526
0.00121396
0.000911988
0.00195646
0.00155343
0.00121077
0.000906125
0.00195177
0.00154959
0.00120736
0.000902575
0.00194444
0.00154545
0.00120504
0.000902281
0.00193977
0.00154348
0.00120465
0.000902746
0.00193881
0.00154392
0.00120602
0.000903196
0.00193875
0.00154546
0.00120845
0.000904905
0.00193759
0.00154667
0.00121085
0.000907794
0.00193642
0.00154699
0.00121228
0.000910168
0.00193537
0.00154653
0.00121236
0.000910755
0.00193497
0.00154571
0.00121134
0.000909767
0.00193669
0.0015454
0.00121018
0.000908465
0.00194025
0.00154679
0.00121018
0.000908327
0.00194495
0.00154974
0.00121137
0.000909486
0.00194872
0.0015521
0.00121208
0.000910311
0.00195064
0.0015523
0.00121092
0.00090891
0.00195299
0.00155126
0.00120815
0.000904446
0.00195753
0.00155151
0.00120661
0.000899641
0.0019606
0.00155794
0.00121389
0.00090487
0.00112224
0.000867619
0.000711407
0.000668511
0.00112278
0.00086456
0.000707483
0.000666657
0.00112271
0.000862494
0.00070453
0.000663008
0.00111717
0.00085802
0.000701169
0.00066095
0.00110839
0.000852774
0.000698632
0.000661269
0.00110176
0.000849099
0.000697436
0.000661971
0.00109846
0.000847345
0.000697408
0.000662508
0.0010961
0.000846542
0.000698155
0.000663794
0.0010928
0.000845619
0.000699036
0.000665716
0.0010897
0.000844532
0.000699562
0.000667185
0.00108862
0.000844103
0.000699657
0.000667501
0.00109018
0.000844725
0.000699503
0.000666871
0.00109419
0.000846503
0.000699563
0.000665938
0.00110041
0.000850058
0.000700603
0.000665462
0.00110795
0.000854941
0.000702456
0.00066554
0.00111413
0.000858952
0.000703713
0.000665282
0.00111763
0.000860594
0.000703234
0.000663406
0.00112063
0.000860645
0.000701125
0.000659087
0.00112465
0.00086119
0.000699546
0.000654392
0.00112889
0.000865095
0.000702201
0.000651743
0.000579772
0.000346315
0.00038149
0.000607119
0.000576202
0.000344315
0.000383198
0.000612848
0.000575693
0.000342217
0.000381831
0.00061266
0.000570401
0.000338034
0.000380765
0.000613352
0.000562281
0.000333027
0.000380743
0.000615419
0.000555577
0.000328996
0.000381479
0.000617941
0.000551255
0.000326158
0.000382513
0.000620583
0.000547786
0.000323969
0.000383748
0.000623405
0.000543738
0.000321916
0.000384981
0.000625925
0.000539903
0.000320245
0.000385829
0.000627399
0.000538977
0.000319945
0.000385943
0.000627385
0.000541639
0.000321326
0.000385322
0.000625991
0.000546667
0.00032408
0.000384266
0.000623609
0.000554057
0.000328425
0.000383215
0.000620744
0.000562969
0.000333712
0.000382249
0.000617761
0.000570333
0.000338013
0.000381024
0.000614731
0.000574386
0.000340235
0.000379303
0.00061141
0.000576804
0.000340986
0.000377017
0.000607403
0.000579373
0.000341593
0.000374932
0.000603602
0.000586162
0.000343928
0.000371751
0.000595988
0.00040907
5.64332e-05
0.000296337
0.00062293
0.000401523
5.09528e-05
0.000302426
0.000630771
0.000400796
5.24406e-05
0.000303935
0.000632399
0.000398306
5.68234e-05
0.000306787
0.000634642
0.00039494
6.24856e-05
0.000310996
0.00063783
0.000392074
6.7333e-05
0.000315389
0.00064161
0.000390038
7.05596e-05
0.000319302
0.00064567
0.000388621
7.30429e-05
0.000322751
0.000649568
0.000387187
7.58282e-05
0.000325734
0.000652659
0.00038552
7.81819e-05
0.000327711
0.000654348
0.000385063
7.86215e-05
0.000327809
0.000654214
0.000386413
7.7056e-05
0.000325836
0.000652246
0.000388934
7.42045e-05
0.000322176
0.000648782
0.000393131
7.02436e-05
0.000317144
0.000644341
0.000398714
6.49939e-05
0.000311329
0.000639513
0.000403425
5.95584e-05
0.000305886
0.000634901
0.00040544
5.63788e-05
0.00030188
0.000630911
0.000405221
5.60198e-05
0.000299255
0.000627493
0.000404875
5.58292e-05
0.000297295
0.000624774
0.000412757
6.00292e-05
0.000291084
0.000616839
0.000428178
0.000212168
0.000337186
0.000603515
0.000422562
0.00021183
0.000342828
0.00061041
0.000422721
0.000214191
0.000345109
0.000612063
0.000421492
0.000217447
0.000348332
0.000614331
0.000419787
0.000221243
0.000352754
0.000617541
0.000418838
0.00022528
0.000357506
0.000621365
0.00041898
0.000229494
0.000362148
0.000625443
0.000419868
0.000233714
0.000366467
0.000629288
0.000420629
0.000237514
0.000370126
0.000632318
0.000420521
0.000239951
0.000372418
0.000633999
0.0004201
0.000240023
0.00037247
0.000633899
0.0004199
0.00023778
0.000370148
0.000631954
0.000420098
0.000234099
0.000365979
0.000628487
0.000421615
0.000229625
0.000360452
0.000624032
0.000424457
0.000224758
0.000354254
0.00061923
0.000426854
0.000220248
0.000348536
0.000614749
0.000427234
0.000217061
0.000344326
0.000611055
0.000425987
0.000215679
0.000341735
0.000608143
0.000424879
0.000215472
0.000340515
0.000606083
0.000430682
0.000216929
0.000336803
0.000599658
0.000545703
0.000419829
0.000426159
0.000541779
0.000544168
0.000420008
0.00042912
0.000545786
0.000545032
0.000421591
0.000430691
0.00054645
0.000543133
0.000422249
0.000432038
0.000547594
0.000540273
0.00042271
0.00043415
0.000549684
0.000539381
0.000424644
0.000437336
0.000552437
0.000540917
0.000428461
0.000441613
0.000555653
0.000543467
0.000433179
0.000446355
0.000559027
0.000545375
0.000437274
0.000450492
0.000561932
0.000545858
0.000439484
0.000452927
0.000563628
0.000545237
0.000439205
0.000452885
0.000563587
0.000543948
0.00043673
0.000450472
0.000561872
0.000542706
0.000433256
0.000446628
0.000559019
0.000542944
0.00043019
0.000442391
0.000555691
0.000544788
0.000427921
0.000438305
0.00055239
0.000546255
0.000425742
0.000434459
0.000549366
0.000546095
0.000423362
0.000430931
0.000546508
0.000545676
0.000421757
0.000428088
0.000543646
0.000546072
0.000421692
0.000427148
0.000541579
0.000549488
0.000423377
0.000427192
0.000537815
0.000898516
0.000750833
0.00063115
0.000531556
0.000899092
0.000749875
0.000630327
0.000530226
0.000899539
0.00075095
0.000631121
0.000529902
0.000897986
0.000750616
0.000630951
0.000529378
0.000896191
0.000750007
0.000631128
0.000529339
0.000897043
0.000751725
0.000633175
0.00053038
0.00090055
0.000756266
0.000637537
0.000533011
0.000904873
0.000762215
0.000643223
0.000536994
0.000908324
0.000767497
0.000648432
0.000541034
0.000910183
0.000770381
0.000651436
0.000543472
0.000909678
0.000769929
0.000651258
0.000543364
0.000906988
0.000766534
0.000648253
0.000541191
0.000903755
0.000762055
0.000644055
0.000538382
0.000901648
0.000758647
0.000640456
0.000536237
0.000901067
0.000756797
0.000637914
0.000535008
0.000900475
0.000755051
0.000635457
0.000533921
0.000899255
0.000752484
0.00063225
0.00053169
0.000899235
0.000750325
0.00062893
0.000528018
0.00090095
0.00075001
0.000627737
0.000525109
0.000902737
0.000752699
0.00063117
0.000526106
0.00144836
0.00119827
0.00095525
0.000683837
0.00144894
0.00119534
0.000951051
0.000677326
0.00144856
0.0011963
0.000951665
0.000677293
0.00144816
0.00119621
0.000951343
0.000676172
0.00144885
0.00119623
0.000951283
0.000674748
0.00145237
0.00119915
0.000953681
0.000675142
0.00145813
0.00120533
0.000959174
0.000678764
0.00146435
0.00121315
0.000966526
0.00068505
0.00146968
0.00122029
0.000973422
0.000691593
0.00147337
0.00122445
0.000977451
0.000695487
0.00147309
0.00122394
0.000977141
0.000695144
0.0014688
0.00121914
0.00097299
0.000691467
0.00146335
0.00121276
0.000967374
0.000687128
0.00145848
0.00120763
0.000962806
0.000684443
0.0014549
0.00120447
0.000959882
0.000683607
0.0014518
0.00120168
0.000957171
0.000682899
0.0014491
0.00119814
0.000953426
0.000680208
0.00144858
0.00119516
0.000949461
0.000675444
0.00145073
0.00119441
0.000947791
0.00067165
0.00145201
0.00119866
0.000953678
0.000677608
0.00207805
0.00169748
0.00133748
0.000961448
0.002078
0.00169235
0.00133049
0.000952078
0.00207683
0.00169339
0.00133128
0.000953074
0.00207769
0.00169403
0.00133151
0.000952496
0.00208094
0.0016953
0.00133216
0.00095116
0.00208708
0.0016999
0.00133573
0.000952351
0.00209499
0.00170802
0.0013429
0.000957974
0.00210301
0.00171788
0.00135225
0.000966996
0.00211018
0.00172702
0.00136107
0.000976108
0.00211567
0.00173261
0.00136629
0.000981455
0.00211555
0.00173206
0.00136585
0.000980862
0.00210966
0.00172574
0.00136034
0.000975423
0.00210214
0.00171722
0.00135281
0.000968752
0.00209469
0.00170991
0.00134642
0.000964086
0.00208827
0.00170481
0.00134204
0.000961829
0.0020828
0.00170042
0.00133816
0.000959874
0.00207859
0.00169563
0.00133342
0.000955966
0.00207723
0.00169176
0.00132873
0.000950356
0.00207947
0.00169056
0.00132659
0.000946096
0.00208071
0.00169661
0.00133447
0.00095508
0.00268008
0.002173
0.00171026
0.00126794
0.00267937
0.00216579
0.001701
0.00125691
0.00267758
0.00216697
0.00170204
0.00125883
0.00267954
0.0021684
0.001703
0.00125903
0.00268493
0.00217098
0.00170464
0.00125838
0.00269322
0.00217722
0.00170956
0.00126085
0.00270287
0.0021871
0.00171844
0.00126854
0.00271236
0.00219878
0.00172969
0.00128001
0.002721
0.00220969
0.00174028
0.00129132
0.00272795
0.00221653
0.0017466
0.00129792
0.00272792
0.00221593
0.00174605
0.00129713
0.00272067
0.00220826
0.00173925
0.00129009
0.00271148
0.00219781
0.00172983
0.0012811
0.00270195
0.00218845
0.00172151
0.00127416
0.00269321
0.00218143
0.00171542
0.00126999
0.00268577
0.00217545
0.00171015
0.00126638
0.00268026
0.00216948
0.00170435
0.00126118
0.00267804
0.00216481
0.00169902
0.00125494
0.00268024
0.00216323
0.00169651
0.00125043
0.00268158
0.00217105
0.0017061
0.0012613
0.00316017
0.0025527
0.00201241
0.00153126
0.00315901
0.00254386
0.00200148
0.00151916
0.00315684
0.00254516
0.00200273
0.00152166
0.00315963
0.00254723
0.00200432
0.0015225
0.00316651
0.00255088
0.00200687
0.00152266
0.00317625
0.0025584
0.00201299
0.0015264
0.00318709
0.00256963
0.00202328
0.00153581
0.00319752
0.00258263
0.00203602
0.00154916
0.00320707
0.00259481
0.00204798
0.00156215
0.00321499
0.00260255
0.00205513
0.00156971
0.00321497
0.00260191
0.0020545
0.00156878
0.00320677
0.00259325
0.0020467
0.00156049
0.00319652
0.00258138
0.00203578
0.00154959
0.00318563
0.00257046
0.00202582
0.00154066
0.0031753
0.00256193
0.00201824
0.00153474
0.00316648
0.00255469
0.00201176
0.00152964
0.00316002
0.00254781
0.00200512
0.00152341
0.00315709
0.00254254
0.00199932
0.00151678
0.00315919
0.0025407
0.00199658
0.0015122
0.00316065
0.00254998
0.0020075
0.00152426
0.00344032
0.00277559
0.00219325
0.00169905
0.00343901
0.00276579
0.0021814
0.00168639
0.00343678
0.00276717
0.00218274
0.00168903
0.00344009
0.00276965
0.00218473
0.00169027
0.00344772
0.00277398
0.00218795
0.0016912
0.0034581
0.00278228
0.00219491
0.00169601
0.00346947
0.00279427
0.00220611
0.00170658
0.00348028
0.00280798
0.00221975
0.00172109
0.00349015
0.0028208
0.00223251
0.00173508
0.00349845
0.00282899
0.00224015
0.00174326
0.00349838
0.00282832
0.00223948
0.0017423
0.00348976
0.00281916
0.0022311
0.00173325
0.00347917
0.00280655
0.00221927
0.00172107
0.00346775
0.00279477
0.00220825
0.00171071
0.00345667
0.00278533
0.00219966
0.00170349
0.00344717
0.00277733
0.00219236
0.00169732
0.00344019
0.00276995
0.00218522
0.00169046
0.00343677
0.00276436
0.00217921
0.00168376
0.00343872
0.00276242
0.00217643
0.00167927
0.00344026
0.00277263
0.00218814
0.00169189
0.00346522
0.00279914
0.00221781
0.00173443
0.0034641
0.00278923
0.0022059
0.00172168
0.00346217
0.00279064
0.0022072
0.00172405
0.00346567
0.00279324
0.0022093
0.0017254
0.00347325
0.0027978
0.00221285
0.00172695
0.00348348
0.00280627
0.00222017
0.00173248
0.00349472
0.00281836
0.00223166
0.00174355
0.00350535
0.00283208
0.0022455
0.00175836
0.00351495
0.00284486
0.00225837
0.0017726
0.00352302
0.00285301
0.00226608
0.00178099
0.00352289
0.00285235
0.00226542
0.00178011
0.00351444
0.00284323
0.00225698
0.00177088
0.00350421
0.00283066
0.00224495
0.00175823
0.00349311
0.00281881
0.00223361
0.00174719
0.00348216
0.00280918
0.00222463
0.00173928
0.00347272
0.00280103
0.00221706
0.0017326
0.0034657
0.00279361
0.00220987
0.00172564
0.00346207
0.00278804
0.00220396
0.00171921
0.00346382
0.00278614
0.00220132
0.00171502
0.00346534
0.00279656
0.00221316
0.00172758
0.00321034
0.0026066
0.00207294
0.00161966
0.0032098
0.00259755
0.00206187
0.00160725
0.00320852
0.00259893
0.00206299
0.00160892
0.00321186
0.00260135
0.00206489
0.00161006
0.00321862
0.00260565
0.00206837
0.00161199
0.00322789
0.00261368
0.0020755
0.00161777
0.00323834
0.00262518
0.0020866
0.00162854
0.00324823
0.0026382
0.00209985
0.00164271
0.003257
0.00265024
0.00211213
0.00165633
0.00326428
0.00265786
0.00211946
0.00166446
0.00326407
0.00265722
0.00211887
0.00166376
0.00325635
0.0026487
0.00211088
0.001655
0.00324716
0.00263694
0.00209943
0.00164278
0.00323716
0.0026258
0.00208855
0.00163195
0.00322723
0.00261674
0.00207989
0.0016241
0.00321859
0.00260906
0.00207263
0.00161758
0.00321204
0.00260209
0.00206585
0.00161108
0.0032085
0.00259689
0.00206038
0.00160533
0.00321
0.0025952
0.00205806
0.00160165
0.00321133
0.00260497
0.00206934
0.00161365
0.00269005
0.00221329
0.00177251
0.00136302
0.00269046
0.00220602
0.0017631
0.00135123
0.0026901
0.00220732
0.00176395
0.00135185
0.00269292
0.00220931
0.00176538
0.00135243
0.00269815
0.00221291
0.00176841
0.0013544
0.00270571
0.00221992
0.00177483
0.00135984
0.00271471
0.00223018
0.00178486
0.00136944
0.00272331
0.00224183
0.00179681
0.00138194
0.00273072
0.0022525
0.00180781
0.00139403
0.00273664
0.00225914
0.00181434
0.00140135
0.00273632
0.00225853
0.00181384
0.0014009
0.00272985
0.00225108
0.00180678
0.00139324
0.00272226
0.00224079
0.0017966
0.0013824
0.00271408
0.00223107
0.00178689
0.00137271
0.00270596
0.00222322
0.00177918
0.00136573
0.00269883
0.00221658
0.00177276
0.00136007
0.00269324
0.0022105
0.00176682
0.00135462
0.00269011
0.00220598
0.00176207
0.00134993
0.0026913
0.00220461
0.00176024
0.00134698
0.00269221
0.00221285
0.00177032
0.0013581
0.00196273
0.00167096
0.00136117
0.00100511
0.00196437
0.00166619
0.00135409
0.000994116
0.00196511
0.00166743
0.00135467
0.000993478
0.00196709
0.00166887
0.00135553
0.000993261
0.00197025
0.00167154
0.00135793
0.000994933
0.00197553
0.00167717
0.0013633
0.000999471
0.00198254
0.00168575
0.0013718
0.00100711
0.00198936
0.00169559
0.00138191
0.001017
0.00199496
0.00170445
0.00139113
0.0010267
0.00199909
0.00170977
0.00139655
0.00103268
0.00199861
0.0017092
0.00139615
0.00103246
0.00199374
0.00170312
0.00139032
0.00102645
0.00198815
0.00169471
0.00138186
0.00101781
0.00198232
0.00168682
0.00137378
0.00101008
0.00197664
0.00168055
0.00136739
0.00100462
0.00197157
0.00167527
0.00136209
0.00100038
0.00196735
0.00167034
0.00135721
0.000996426
0.00196489
0.00166667
0.00135331
0.000993047
0.00196568
0.00166565
0.00135201
0.000990969
0.00196585
0.00167157
0.0013604
0.00100109
0.00113645
0.00107919
0.000924286
0.000630149
0.00113937
0.00107717
0.000919932
0.000620391
0.0011412
0.00107849
0.000920577
0.000618916
0.00114229
0.00107971
0.000921232
0.000618151
0.00114338
0.00108179
0.000923341
0.000619582
0.00114638
0.00108628
0.000927858
0.000623082
0.00115131
0.00109334
0.000934863
0.000628442
0.00115634
0.00110148
0.000943098
0.000635241
0.0011602
0.00110868
0.000950493
0.000641933
0.00116255
0.00111282
0.00095479
0.000646121
0.00116191
0.0011123
0.000954482
0.000646067
0.00115861
0.00110751
0.000949883
0.000641975
0.00115486
0.00110076
0.00094308
0.000635931
0.0011513
0.0010944
0.000936443
0.000630403
0.00114811
0.00108935
0.000931059
0.000626465
0.00114518
0.00108507
0.000926548
0.000623528
0.00114237
0.00108104
0.000922431
0.000620968
0.00114063
0.00107808
0.000919141
0.000618755
0.00114081
0.00107721
0.000918199
0.000617428
0.0011398
0.00108029
0.000924651
0.00062655
0.000485531
0.0006658
0.000637905
0.000428452
0.000487694
0.000665263
0.000635917
0.000422789
0.000489339
0.000667043
0.000637613
0.000423534
0.000490721
0.00066952
0.00063959
0.000424638
0.000492665
0.000672906
0.000642839
0.000427039
0.000496137
0.000677918
0.000647615
0.000430422
0.000501025
0.000684606
0.000653856
0.000434481
0.000506394
0.00069208
0.00066074
0.000438763
0.000511181
0.000698797
0.000666851
0.000442502
0.00051405
0.000702809
0.000670469
0.00044469
0.000513662
0.000702585
0.00067032
0.000444561
0.000510193
0.000698301
0.000666535
0.000442153
0.000505383
0.000691825
0.000660629
0.000438298
0.000500804
0.000685144
0.000654319
0.000434018
0.000497008
0.00067919
0.000648512
0.000429985
0.000493799
0.000673989
0.000643342
0.000426451
0.000491076
0.000669616
0.000638866
0.000423501
0.000489452
0.000666743
0.000635463
0.000421137
0.000488264
0.000665484
0.00063429
0.000419675
0.000485515
0.000666061
0.000638859
0.00042631
0.000801799
0.000794257
0.000717146
0.000573089
0.000798821
0.000791656
0.000715068
0.000571888
0.000796977
0.000793511
0.000718004
0.00057638
0.000799654
0.000797662
0.000722049
0.000580478
0.000805551
0.000803091
0.000726981
0.000584154
0.000811645
0.000809207
0.000732563
0.000588319
0.000816889
0.000815706
0.000738608
0.000593143
0.000822341
0.000822482
0.000744754
0.000597698
0.000828426
0.000829001
0.000750266
0.000601154
0.000833464
0.000833491
0.000753749
0.000602977
0.000833985
0.00083369
0.000753765
0.000602727
0.000829646
0.000829437
0.000750252
0.000600428
0.000823069
0.000822674
0.000744522
0.000596645
0.000815699
0.000815017
0.000737841
0.000591914
0.000808661
0.000807407
0.000731004
0.000586634
0.000803158
0.000800742
0.000724665
0.000581324
0.000799913
0.000795846
0.000719442
0.000576583
0.000798235
0.000792991
0.000715788
0.000572991
0.000797237
0.000791383
0.000714062
0.000570674
0.000796565
0.000792729
0.000717719
0.000574117
0.00137802
0.00117072
0.000980692
0.000813081
0.00137438
0.0011661
0.000977014
0.000811844
0.00137192
0.001168
0.000980329
0.000817673
0.00137535
0.00117273
0.000985229
0.000822913
0.00138274
0.00117891
0.000990845
0.000827183
0.00139018
0.00118568
0.000997015
0.000832234
0.00139642
0.00119264
0.00100359
0.000838532
0.00140269
0.00119978
0.00101021
0.000844756
0.00140972
0.00120682
0.00101622
0.000849641
0.00141586
0.00121187
0.00102008
0.000852301
0.00141648
0.00121213
0.00102011
0.00085204
0.00141119
0.00120737
0.00101622
0.000848925
0.00140357
0.00119993
0.00100993
0.000843964
0.0013948
0.00119149
0.00100257
0.000838097
0.00138616
0.00118304
0.000995005
0.000831743
0.00137944
0.00117573
0.000987994
0.000825183
0.00137551
0.00117046
0.000982281
0.000819102
0.00137331
0.00116733
0.000978421
0.000814577
0.00137246
0.00116548
0.000976422
0.00081182
0.00137228
0.00116846
0.000980684
0.000815508
0.00178943
0.00147055
0.00120125
0.000995194
0.00178607
0.00146483
0.00119633
0.000992794
0.00178366
0.00146698
0.00119982
0.000998742
0.00178765
0.00147206
0.00120501
0.00100402
0.00179599
0.00147863
0.00121082
0.00100819
0.00180425
0.0014858
0.00121725
0.00101348
0.00181117
0.00149326
0.00122433
0.00102057
0.00181802
0.001501
0.00123162
0.00102789
0.00182563
0.00150866
0.00123829
0.00103383
0.00183244
0.00151417
0.00124257
0.00103711
0.0018331
0.00151443
0.00124257
0.00103682
0.0018273
0.00150925
0.00123827
0.00103304
0.00181925
0.00150132
0.0012314
0.00102717
0.00180994
0.0014924
0.00122351
0.00102053
0.00180064
0.00148357
0.00121552
0.00101362
0.00179336
0.00147594
0.00120818
0.00100648
0.00178892
0.00147031
0.00120219
0.000999849
0.00178602
0.00146665
0.00119811
0.000995104
0.0017846
0.00146426
0.00119584
0.000992478
0.00178383
0.00146809
0.00120081
0.000997391
0.00196902
0.00160486
0.00130043
0.00107718
0.00196584
0.00159868
0.00129506
0.00107413
0.00196335
0.00160084
0.00129855
0.00107982
0.00196734
0.00160594
0.00130371
0.00108471
0.00197604
0.00161269
0.00130948
0.00108838
0.00198468
0.00161997
0.00131584
0.00109324
0.00199176
0.00162748
0.00132295
0.00110017
0.0019986
0.00163536
0.00133046
0.00110765
0.00200611
0.00164316
0.00133739
0.00111387
0.00201301
0.00164879
0.00134182
0.00111733
0.00201381
0.00164913
0.00134184
0.00111695
0.00200823
0.00164405
0.00133748
0.00111283
0.00200067
0.00163627
0.00133055
0.00110654
0.00199182
0.00162758
0.00132267
0.00109965
0.00198281
0.00161898
0.00131479
0.00109276
0.00197561
0.00161145
0.00130757
0.00108579
0.00197092
0.00160561
0.00130154
0.00107941
0.00196749
0.00160161
0.00129738
0.00107512
0.00196565
0.0015992
0.00129535
0.00107324
0.00196455
0.0016037
0.00130117
0.00107932
0.00189031
0.00155271
0.00125889
0.00103437
0.00188731
0.00154699
0.00125401
0.0010315
0.00188487
0.00154875
0.00125722
0.00103675
0.00188804
0.00155319
0.00126183
0.00104125
0.00189593
0.00155958
0.00126722
0.00104469
0.00190446
0.00156661
0.00127318
0.00104899
0.00191152
0.00157385
0.00127991
0.00105522
0.001918
0.00158139
0.00128711
0.0010622
0.00192496
0.00158882
0.00129378
0.00106819
0.00193134
0.00159416
0.00129804
0.00107159
0.00193221
0.00159455
0.00129811
0.00107126
0.00192731
0.00158993
0.00129403
0.00106726
0.00192069
0.0015828
0.00128755
0.00106114
0.00191282
0.0015748
0.00128018
0.00105459
0.00190457
0.00156677
0.00127282
0.00104827
0.0018978
0.00155962
0.00126601
0.00104206
0.00189325
0.00155412
0.00126045
0.0010366
0.00188979
0.00155056
0.00125697
0.00103326
0.00188831
0.00154885
0.00125573
0.001032
0.00188816
0.00155409
0.0012622
0.00103826
0.00157744
0.00136307
0.00111696
0.000855074
0.00157522
0.00135828
0.00111196
0.000851018
0.00157422
0.00136012
0.00111495
0.000855321
0.00157666
0.00136415
0.00111918
0.000859287
0.00158257
0.00136965
0.00112393
0.000862765
0.00159003
0.00137587
0.00112912
0.000866682
0.00159676
0.0013826
0.00113519
0.000872083
0.00160278
0.00138957
0.00114172
0.000878208
0.00160893
0.00139625
0.0011477
0.000883621
0.0016143
0.00140088
0.00115147
0.00088685
0.00161499
0.00140114
0.0011515
0.000886786
0.00161085
0.00139702
0.00114786
0.000883431
0.00160512
0.00139058
0.00114202
0.000878132
0.0015982
0.00138325
0.00113533
0.000872464
0.00159083
0.00137586
0.00112863
0.000867149
0.00158477
0.0013694
0.00112263
0.000862119
0.00158071
0.00136472
0.00111809
0.000857906
0.00157783
0.00136186
0.00111534
0.00085544
0.00157694
0.00136053
0.00111417
0.000853966
0.00157642
0.00136456
0.00112012
0.000860028
0.00118463
0.00120904
0.00104556
0.000632616
0.00118619
0.00120835
0.00104248
0.000624709
0.00118659
0.00121051
0.00104522
0.000627051
0.00118914
0.0012148
0.00104937
0.000629727
0.00119379
0.00122053
0.00105453
0.000633204
0.00119977
0.00122669
0.00105995
0.000636835
0.00120586
0.00123349
0.0010661
0.000641305
0.00121167
0.00124058
0.00107262
0.000646249
0.00121725
0.00124701
0.00107836
0.00065064
0.00122154
0.00125118
0.00108189
0.000653353
0.00122193
0.00125139
0.00108204
0.000653516
0.00121835
0.00124764
0.0010788
0.000651057
0.001213
0.00124152
0.00107338
0.000646934
0.00120667
0.00123445
0.00106707
0.00064234
0.00120013
0.00122744
0.0010608
0.000637972
0.00119474
0.00122135
0.00105523
0.000633965
0.00119107
0.00121667
0.00105068
0.000630507
0.00118885
0.00121338
0.0010471
0.000627921
0.00118788
0.00121105
0.00104472
0.000626013
0.00118364
0.00121032
0.00104833
0.000635206
0.00128902
0.00115308
0.00108773
0.00109281
0.0012862
0.00115355
0.00108928
0.00109776
0.00128841
0.00115598
0.00109213
0.00110098
0.00129286
0.00116033
0.00109632
0.00110511
0.00129929
0.00116665
0.00110229
0.00111078
0.00130645
0.00117368
0.00110901
0.00111713
0.00131406
0.00118128
0.0011163
0.00112394
0.00132175
0.00118908
0.00112373
0.0011307
0.00132853
0.00119587
0.00113008
0.00113635
0.00133279
0.00120004
0.00113392
0.0011397
0.001333
0.00120031
0.00113418
0.00113988
0.00132911
0.00119662
0.00113082
0.00113686
0.00132257
0.00119029
0.00112494
0.00113149
0.00131493
0.00118287
0.00111798
0.00112501
0.00130723
0.00117542
0.00111086
0.00111825
0.00130032
0.00116852
0.00110405
0.00111163
0.00129498
0.0011629
0.00109831
0.00110592
0.00129167
0.00115909
0.00109422
0.00110163
0.00129065
0.00115764
0.00109243
0.00109897
0.00129539
0.00115955
0.00109384
0.00109622
)
;

boundaryField
{
    inlet
    {
        type            calculated;
        value           nonuniform List<scalar> 
80
(
1416.21
1415.96
1416.1
1416.03
1415.69
1415.08
1414.24
1413.23
1412.19
1411.36
1411.36
1412.19
1413.23
1414.24
1415.08
1415.69
1416.03
1416.1
1415.96
1416.21
1082.67
1082.58
1082.74
1082.73
1082.47
1081.96
1081.24
1080.36
1079.44
1078.71
1078.71
1079.44
1080.36
1081.24
1081.96
1082.47
1082.73
1082.74
1082.58
1082.67
912.162
911.972
912.097
912.085
911.85
911.389
910.729
909.927
909.097
908.468
908.468
909.097
909.927
910.729
911.389
911.85
912.085
912.097
911.972
912.162
879.363
879.24
879.336
879.297
879.04
878.559
877.88
877.069
876.249
875.654
875.654
876.249
877.069
877.88
878.559
879.041
879.297
879.336
879.24
879.363
)
;
    }
    outlet
    {
        type            calculated;
        value           nonuniform List<scalar> 
80
(
0.00152809
0.00152338
0.00153051
0.00153468
0.00154267
0.0015513
0.00156073
0.00157014
0.00157845
0.00158369
0.00158395
0.00157918
0.00157121
0.00156192
0.00155265
0.00154391
0.00153658
0.00153261
0.00153271
0.00153416
0.00110187
0.001096
0.00110283
0.00110654
0.00111302
0.00112007
0.00112815
0.00113638
0.0011437
0.00114828
0.00114853
0.00114436
0.00113733
0.00112931
0.00112148
0.00111381
0.00110698
0.00110386
0.0011046
0.00110524
0.00105821
0.00105332
0.00105914
0.00106335
0.00106957
0.00107649
0.00108443
0.0010925
0.00109952
0.00110384
0.00110409
0.00110015
0.00109338
0.00108561
0.00107796
0.00107021
0.00106295
0.00105996
0.00106038
0.00106041
0.0013589
0.00135656
0.00136219
0.00136757
0.00137478
0.00138286
0.0013918
0.00140064
0.0014081
0.00141258
0.00141281
0.0014087
0.00140149
0.001393
0.00138434
0.00137549
0.00136717
0.00136339
0.00136247
0.00136038
)
;
    }
    inner-wall
    {
        type            calculated;
        value           nonuniform List<scalar> 
1600
(
948.679
945.38
944.751
944.531
944.282
943.964
943.592
943.223
942.952
943.041
943.041
942.952
943.223
943.592
943.964
944.283
944.531
944.751
945.38
948.679
463.921
466.171
464.666
464.301
464.01
463.729
463.463
463.264
463.24
463.994
463.994
463.24
463.264
463.463
463.729
464.01
464.301
464.666
466.171
463.921
358.33
359.74
358.443
358.095
357.86
357.68
357.558
357.538
357.7
358.343
358.343
357.7
357.538
357.558
357.68
357.86
358.095
358.443
359.74
358.33
271.516
272.782
271.819
271.524
271.349
271.252
271.229
271.302
271.502
271.981
271.981
271.502
271.302
271.229
271.252
271.349
271.524
271.819
272.782
271.516
213.559
214.522
213.827
213.607
213.482
213.423
213.427
213.501
213.657
213.985
213.985
213.657
213.501
213.427
213.423
213.482
213.607
213.827
214.522
213.559
169.923
170.62
170.119
169.96
169.868
169.824
169.826
169.876
169.98
170.206
170.206
169.98
169.876
169.826
169.824
169.868
169.96
170.119
170.62
169.923
132.344
132.888
132.519
132.404
132.338
132.305
132.304
132.336
132.406
132.571
132.571
132.406
132.336
132.304
132.305
132.338
132.404
132.519
132.888
132.344
101.054
101.5
101.223
101.141
101.095
101.072
101.071
101.094
101.144
101.269
101.269
101.144
101.094
101.071
101.072
101.095
101.141
101.223
101.5
101.054
76.7667
77.1318
76.92
76.8615
76.8295
76.8147
76.8151
76.8324
76.8693
76.9671
76.9671
76.8693
76.8324
76.8151
76.8147
76.8295
76.8615
76.92
77.1318
76.7667
58.6549
58.947
58.7833
58.7404
58.7179
58.7082
58.7095
58.723
58.7514
58.8282
58.8282
58.7514
58.723
58.7095
58.7082
58.7179
58.7404
58.7833
58.947
58.6549
45.2311
45.4608
45.3334
45.3011
45.2847
45.2781
45.2798
45.2906
45.3127
45.3733
45.3733
45.3127
45.2906
45.2798
45.2781
45.2847
45.3011
45.3334
45.4608
45.2311
35.1564
35.3358
35.2364
35.2115
35.1992
35.1945
35.1962
35.2048
35.2223
35.2699
35.2699
35.2223
35.2048
35.1962
35.1945
35.1992
35.2115
35.2364
35.3358
35.1564
27.4679
27.6078
27.53
27.5107
27.5012
27.4978
27.4992
27.5062
27.52
27.5573
27.5573
27.52
27.5062
27.4992
27.4978
27.5012
27.5107
27.53
27.6078
27.4679
21.5209
21.6301
21.5693
21.5542
21.5468
21.5441
21.5453
21.5508
21.5617
21.591
21.591
21.5617
21.5508
21.5453
21.5441
21.5468
21.5542
21.5693
21.6301
21.5209
16.8823
16.9678
16.9202
16.9083
16.9026
16.9005
16.9014
16.9058
16.9143
16.9373
16.9373
16.9143
16.9058
16.9014
16.9005
16.9026
16.9083
16.9202
16.9678
16.8823
13.2496
13.3166
13.2793
13.27
13.2655
13.2638
13.2646
13.268
13.2747
13.2927
13.2927
13.2747
13.268
13.2646
13.2638
13.2654
13.27
13.2793
13.3166
13.2496
10.4004
10.453
10.4237
10.4165
10.4129
10.4116
10.4122
10.4149
10.4201
10.4342
10.4342
10.4201
10.4148
10.4122
10.4116
10.4129
10.4164
10.4237
10.453
10.4004
8.16516
8.20649
8.18351
8.1778
8.175
8.174
8.17447
8.17656
8.18068
8.19179
8.19178
8.18067
8.17655
8.17446
8.17399
8.175
8.17779
8.1835
8.20648
8.16516
6.41158
6.44405
6.42602
6.42154
6.41935
6.41857
6.41895
6.42059
6.42383
6.43256
6.43255
6.42382
6.42059
6.41894
6.41857
6.41935
6.42153
6.42601
6.44405
6.41158
5.0357
5.06121
5.04705
5.04354
5.04183
5.04122
5.04152
5.04282
5.04536
5.05222
5.05222
5.04536
5.04281
5.04151
5.04122
5.04183
5.04354
5.04705
5.06121
5.0357
3.95577
3.97582
3.9647
3.96195
3.96061
3.96013
3.96036
3.96138
3.96338
3.96877
3.96877
3.96338
3.96138
3.96036
3.96013
3.9606
3.96194
3.9647
3.97582
3.95577
3.10772
3.12348
3.11475
3.11258
3.11153
3.11115
3.11133
3.11213
3.1137
3.11793
3.11793
3.1137
3.11213
3.11133
3.11115
3.11152
3.11258
3.11474
3.12348
3.10773
2.44143
2.45382
2.44696
2.44526
2.44443
2.44413
2.44426
2.44489
2.44612
2.44944
2.44944
2.44612
2.44489
2.44427
2.44413
2.44443
2.44526
2.44696
2.45383
2.44145
1.91779
1.92752
1.92214
1.9208
1.92014
1.9199
1.92
1.92048
1.92145
1.92405
1.92405
1.92145
1.92049
1.92001
1.9199
1.92014
1.9208
1.92214
1.92753
1.91781
1.50624
1.51389
1.50966
1.5086
1.50808
1.50788
1.50796
1.50834
1.50909
1.51113
1.51113
1.50909
1.50834
1.50796
1.50789
1.50808
1.5086
1.50965
1.51389
1.50626
1.18289
1.18889
1.18557
1.18474
1.18433
1.18417
1.18422
1.18452
1.18511
1.18671
1.18671
1.18511
1.18452
1.18423
1.18417
1.18433
1.18474
1.18557
1.1889
1.1829
0.928997
0.933708
0.931102
0.930451
0.930124
0.929998
0.930042
0.930273
0.930737
0.931997
0.931998
0.93074
0.930277
0.930046
0.930002
0.930123
0.930444
0.931098
0.933714
0.92901
0.729822
0.733522
0.731476
0.730965
0.730708
0.730611
0.730648
0.730832
0.7312
0.732192
0.732193
0.731203
0.730836
0.730651
0.730613
0.730705
0.730957
0.73147
0.733526
0.729833
0.573713
0.576621
0.575013
0.574613
0.574414
0.574342
0.574374
0.574524
0.574817
0.575601
0.575603
0.574821
0.574527
0.574376
0.574341
0.574409
0.574605
0.575007
0.576623
0.573721
0.451432
0.453721
0.452456
0.452144
0.451992
0.45194
0.45197
0.452093
0.452329
0.452951
0.452952
0.452333
0.452097
0.451971
0.451936
0.451985
0.452135
0.45245
0.453721
0.451438
0.355646
0.35745
0.356455
0.356213
0.356097
0.35606
0.35609
0.356192
0.356382
0.356877
0.356878
0.356386
0.356195
0.35609
0.356056
0.356089
0.356203
0.356448
0.35745
0.355651
0.280536
0.281963
0.28118
0.280991
0.280903
0.280878
0.280905
0.28099
0.281144
0.281538
0.28154
0.281148
0.280993
0.280905
0.280873
0.280894
0.280981
0.281171
0.281961
0.280541
0.221511
0.22264
0.222024
0.221877
0.221809
0.221791
0.221816
0.221885
0.22201
0.222323
0.222325
0.222014
0.221889
0.221816
0.221787
0.2218
0.221866
0.222015
0.222639
0.221516
0.174969
0.175864
0.17538
0.175265
0.175211
0.175197
0.175217
0.175273
0.175372
0.175621
0.175623
0.175376
0.175277
0.175218
0.175194
0.175203
0.175254
0.17537
0.175863
0.174976
0.138121
0.138832
0.138452
0.138362
0.138316
0.138303
0.138318
0.138362
0.138439
0.138635
0.138636
0.138442
0.138365
0.13832
0.138301
0.138309
0.138349
0.138441
0.138831
0.13813
0.108834
0.109397
0.109101
0.109029
0.108989
0.108975
0.108984
0.109016
0.109075
0.109228
0.109229
0.109079
0.10902
0.108987
0.108975
0.108983
0.109015
0.109089
0.109398
0.108845
0.0854987
0.0859436
0.0857135
0.0856547
0.0856184
0.0856025
0.0856062
0.0856288
0.0856726
0.08579
0.0857912
0.0856753
0.0856323
0.0856098
0.0856042
0.0856137
0.0856409
0.0857002
0.0859444
0.0855114
0.0669104
0.0672603
0.0670824
0.0670341
0.0670003
0.0669827
0.0669817
0.0669965
0.067028
0.0671171
0.0671182
0.0670304
0.0669997
0.0669858
0.0669857
0.0669966
0.0670201
0.0670688
0.0672617
0.0669242
0.0521695
0.0524433
0.0523064
0.0522665
0.0522351
0.0522166
0.0522124
0.0522212
0.0522437
0.0523105
0.0523115
0.0522458
0.0522242
0.0522166
0.0522204
0.0522321
0.0522525
0.0522928
0.0524451
0.0521838
0.0405922
0.0408054
0.0407003
0.0406673
0.0406389
0.040621
0.0406152
0.0406203
0.0406364
0.0406866
0.0406875
0.0406384
0.040623
0.0406191
0.0406248
0.0406363
0.0406537
0.0406872
0.0408074
0.0406061
0.0316386
0.0318046
0.0317235
0.0316965
0.031672
0.0316562
0.0316506
0.0316541
0.0316664
0.0317047
0.0317057
0.0316684
0.0316565
0.0316539
0.0316595
0.0316694
0.0316837
0.0317111
0.0318063
0.0316514
0.0248589
0.0249889
0.0249257
0.024904
0.0248843
0.0248721
0.0248683
0.024872
0.0248827
0.0249134
0.0249145
0.0248849
0.0248741
0.0248707
0.0248742
0.0248814
0.0248922
0.0249143
0.0249901
0.0248699
0.019857
0.0199607
0.0199104
0.0198936
0.0198792
0.0198717
0.0198709
0.0198762
0.0198869
0.0199133
0.0199145
0.0198893
0.0198781
0.0198723
0.0198723
0.0198758
0.0198828
0.0199
0.019961
0.019866
0.0162719
0.016357
0.0163157
0.0163034
0.0162946
0.0162921
0.0162952
0.0163029
0.0163148
0.0163394
0.0163406
0.0163173
0.0163046
0.0162954
0.0162911
0.0162904
0.0162936
0.0163063
0.0163564
0.0162787
0.0137697
0.0138423
0.0138073
0.013799
0.0137954
0.013798
0.0138049
0.0138152
0.0138287
0.0138528
0.0138542
0.0138313
0.0138167
0.0138041
0.0137954
0.0137905
0.0137902
0.013799
0.0138411
0.0137749
0.0120446
0.0121088
0.0120783
0.0120734
0.0120743
0.0120812
0.0120915
0.0121042
0.012119
0.0121432
0.0121445
0.0121215
0.0121054
0.0120899
0.0120774
0.0120688
0.0120655
0.0120709
0.0121072
0.0120487
0.0108209
0.0108793
0.0108523
0.0108501
0.0108544
0.0108643
0.0108772
0.0108914
0.0109067
0.0109307
0.0109319
0.010909
0.0108922
0.010875
0.0108598
0.0108486
0.010843
0.0108458
0.0108779
0.0108248
0.00986115
0.00991512
0.00989125
0.00989091
0.00989698
0.0099086
0.00992288
0.00993758
0.00995248
0.00997548
0.00997636
0.00995423
0.00993787
0.00992029
0.00990387
0.00989131
0.0098844
0.00988535
0.00991407
0.00986556
0.00897687
0.00902682
0.00900613
0.00900676
0.00901301
0.00902469
0.00903907
0.00905323
0.00906675
0.00908773
0.00908828
0.00906773
0.00905287
0.0090364
0.00902044
0.00900792
0.00900059
0.00900046
0.0090264
0.00898237
0.0080389
0.00808472
0.00806747
0.00806821
0.00807308
0.00808333
0.00809661
0.00810931
0.00812064
0.00813861
0.00813876
0.00812066
0.0081082
0.00809412
0.00808015
0.00806898
0.0080621
0.0080616
0.00808504
0.0080459
0.00698199
0.00702322
0.0070097
0.0070098
0.00701203
0.00701962
0.00703082
0.00704133
0.00704989
0.00706403
0.00706373
0.00704886
0.00703941
0.00702871
0.00701796
0.00700921
0.00700351
0.00700329
0.00702432
0.00699072
0.00580184
0.00583789
0.00582829
0.00582717
0.00582591
0.00583002
0.00583844
0.00584626
0.00585171
0.00586148
0.00586076
0.00584964
0.00584354
0.00583683
0.00583016
0.00582457
0.00582058
0.00582114
0.00583979
0.00581237
0.00454554
0.00457583
0.0045701
0.00456743
0.00456234
0.00456263
0.00456793
0.00457288
0.0045752
0.00458042
0.00457933
0.00457219
0.00456944
0.00456688
0.00456466
0.00456261
0.00456059
0.00456225
0.00457852
0.00455775
0.00329725
0.0033213
0.00331908
0.00331478
0.00330606
0.00330272
0.00330491
0.00330706
0.00330649
0.00330735
0.00330598
0.00330273
0.00330305
0.00330442
0.00330657
0.00330805
0.00330803
0.00331084
0.00332477
0.00331084
0.00216303
0.00218037
0.00218097
0.0021752
0.0021636
0.00215729
0.00215674
0.00215647
0.0021535
0.00215059
0.00214904
0.00214929
0.00215213
0.00215683
0.00216291
0.00216757
0.00216931
0.00217303
0.00218461
0.00217749
0.00126181
0.00127147
0.00127375
0.00126697
0.00125399
0.00124599
0.00124342
0.00124136
0.00123684
0.00123114
0.00122957
0.00123262
0.00123718
0.0012443
0.00125349
0.00126074
0.00126369
0.00126752
0.00127634
0.00127602
0.00072759
0.000727606
0.000729579
0.000723345
0.000712704
0.00070592
0.000702892
0.000700477
0.00069639
0.000690353
0.000689128
0.000693218
0.00069775
0.000705079
0.000715116
0.000723188
0.000726066
0.000727819
0.000732119
0.000738154
0.000587708
0.000581245
0.00058151
0.000577977
0.000573357
0.000570661
0.000569319
0.0005686
0.000567423
0.00056457
0.000563938
0.000566094
0.000568134
0.000572325
0.000579039
0.000584666
0.000585819
0.000584022
0.000583197
0.000591174
0.000567832
0.000562107
0.000562569
0.000559606
0.000555923
0.000554147
0.000553833
0.000554344
0.00055452
0.000552923
0.000552283
0.000553171
0.00055384
0.000556577
0.000561821
0.00056625
0.000566578
0.000564027
0.000562505
0.00056964
0.000617143
0.000616501
0.000617889
0.000613792
0.000608055
0.000605997
0.000606855
0.000608475
0.000609036
0.00060752
0.000606689
0.000606836
0.000606353
0.00060811
0.000612686
0.000616365
0.000616341
0.000615777
0.000617887
0.000622921
0.000966964
0.000971991
0.000971788
0.000968646
0.000965218
0.000966035
0.000969294
0.000972488
0.000974264
0.000975005
0.000974599
0.00097271
0.000970084
0.000968581
0.000969197
0.000969464
0.000968201
0.000969259
0.000975128
0.000975188
0.00158208
0.00159075
0.00158774
0.00158658
0.00158748
0.00159218
0.00159794
0.00160276
0.00160624
0.00161012
0.00161022
0.00160588
0.00160107
0.00159612
0.00159234
0.00158897
0.00158611
0.00158696
0.00159459
0.00158977
0.00229872
0.00231035
0.00230456
0.00230525
0.0023101
0.00231821
0.00232612
0.00233237
0.00233735
0.00234408
0.00234454
0.00233788
0.00233133
0.00232356
0.00231617
0.00230982
0.00230548
0.00230545
0.00231412
0.00230497
0.00298507
0.00299939
0.00299129
0.0029935
0.00300141
0.00301211
0.00302168
0.00302898
0.00303506
0.00304405
0.00304469
0.00303612
0.00302831
0.00301847
0.00300832
0.00299969
0.00299411
0.00299308
0.00300247
0.00298961
0.00353237
0.00354893
0.00353926
0.00354259
0.00355249
0.00356475
0.0035753
0.00358315
0.00358971
0.0036001
0.00360079
0.00359091
0.00358255
0.00357158
0.00355971
0.00354961
0.00354319
0.00354125
0.00355108
0.00353538
0.00385226
0.00387031
0.00386009
0.00386415
0.00387486
0.00388763
0.00389854
0.00390648
0.00391301
0.00392391
0.00392452
0.00391409
0.00390582
0.00389464
0.00388208
0.00387133
0.00386447
0.00386183
0.0038717
0.00385438
0.00388156
0.00390008
0.00389043
0.0038948
0.00390518
0.00391742
0.00392807
0.00393572
0.00394178
0.00395226
0.00395271
0.00394256
0.00393499
0.00392448
0.00391229
0.00390176
0.0038949
0.00389183
0.00390126
0.00388379
0.00359051
0.00360832
0.00360038
0.00360462
0.00361355
0.00362433
0.00363413
0.00364115
0.00364637
0.00365557
0.00365581
0.00364673
0.00364036
0.00363128
0.00362045
0.00361096
0.00360457
0.00360138
0.00360989
0.00359381
0.00299186
0.00300779
0.00300253
0.00300612
0.0030126
0.00302102
0.00302935
0.00303532
0.00303932
0.00304638
0.00304636
0.00303908
0.00303432
0.00302737
0.00301884
0.00301121
0.00300578
0.00300283
0.00300997
0.00299675
0.00214707
0.00216007
0.00215813
0.00216058
0.00216376
0.00216905
0.00217523
0.00217962
0.00218192
0.00218606
0.0021857
0.00218084
0.00217808
0.00217388
0.0021685
0.0021635
0.00215949
0.00215716
0.00216258
0.00215339
0.00116638
0.00117528
0.0011768
0.00117771
0.00117719
0.0011789
0.00118245
0.0011848
0.00118506
0.00118579
0.00118501
0.00118297
0.00118241
0.00118139
0.00117978
0.00117795
0.0011757
0.00117425
0.00117767
0.00117346
0.000299498
0.000296807
0.000298133
0.000297398
0.000296152
0.000296931
0.000299186
0.000301141
0.000301949
0.000301844
0.000301073
0.000299849
0.000298626
0.000297931
0.000298022
0.000298108
0.000297267
0.000296436
0.000297188
0.000301709
0.000839587
0.000834781
0.000827141
0.000828622
0.000836068
0.000842384
0.000846022
0.000849985
0.000855559
0.000862235
0.000863117
0.000857857
0.000851861
0.000844809
0.00083804
0.000833313
0.000831659
0.000830754
0.000831192
0.000830331
0.00153876
0.00153891
0.00152975
0.00153247
0.0015422
0.00155053
0.00155571
0.00156096
0.0015679
0.00157684
0.00157776
0.00157034
0.0015628
0.00155356
0.00154416
0.00153747
0.0015349
0.00153333
0.00153475
0.00152881
0.00201341
0.00201751
0.00200795
0.00201159
0.0020228
0.00203218
0.002038
0.00204359
0.00205084
0.00206079
0.00206173
0.00205346
0.00204571
0.00203593
0.00202567
0.00201834
0.00201535
0.00201302
0.0020142
0.00200403
0.00222205
0.00222779
0.00221808
0.0022218
0.00223366
0.00224378
0.00224986
0.0022552
0.00226197
0.00227191
0.0022731
0.00226532
0.00225861
0.00224975
0.00224002
0.00223294
0.00222976
0.00222653
0.00222689
0.00221448
0.00212811
0.0021325
0.00212339
0.00212591
0.00213629
0.0021467
0.00215327
0.00215841
0.00216455
0.00217368
0.00217501
0.00216835
0.00216292
0.00215537
0.00214661
0.00214001
0.00213671
0.00213293
0.00213331
0.00212302
0.00171447
0.00171608
0.00171017
0.0017112
0.00171778
0.00172683
0.00173344
0.00173832
0.00174368
0.00175116
0.00175217
0.00174662
0.00174199
0.00173548
0.00172773
0.00172176
0.0017186
0.0017154
0.0017169
0.00171056
0.00111006
0.00111116
0.00110968
0.00111079
0.00111355
0.00111919
0.00112412
0.00112792
0.00113186
0.00113671
0.00113702
0.00113289
0.00112898
0.00112374
0.00111762
0.00111294
0.00111067
0.00110942
0.00111169
0.00110613
0.00141783
0.00140478
0.00140763
0.00141212
0.00141728
0.00142313
0.00142903
0.0014346
0.00143931
0.00144241
0.00144236
0.00143929
0.00143462
0.00142892
0.00142296
0.00141767
0.00141385
0.00141166
0.00141122
0.00142471
)
;
    }
    outer-wall
    {
        type            calculated;
        value           nonuniform List<scalar> 
1600
(
261.256
265.243
265.25
265.185
265.039
264.809
264.511
264.18
263.879
263.693
263.693
263.879
264.18
264.511
264.809
265.039
265.185
265.25
265.243
261.256
261.899
264.131
264.25
264.267
264.189
264.013
263.75
263.423
263.081
262.841
262.841
263.081
263.423
263.75
264.013
264.189
264.267
264.25
264.131
261.899
218.011
218.341
218.646
218.713
218.637
218.432
218.119
217.729
217.32
217.033
217.033
217.32
217.729
218.119
218.432
218.637
218.713
218.646
218.341
218.011
119.68
118.699
118.994
119.126
119.138
119.033
118.824
118.53
118.191
117.939
117.939
118.191
118.53
118.824
119.033
119.138
119.126
118.994
118.699
119.68
79.5274
78.9157
79.0832
79.1862
79.2115
79.154
79.0202
78.8187
78.5787
78.3973
78.3973
78.5787
78.8187
79.0203
79.154
79.2115
79.1862
79.0832
78.9157
79.5274
67.2022
67.1845
67.2636
67.3176
67.3194
67.2656
67.1627
67.0206
66.8623
66.7478
66.7478
66.8623
67.0206
67.1627
67.2656
67.3194
67.3176
67.2636
67.1845
67.2022
53.5274
53.6369
53.6784
53.7131
53.7121
53.6716
53.5977
53.4996
53.3947
53.321
53.321
53.3947
53.4996
53.5977
53.6716
53.7121
53.7131
53.6784
53.6369
53.5274
39.5486
39.6125
39.6361
39.6638
39.6693
39.6476
39.6028
39.5415
39.4751
39.4282
39.4282
39.4751
39.5415
39.6028
39.6476
39.6693
39.6638
39.6361
39.6125
39.5486
28.6169
28.6196
28.6345
28.6579
28.6686
28.6612
28.638
28.6027
28.5622
28.5325
28.5325
28.5622
28.6027
28.638
28.6612
28.6686
28.6579
28.6345
28.6196
28.6169
21.0886
21.0562
21.067
21.0861
21.0979
21.0978
21.0867
21.0667
21.0415
21.022
21.022
21.0415
21.0667
21.0867
21.0978
21.0979
21.0861
21.067
21.0562
21.0886
15.9853
15.9421
15.9506
15.9656
15.976
15.9782
15.9726
15.9604
15.9436
15.9299
15.9299
15.9436
15.9604
15.9727
15.9782
15.976
15.9656
15.9506
15.9421
15.9853
12.3693
12.3286
12.3355
12.347
12.3552
12.3575
12.3542
12.3458
12.3337
12.3237
12.3237
12.3338
12.3459
12.3542
12.3575
12.3552
12.347
12.3355
12.3286
12.3693
9.67356
9.63998
9.64545
9.65421
9.66044
9.66225
9.65989
9.6537
9.64456
9.63688
9.63688
9.64457
9.65371
9.6599
9.66226
9.66044
9.65421
9.64545
9.63997
9.67355
7.59522
7.56896
7.57328
7.57998
7.58468
7.586
7.58413
7.57935
7.57228
7.56633
7.56633
7.57229
7.57936
7.58414
7.586
7.58468
7.57999
7.57328
7.56895
7.5952
5.96688
5.94665
5.95005
5.95522
5.9588
5.95975
5.95825
5.95451
5.949
5.94437
5.94437
5.94901
5.95452
5.95826
5.95976
5.95881
5.95523
5.95005
5.94664
5.96687
4.68486
4.66919
4.67186
4.6759
4.67866
4.67937
4.67818
4.67525
4.67096
4.66734
4.66735
4.67097
4.67526
4.67819
4.67938
4.67867
4.6759
4.67186
4.66918
4.68484
3.67596
3.66371
3.66581
3.66897
3.67114
3.67169
3.67077
3.66848
3.66513
3.66232
3.66232
3.66514
3.66849
3.67077
3.6717
3.67114
3.66898
3.66581
3.66371
3.67594
2.88355
2.8739
2.87555
2.87804
2.87975
2.8802
2.87948
2.87771
2.8751
2.8729
2.8729
2.8751
2.87771
2.87949
2.8802
2.87975
2.87805
2.87556
2.8739
2.88353
2.26214
2.2545
2.2558
2.25776
2.25911
2.25948
2.25893
2.25756
2.25552
2.25381
2.25381
2.25553
2.25756
2.25894
2.25948
2.25912
2.25777
2.25581
2.2545
2.26212
1.77512
1.76907
1.7701
1.77164
1.77271
1.77301
1.7726
1.77153
1.76994
1.7686
1.7686
1.76994
1.77153
1.7726
1.77301
1.77272
1.77165
1.7701
1.76907
1.77511
1.3934
1.38861
1.38942
1.39063
1.39148
1.39172
1.39141
1.39058
1.38934
1.38829
1.38829
1.38934
1.39058
1.39141
1.39173
1.39149
1.39064
1.38942
1.3886
1.39338
1.09407
1.09028
1.09091
1.09187
1.09254
1.09274
1.0925
1.09185
1.09088
1.09005
1.09005
1.09088
1.09185
1.0925
1.09274
1.09255
1.09188
1.09092
1.09027
1.09405
0.859217
0.856226
0.85672
0.857472
0.858005
0.858168
0.857982
0.857472
0.856708
0.856059
0.856059
0.856707
0.857469
0.857978
0.858169
0.858015
0.857488
0.85673
0.856216
0.859192
0.674873
0.672519
0.672905
0.673495
0.673917
0.674049
0.673904
0.673502
0.672899
0.672387
0.672387
0.672898
0.673499
0.6739
0.67405
0.673928
0.673512
0.672914
0.672507
0.674846
0.53013
0.528281
0.528581
0.529044
0.529378
0.529484
0.529371
0.529053
0.528575
0.52817
0.52817
0.528574
0.529049
0.529367
0.529485
0.52939
0.529062
0.52859
0.528269
0.530101
0.41646
0.415012
0.415244
0.415607
0.415871
0.415956
0.415868
0.415616
0.415236
0.414915
0.414914
0.415234
0.415611
0.415863
0.415957
0.415883
0.415626
0.415253
0.415
0.416431
0.327189
0.326057
0.326236
0.32652
0.326728
0.326797
0.326728
0.326528
0.326228
0.325973
0.325972
0.326224
0.326523
0.326723
0.326799
0.326741
0.326539
0.326245
0.326046
0.327162
0.257086
0.256199
0.256337
0.256559
0.256724
0.25678
0.256727
0.25657
0.256332
0.256131
0.256129
0.256328
0.256564
0.256723
0.256783
0.256738
0.256579
0.256347
0.25619
0.257062
0.202045
0.201346
0.201453
0.201627
0.201758
0.201805
0.201765
0.201643
0.201456
0.201297
0.201295
0.201451
0.201636
0.201761
0.201808
0.201773
0.201647
0.201464
0.201339
0.202023
0.158838
0.158284
0.158366
0.158502
0.158607
0.158647
0.158619
0.158525
0.15838
0.158255
0.158253
0.158373
0.158517
0.158615
0.158651
0.158623
0.158522
0.158377
0.158278
0.158818
0.124927
0.124482
0.124545
0.124652
0.124737
0.124772
0.124754
0.124683
0.124571
0.124475
0.124472
0.124564
0.124675
0.124749
0.124777
0.124753
0.124672
0.124557
0.124477
0.124908
0.0983113
0.09795
0.0979979
0.0980822
0.0981511
0.098183
0.0981731
0.0981211
0.0980356
0.0979606
0.0979576
0.0980275
0.0981114
0.098168
0.0981885
0.0981678
0.0981025
0.09801
0.0979455
0.0982922
0.0774139
0.0771176
0.0771531
0.0772191
0.0772761
0.0773055
0.0773018
0.077264
0.0771992
0.0771412
0.077138
0.0771906
0.0772537
0.0772961
0.0773109
0.0772931
0.0772399
0.0771653
0.0771122
0.0773931
0.0609912
0.060747
0.060772
0.0608234
0.060871
0.0608982
0.0608986
0.0608713
0.0608218
0.0607767
0.0607735
0.060813
0.0608606
0.0608926
0.0609032
0.0608881
0.0608447
0.060784
0.0607398
0.0609676
0.0480655
0.0478646
0.0478808
0.0479201
0.0479601
0.0479849
0.0479877
0.0479674
0.0479288
0.0478932
0.04789
0.0479201
0.0479567
0.0479813
0.0479895
0.0479771
0.0479419
0.0478923
0.047855
0.0480384
0.0378734
0.0377096
0.0377182
0.0377477
0.0377812
0.0378035
0.0378069
0.0377908
0.0377597
0.0377308
0.0377277
0.0377514
0.0377805
0.0378005
0.0378075
0.037798
0.0377698
0.0377291
0.0376975
0.0378427
0.0298247
0.0296937
0.0296961
0.0297175
0.0297452
0.0297646
0.0297677
0.0297538
0.0297275
0.0297032
0.0297003
0.0297198
0.0297442
0.0297615
0.0297684
0.0297618
0.0297395
0.029706
0.0296791
0.0297909
0.0234685
0.0233663
0.0233637
0.0233787
0.0234013
0.0234178
0.0234198
0.0234071
0.0233841
0.0233631
0.0233605
0.023377
0.0233984
0.0234142
0.0234215
0.0234176
0.0234003
0.0233725
0.0233495
0.0234323
0.01846
0.0183829
0.0183769
0.0183868
0.018405
0.0184186
0.0184196
0.0184078
0.0183874
0.0183691
0.0183667
0.0183811
0.0184003
0.0184151
0.0184226
0.0184209
0.0184076
0.0183844
0.0183647
0.0184228
0.0145321
0.0144758
0.0144679
0.014474
0.0144884
0.0144995
0.0145
0.0144894
0.0144715
0.0144557
0.0144535
0.014466
0.0144831
0.0144967
0.0145043
0.014504
0.0144936
0.0144739
0.014457
0.0144953
0.01147
0.0114297
0.0114211
0.0114246
0.0114358
0.011445
0.0114454
0.0114366
0.0114217
0.0114084
0.0114064
0.0114168
0.0114315
0.0114436
0.0114507
0.0114513
0.0114429
0.011426
0.0114113
0.011435
0.00909541
0.00906619
0.00905779
0.0090596
0.00906821
0.00907587
0.00907691
0.00907044
0.00905873
0.00904803
0.00904621
0.00905446
0.00906644
0.00907666
0.00908289
0.00908368
0.00907656
0.00906181
0.0090491
0.00906341
0.0072619
0.00723871
0.00723113
0.00723183
0.00723834
0.00724497
0.00724703
0.00724329
0.00723506
0.00722702
0.00722534
0.00723124
0.00724027
0.00724834
0.0072535
0.00725412
0.00724774
0.00723469
0.00722352
0.00723353
0.00585695
0.00583544
0.005829
0.00582902
0.00583393
0.00583998
0.00584347
0.00584279
0.00583828
0.00583297
0.00583139
0.00583482
0.00584064
0.00584633
0.00585021
0.00585031
0.00584417
0.00583231
0.0058222
0.00583207
0.00480322
0.00478027
0.00477518
0.00477489
0.00477875
0.00478481
0.00479026
0.00479315
0.00479275
0.00479037
0.00478888
0.00478961
0.00479181
0.00479468
0.00479686
0.00479596
0.00478944
0.00477812
0.00476846
0.00478102
0.0040479
0.00402205
0.00401848
0.00401827
0.00402173
0.00402847
0.00403648
0.00404351
0.00404776
0.00404865
0.00404727
0.00404499
0.004043
0.00404238
0.00404224
0.00403966
0.00403208
0.00402067
0.00401079
0.00402718
0.00353798
0.00350953
0.00350747
0.00350763
0.00351132
0.00351927
0.00353009
0.00354144
0.00355051
0.00355481
0.00355362
0.00354825
0.00354178
0.00353721
0.00353425
0.00352949
0.00352043
0.00350852
0.00349803
0.00351767
0.00319814
0.00316854
0.00316759
0.00316818
0.00317245
0.00318162
0.00319474
0.00320962
0.00322278
0.00323008
0.00322917
0.00322122
0.00321082
0.00320264
0.00319699
0.00319019
0.00317983
0.00316751
0.00315641
0.00317762
0.00293545
0.00290621
0.00290561
0.00290637
0.00291117
0.00292102
0.00293515
0.0029519
0.00296756
0.00297689
0.00297634
0.00296685
0.00295394
0.00294337
0.00293598
0.00292798
0.00291711
0.00290488
0.00289357
0.00291454
0.00266714
0.00263927
0.00263811
0.00263857
0.00264355
0.0026532
0.00266678
0.00268339
0.00269966
0.00270982
0.00270964
0.00269986
0.00268624
0.00267497
0.00266721
0.00265926
0.00264892
0.00263743
0.00262642
0.00264587
0.00234391
0.00231796
0.00231546
0.00231515
0.00231981
0.00232836
0.00233992
0.00235459
0.00236969
0.00237954
0.00237973
0.0023708
0.00235819
0.00234789
0.00234115
0.00233446
0.00232564
0.00231543
0.00230516
0.00232228
0.00195646
0.0019329
0.00192854
0.00192708
0.00193096
0.00193765
0.00194611
0.00195749
0.00197008
0.00197871
0.00197924
0.00197202
0.00196178
0.00195378
0.00194915
0.00194466
0.00193804
0.0019294
0.00192012
0.0019343
0.00153204
0.0015116
0.00150528
0.00150254
0.00150533
0.00150972
0.00151453
0.00152193
0.0015312
0.00153801
0.00153878
0.0015338
0.00152675
0.00152184
0.00151991
0.00151806
0.00151389
0.00150679
0.00149846
0.00150899
0.00113049
0.0011148
0.00110712
0.00110342
0.0011051
0.00110725
0.00110869
0.00111225
0.00111806
0.00112277
0.00112365
0.00112096
0.00111724
0.00111541
0.00111594
0.0011164
0.00111426
0.00110829
0.00110071
0.00110636
0.000842179
0.000834302
0.000827341
0.000823981
0.00082504
0.000825953
0.000825764
0.000827052
0.000830203
0.000832969
0.000833665
0.000832592
0.000831172
0.000830994
0.000832263
0.000833289
0.000831831
0.000826382
0.0008195
0.00081865
0.000743928
0.000745379
0.000742129
0.000741013
0.000742462
0.000744025
0.000745224
0.000747117
0.000749544
0.00075124
0.000751478
0.00075052
0.000749019
0.000747729
0.000746871
0.000745778
0.000743188
0.00073813
0.000732596
0.000726017
0.000777563
0.000784262
0.000784611
0.000785748
0.000788032
0.000791037
0.000794553
0.000798193
0.000801201
0.00080282
0.000802726
0.000801039
0.000798181
0.000794756
0.000791198
0.000787556
0.000783612
0.000779205
0.000775274
0.000766943
0.000807041
0.000814843
0.000816641
0.000818752
0.000821545
0.000825363
0.000829966
0.000834387
0.000837723
0.000839433
0.00083926
0.00083718
0.000833552
0.000829033
0.000824224
0.000819478
0.000815136
0.000811486
0.000808739
0.000800915
0.00076072
0.000767664
0.000769186
0.000771145
0.00077384
0.000777487
0.000781721
0.000785665
0.000788614
0.000790155
0.000790036
0.00078816
0.0007848
0.000780567
0.000776087
0.000771764
0.000767995
0.000765084
0.00076308
0.00075625
0.000639232
0.000644201
0.000644413
0.000645329
0.000647089
0.000649523
0.000652339
0.00065515
0.000657461
0.000658746
0.000658685
0.000657301
0.000654935
0.00065213
0.000649356
0.000646768
0.000644229
0.000641681
0.000639768
0.000634074
0.000515757
0.000517136
0.000516011
0.000515197
0.000514765
0.000514966
0.000516348
0.000519047
0.000522076
0.000523899
0.000523716
0.000522106
0.000520313
0.000519314
0.000519213
0.000519266
0.000517918
0.000514522
0.000511344
0.000507906
0.000546582
0.000543264
0.000542915
0.000541074
0.0005382
0.000536736
0.000538881
0.000544558
0.000551089
0.000554951
0.000554356
0.000550671
0.000547084
0.000545964
0.000547125
0.000548411
0.000546766
0.000541423
0.000536084
0.000537155
0.00077118
0.000765516
0.000767441
0.000766227
0.00076299
0.000762206
0.000766955
0.000776341
0.000786314
0.000792091
0.000791141
0.000785084
0.00077845
0.000774908
0.000774445
0.000774206
0.00077094
0.000764442
0.000758154
0.000762712
0.00106275
0.00105622
0.00105992
0.0010596
0.00105698
0.00105765
0.00106489
0.00107715
0.0010896
0.00109677
0.00109559
0.00108766
0.00107827
0.00107205
0.00106933
0.001067
0.00106211
0.00105505
0.00104846
0.00105484
0.0013261
0.00131909
0.00132376
0.0013241
0.00132232
0.00132443
0.00133359
0.00134789
0.00136209
0.00137028
0.00136898
0.00135966
0.00134809
0.0013396
0.0013349
0.0013308
0.00132469
0.00131738
0.00131074
0.00131806
0.00150223
0.00149489
0.00149979
0.00150052
0.00149964
0.00150302
0.00151345
0.00152892
0.00154415
0.001553
0.00155171
0.00154157
0.00152854
0.00151841
0.00151223
0.00150686
0.00150002
0.00149279
0.00148631
0.00149398
0.00154973
0.00154221
0.00154661
0.00154746
0.00154748
0.00155184
0.00156283
0.00157857
0.00159404
0.00160315
0.00160201
0.00159171
0.00157808
0.00156709
0.00156005
0.00155401
0.00154702
0.00154022
0.00153416
0.00154169
0.00144517
0.00143755
0.00144078
0.00144142
0.0014422
0.00144711
0.00145781
0.0014728
0.00148764
0.00149655
0.00149569
0.00148591
0.00147268
0.00146176
0.00145462
0.00144864
0.00144215
0.00143619
0.00143086
0.00143787
0.00119141
0.00118365
0.00118507
0.00118513
0.00118634
0.00119114
0.00120055
0.00121365
0.00122684
0.00123497
0.00123447
0.00122594
0.00121418
0.00120439
0.00119809
0.00119299
0.00118772
0.00118303
0.00117873
0.00118504
0.00082641
0.000818423
0.000817428
0.00081646
0.000817634
0.00082157
0.000828619
0.000838632
0.00084911
0.000855805
0.000855659
0.00084907
0.000839838
0.000832265
0.000827713
0.000824345
0.00082098
0.000817955
0.000814944
0.000820433
0.000436259
0.000428368
0.00042465
0.000422437
0.000423288
0.000425845
0.000429757
0.000435669
0.000442364
0.000446875
0.00044699
0.000442905
0.000437064
0.000432416
0.000430064
0.000428795
0.000427669
0.000426404
0.000424741
0.000429065
0.000284632
0.000283612
0.000283233
0.000283691
0.00028521
0.000287195
0.000289271
0.000291201
0.000292715
0.000293479
0.000293301
0.000292204
0.000290355
0.000288058
0.000285736
0.000283743
0.000282119
0.000280653
0.000279284
0.000279287
0.000523679
0.000527482
0.000533089
0.0005372
0.000539741
0.000542953
0.000547317
0.000551172
0.000553526
0.000554425
0.000554022
0.000552381
0.000549701
0.000546102
0.000541725
0.000537011
0.000532473
0.000528966
0.000526325
0.000524829
0.000768583
0.000772124
0.000779843
0.000785246
0.000788452
0.00079292
0.000799504
0.000805893
0.000810443
0.000812664
0.000812294
0.000809415
0.000804949
0.000799761
0.000794006
0.000787592
0.000781108
0.000776143
0.00077257
0.000772218
0.000938329
0.00094042
0.000948212
0.00095334
0.000956201
0.000960906
0.000968432
0.000976106
0.000981876
0.000984841
0.00098446
0.000980813
0.000975295
0.000969329
0.000963069
0.000955951
0.000948704
0.000943468
0.000940129
0.000941655
0.00101868
0.00101996
0.00102731
0.00103164
0.00103339
0.00103714
0.00104413
0.00105171
0.00105761
0.00106062
0.00106
0.00105582
0.00104967
0.00104332
0.00103707
0.00103019
0.0010235
0.00101929
0.00101744
0.00102075
0.000976859
0.000978262
0.000985103
0.000989605
0.000991554
0.00099454
0.00100044
0.00100729
0.00101291
0.00101587
0.00101526
0.00101104
0.00100483
0.000998638
0.000993043
0.000987294
0.000981919
0.00097895
0.000977418
0.00097985
0.000756918
0.000758997
0.000764209
0.000767935
0.000771038
0.0007743
0.000779496
0.00078562
0.000790951
0.000794095
0.000794072
0.00079074
0.000785561
0.000780521
0.000776312
0.000771965
0.000767659
0.000765155
0.000763079
0.000764311
0.000382424
0.00038306
0.000385353
0.000386802
0.000389141
0.000391596
0.000395268
0.00039971
0.000403716
0.000406179
0.000406286
0.000403857
0.000399979
0.000396195
0.000393002
0.000389561
0.000386329
0.000384887
0.000384323
0.000386669
0.0011623
0.00117852
0.00118197
0.00118616
0.001191
0.00119626
0.00120173
0.00120692
0.00121103
0.0012133
0.00121325
0.00121094
0.00120689
0.00120187
0.0011965
0.00119119
0.00118619
0.00118166
0.00117801
0.00116209
)
;
    }
    symmetry-x
    {
        type            symmetryPlane;
    }
    symmetry-y
    {
        type            symmetryPlane;
    }
}


// ************************************************************************* //
