/*--------------------------------*- C++ -*----------------------------------*\
| =========                 |                                                 |
| \\      /  F ield         | foam-extend: Open Source CFD                    |
|  \\    /   O peration     | Version:     3.1                                |
|   \\  /    A nd           | Web:         http://www.extend-project.de       |
|    \\/     M anipulation  |                                                 |
\*---------------------------------------------------------------------------*/
FoamFile
{
    version     2.0;
    format      ascii;
    class       vectorField;
    location    "1.5/polyMesh";
    object      points;
}
// * * * * * * * * * * * * * * * * * * * * * * * * * * * * * * * * * * * * * //


405
(
(0.45 0 -0.2)
(0.475 0 -0.2)
(0.5 0 -0.2)
(0.525 0 -0.2)
(0.55 0 -0.2)
(0.450937 0.0259222 -0.199671)
(0.475592 0.0253054 -0.19978)
(0.500464 0.0249885 -0.200012)
(0.525521 0.0246674 -0.200249)
(0.550772 0.0240652 -0.200379)
(0.451842 0.0513504 -0.199839)
(0.476553 0.0505476 -0.199881)
(0.501399 0.0499899 -0.20003)
(0.526443 0.0494305 -0.200191)
(0.551616 0.0486264 -0.200267)
(0.453027 0.0767963 -0.199977)
(0.477749 0.0757804 -0.199965)
(0.502595 0.0749879 -0.200047)
(0.527616 0.0741917 -0.200142)
(0.552754 0.073164 -0.200166)
(0.454347 0.102113 -0.200141)
(0.479103 0.100949 -0.200059)
(0.503957 0.0999773 -0.20006)
(0.528957 0.0990017 -0.200074)
(0.554045 0.0978225 -0.200029)
(0.455765 0.127334 -0.200287)
(0.48055 0.126064 -0.200142)
(0.505413 0.124959 -0.20007)
(0.530397 0.123851 -0.200009)
(0.555447 0.122569 -0.199899)
(0.457226 0.152471 -0.20041)
(0.482034 0.151134 -0.200212)
(0.506906 0.149934 -0.200079)
(0.531879 0.148735 -0.199954)
(0.556903 0.147393 -0.199786)
(0.458696 0.177556 -0.200504)
(0.483517 0.176171 -0.20027)
(0.508392 0.174906 -0.200089)
(0.53336 0.173644 -0.199913)
(0.558373 0.172269 -0.199701)
(0.460179 0.202602 -0.200555)
(0.484974 0.201194 -0.200307)
(0.509813 0.199883 -0.200101)
(0.534795 0.198575 -0.199899)
(0.559825 0.197183 -0.199669)
(0.45 0 -0.175)
(0.475 0 -0.175)
(0.5 0 -0.175)
(0.525 0 -0.175)
(0.55 0 -0.175)
(0.45097 0.0258844 -0.174826)
(0.47564 0.025279 -0.174881)
(0.500537 0.0249943 -0.175011)
(0.525579 0.0247116 -0.175148)
(0.550816 0.0241253 -0.175219)
(0.451853 0.0514 -0.174909)
(0.476585 0.0505896 -0.174929)
(0.50146 0.0499965 -0.175027)
(0.526486 0.0494041 -0.175134)
(0.551643 0.0485932 -0.175178)
(0.452978 0.0768485 -0.175023)
(0.477725 0.075827 -0.174997)
(0.502602 0.0749957 -0.175041)
(0.527606 0.0741623 -0.175095)
(0.552723 0.0731305 -0.175093)
(0.45424 0.102171 -0.17515)
(0.479019 0.101 -0.175069)
(0.503902 0.0999877 -0.175052)
(0.528887 0.0989727 -0.175044)
(0.553957 0.0977886 -0.174988)
(0.4556 0.127388 -0.175269)
(0.480407 0.126113 -0.175136)
(0.505297 0.124973 -0.175061)
(0.530267 0.123831 -0.174994)
(0.5553 0.122546 -0.174884)
(0.457011 0.152517 -0.17537)
(0.481839 0.151178 -0.175193)
(0.506735 0.149952 -0.175069)
(0.531697 0.148728 -0.174952)
(0.556705 0.147385 -0.174794)
(0.458442 0.177592 -0.175448)
(0.483281 0.176207 -0.17524)
(0.508178 0.174928 -0.17508)
(0.533136 0.173654 -0.174925)
(0.558136 0.172282 -0.17473)
(0.459906 0.20263 -0.175487)
(0.484716 0.201222 -0.175267)
(0.509577 0.199908 -0.175093)
(0.534549 0.198597 -0.174925)
(0.559567 0.197211 -0.174716)
(0.45 0 -0.15)
(0.475 0 -0.15)
(0.5 0 -0.15)
(0.525 0 -0.15)
(0.55 0 -0.15)
(0.450993 0.0258809 -0.149927)
(0.475647 0.0252784 -0.149948)
(0.500536 0.0249974 -0.150011)
(0.525581 0.0247187 -0.150078)
(0.550827 0.0241342 -0.150107)
(0.45186 0.0513813 -0.149978)
(0.476575 0.0505902 -0.149978)
(0.501443 0.0500026 -0.150024)
(0.526472 0.0494154 -0.150075)
(0.55164 0.0486215 -0.150085)
(0.452944 0.0768293 -0.150058)
(0.477684 0.0758327 -0.150026)
(0.502557 0.0750051 -0.150035)
(0.52756 0.0741754 -0.150051)
(0.552678 0.0731681 -0.150028)
(0.454163 0.102155 -0.15015)
(0.478938 0.101009 -0.150078)
(0.503818 0.100001 -0.150045)
(0.528801 0.0989905 -0.150017)
(0.553869 0.0978325 -0.149954)
(0.45548 0.127377 -0.150239)
(0.480284 0.126126 -0.150129)
(0.505173 0.12499 -0.150053)
(0.530139 0.123854 -0.149982)
(0.55517 0.122596 -0.149879)
(0.456852 0.152512 -0.150316)
(0.481679 0.151193 -0.150174)
(0.506575 0.149974 -0.150062)
(0.531532 0.148758 -0.149953)
(0.556536 0.14744 -0.149814)
(0.45825 0.177594 -0.150377)
(0.483089 0.176224 -0.15021)
(0.507987 0.174954 -0.150073)
(0.53294 0.173691 -0.149938)
(0.557935 0.172341 -0.149771)
(0.459692 0.202637 -0.150405)
(0.484504 0.20124 -0.15023)
(0.509365 0.199937 -0.150088)
(0.534331 0.198641 -0.149951)
(0.559342 0.197275 -0.149776)
(0.45 0 -0.125)
(0.475 0 -0.125)
(0.5 0 -0.125)
(0.525 0 -0.125)
(0.55 0 -0.125)
(0.450994 0.0258737 -0.124983)
(0.475637 0.0252766 -0.124984)
(0.50052 0.0249997 -0.125009)
(0.525566 0.024725 -0.125037)
(0.550818 0.0241483 -0.125042)
(0.451845 0.0513581 -0.125022)
(0.476548 0.0505844 -0.125007)
(0.501407 0.0500083 -0.12502)
(0.526438 0.0494324 -0.125036)
(0.551614 0.0486559 -0.125024)
(0.452902 0.0768007 -0.12508)
(0.477632 0.0758274 -0.125041)
(0.502498 0.0750148 -0.125029)
(0.527501 0.0742 -0.12502)
(0.552626 0.0732162 -0.124984)
(0.45409 0.102128 -0.125145)
(0.478858 0.101006 -0.125079)
(0.503732 0.100015 -0.125037)
(0.528714 0.0990216 -0.124998)
(0.553786 0.0978894 -0.124933)
(0.455376 0.127354 -0.125211)
(0.480175 0.126127 -0.125117)
(0.505059 0.125009 -0.125045)
(0.530024 0.123891 -0.124974)
(0.555056 0.122658 -0.124881)
(0.456718 0.152497 -0.125269)
(0.481542 0.1512 -0.12515)
(0.506435 0.149997 -0.125052)
(0.531389 0.148799 -0.124955)
(0.556393 0.147506 -0.124836)
(0.45809 0.177589 -0.125315)
(0.482928 0.176235 -0.125178)
(0.507824 0.174981 -0.125064)
(0.532775 0.173737 -0.124949)
(0.557766 0.17241 -0.124808)
(0.459515 0.20264 -0.125336)
(0.484327 0.201257 -0.125194)
(0.509184 0.199968 -0.12508)
(0.534144 0.198689 -0.124967)
(0.55915 0.197345 -0.124821)
(0.45 0 -0.1)
(0.475 0 -0.1)
(0.5 0 -0.1)
(0.525 0 -0.1)
(0.55 0 -0.1)
(0.450986 0.0258642 -0.100009)
(0.475623 0.0252745 -0.100001)
(0.500502 0.0250017 -0.100007)
(0.525547 0.0247314 -0.100015)
(0.550801 0.0241651 -0.100009)
(0.451821 0.0513381 -0.100041)
(0.476516 0.050579 -0.100019)
(0.501369 0.0500136 -0.100015)
(0.5264 0.0494488 -0.100013)
(0.551581 0.0486877 -0.0999927)
(0.452857 0.0767762 -0.100083)
(0.47758 0.0758216 -0.100044)
(0.50244 0.0750241 -0.100023)
(0.527444 0.0742246 -0.100002)
(0.552573 0.0732601 -0.0999635)
(0.454023 0.102104 -0.10013)
(0.478784 0.101003 -0.100071)
(0.503654 0.100029 -0.100029)
(0.528635 0.0990527 -0.0999874)
(0.553711 0.0979416 -0.0999278)
(0.455286 0.127334 -0.100178)
(0.48008 0.126127 -0.100099)
(0.50496 0.125027 -0.100035)
(0.529924 0.123927 -0.0999718)
(0.554958 0.122716 -0.0998914)
(0.456606 0.152483 -0.100221)
(0.481426 0.151204 -0.100124)
(0.506316 0.150019 -0.100042)
(0.53127 0.14884 -0.09996)
(0.556274 0.147568 -0.0998605)
(0.457959 0.177581 -0.100256)
(0.482795 0.176244 -0.100146)
(0.507688 0.175006 -0.100052)
(0.532637 0.173781 -0.0999583)
(0.557628 0.172474 -0.0998433)
(0.459367 0.202638 -0.100271)
(0.484178 0.20127 -0.100157)
(0.509032 0.199996 -0.100067)
(0.533988 0.198735 -0.0999771)
(0.558992 0.197411 -0.0998596)
(0.45 0 -0.075)
(0.475 0 -0.075)
(0.5 0 -0.075)
(0.525 0 -0.075)
(0.55 0 -0.075)
(0.450975 0.0258551 -0.0750168)
(0.47561 0.0252726 -0.075007)
(0.500486 0.0250034 -0.0750049)
(0.525531 0.0247369 -0.0750035)
(0.550785 0.0241808 -0.0749944)
(0.451797 0.0513226 -0.0750417)
(0.476486 0.050575 -0.0750208)
(0.501337 0.0500183 -0.0750108)
(0.526367 0.0494625 -0.0750015)
(0.551551 0.048714 -0.0749809)
(0.452817 0.0767578 -0.0750723)
(0.477534 0.0758175 -0.0750385)
(0.502391 0.0750321 -0.0750162)
(0.527394 0.074245 -0.0749942)
(0.552527 0.0732955 -0.0749598)
(0.453966 0.102086 -0.0751058)
(0.478721 0.101 -0.0750579)
(0.503588 0.10004 -0.0750211)
(0.528569 0.0990788 -0.0749843)
(0.553649 0.0979838 -0.0749352)
(0.455212 0.127319 -0.0751392)
(0.480001 0.126127 -0.0750774)
(0.504879 0.125042 -0.075026)
(0.529843 0.123958 -0.0749743)
(0.55488 0.122763 -0.0749106)
(0.456516 0.152472 -0.0751701)
(0.481333 0.151208 -0.0750956)
(0.506221 0.150038 -0.0750318)
(0.531174 0.148874 -0.0749673)
(0.55618 0.147618 -0.0748902)
(0.457854 0.177574 -0.0751954)
(0.482687 0.176251 -0.0751111)
(0.507579 0.175028 -0.07504)
(0.532527 0.173818 -0.0749679)
(0.557518 0.172527 -0.0748799)
(0.45925 0.202636 -0.0752056)
(0.484058 0.20128 -0.0751198)
(0.508909 0.20002 -0.075052)
(0.533864 0.198774 -0.074984)
(0.558868 0.197466 -0.0748946)
(0.45 0 -0.05)
(0.475 0 -0.05)
(0.5 0 -0.05)
(0.525 0 -0.05)
(0.55 0 -0.05)
(0.450966 0.0258479 -0.0500152)
(0.4756 0.0252713 -0.0500071)
(0.500474 0.0250047 -0.050003)
(0.525519 0.0247411 -0.0499992)
(0.550772 0.024193 -0.0499913)
(0.451777 0.0513116 -0.0500324)
(0.476464 0.0505724 -0.0500166)
(0.501312 0.0500218 -0.0500068)
(0.526342 0.0494725 -0.0499974)
(0.551527 0.0487334 -0.0499815)
(0.452786 0.0767452 -0.0500525)
(0.477499 0.0758151 -0.0500281)
(0.502354 0.0750383 -0.0500104)
(0.527357 0.0742601 -0.0499927)
(0.552491 0.0733212 -0.0499676)
(0.453923 0.102074 -0.0500741)
(0.478675 0.100999 -0.0500405)
(0.50354 0.100049 -0.0500137)
(0.528521 0.099098 -0.0499867)
(0.553602 0.0980142 -0.049952)
(0.455157 0.127308 -0.0500956)
(0.479944 0.126128 -0.050053)
(0.50482 0.125054 -0.050017)
(0.529784 0.12398 -0.0499807)
(0.554822 0.122797 -0.0499367)
(0.456451 0.152464 -0.0501157)
(0.481265 0.151211 -0.0500649)
(0.506151 0.150052 -0.0500212)
(0.531104 0.148899 -0.0499768)
(0.556112 0.147655 -0.0499242)
(0.457777 0.177569 -0.0501322)
(0.482609 0.176256 -0.0500752)
(0.507499 0.175044 -0.050027)
(0.532447 0.173845 -0.0499781)
(0.557439 0.172566 -0.0499184)
(0.459163 0.202633 -0.0501388)
(0.483969 0.201287 -0.0500808)
(0.508819 0.200038 -0.0500353)
(0.533773 0.198803 -0.0499895)
(0.558777 0.197506 -0.0499292)
(0.45 0 -0.025)
(0.475 0 -0.025)
(0.5 0 -0.025)
(0.525 0 -0.025)
(0.55 0 -0.025)
(0.45096 0.0258433 -0.0250086)
(0.475593 0.0252705 -0.0250042)
(0.500467 0.0250056 -0.0250014)
(0.525512 0.0247438 -0.0249987)
(0.550764 0.0242007 -0.0249943)
(0.451765 0.051305 -0.0250174)
(0.47645 0.050571 -0.025009)
(0.501297 0.0500241 -0.0250033)
(0.526327 0.0494786 -0.0249977)
(0.551512 0.0487452 -0.0249891)
(0.452766 0.0767379 -0.0250274)
(0.477478 0.0758138 -0.0250147)
(0.502332 0.0750422 -0.025005)
(0.527334 0.0742692 -0.0249954)
(0.552469 0.0733367 -0.0249822)
(0.453896 0.102067 -0.025038)
(0.478646 0.100998 -0.0250208)
(0.50351 0.100055 -0.0250067)
(0.528491 0.0991097 -0.0249925)
(0.553573 0.0980326 -0.0249746)
(0.455123 0.127303 -0.0250486)
(0.479908 0.126129 -0.025027)
(0.504783 0.125061 -0.0250084)
(0.529747 0.123994 -0.0249897)
(0.554787 0.122818 -0.0249672)
(0.45641 0.15246 -0.0250585)
(0.481223 0.151213 -0.0250328)
(0.506109 0.15006 -0.0250106)
(0.531062 0.148915 -0.024988)
(0.55607 0.147677 -0.0249613)
(0.45773 0.177566 -0.0250668)
(0.482561 0.176259 -0.0250379)
(0.507451 0.175053 -0.0250136)
(0.532398 0.173862 -0.0249888)
(0.557391 0.17259 -0.0249587)
(0.45911 0.202631 -0.02507)
(0.483915 0.201291 -0.0250407)
(0.508764 0.200049 -0.0250178)
(0.533718 0.198821 -0.0249948)
(0.558722 0.197531 -0.0249643)
(0.45 0 0)
(0.475 0 0)
(0.5 0 0)
(0.525 0 0)
(0.55 0 0)
(0.450958 0.0258417 0)
(0.475591 0.0252703 0)
(0.500465 0.0250058 0)
(0.525509 0.0247447 0)
(0.550761 0.0242033 0)
(0.45176 0.0513028 0)
(0.476445 0.0505705 0)
(0.501292 0.0500249 0)
(0.526322 0.0494807 0)
(0.551507 0.0487492 0)
(0.452759 0.0767355 0)
(0.47747 0.0758134 0)
(0.502324 0.0750435 0)
(0.527327 0.0742723 0)
(0.552462 0.0733419 0)
(0.453887 0.102064 0)
(0.478636 0.100998 0)
(0.5035 0.100057 0)
(0.528481 0.0991136 0)
(0.553563 0.0980387 0)
(0.455112 0.127301 0)
(0.479896 0.126129 0)
(0.504771 0.125063 0)
(0.529735 0.123999 0)
(0.554775 0.122824 0)
(0.456396 0.152458 0)
(0.481209 0.151213 0)
(0.506094 0.150063 0)
(0.531047 0.14892 0)
(0.556056 0.147685 0)
(0.457714 0.177565 0)
(0.482545 0.17626 0)
(0.507434 0.175057 0)
(0.532382 0.173867 0)
(0.557375 0.172598 0)
(0.459093 0.202631 0)
(0.483897 0.201293 0)
(0.508746 0.200052 0)
(0.533699 0.198827 0)
(0.558704 0.197539 0)
)


// ************************************************************************* //
