/*--------------------------------*- C++ -*----------------------------------*\
| =========                 |                                                 |
| \\      /  F ield         | foam-extend: Open Source CFD                    |
|  \\    /   O peration     | Version:     3.1                                |
|   \\  /    A nd           | Web:         http://www.extend-project.de       |
|    \\/     M anipulation  |                                                 |
\*---------------------------------------------------------------------------*/
FoamFile
{
    version     2.0;
    format      ascii;
    class       vectorField;
    location    "3.1/polyMesh";
    object      points;
}
// * * * * * * * * * * * * * * * * * * * * * * * * * * * * * * * * * * * * * //


405
(
(0.45 0 -0.2)
(0.475 0 -0.2)
(0.5 0 -0.2)
(0.525 0 -0.2)
(0.55 0 -0.2)
(0.450901 0.0259505 -0.19961)
(0.475555 0.0253237 -0.199756)
(0.500429 0.0249796 -0.200024)
(0.525491 0.0246286 -0.200299)
(0.550755 0.0240068 -0.200469)
(0.451803 0.0513992 -0.199743)
(0.476517 0.0505696 -0.199843)
(0.501368 0.0499764 -0.200045)
(0.526413 0.0493795 -0.20026)
(0.55159 0.0485457 -0.2004)
(0.453016 0.0768588 -0.199861)
(0.477744 0.0758018 -0.199919)
(0.502596 0.0749666 -0.200066)
(0.527616 0.0741267 -0.200227)
(0.552751 0.0730569 -0.200331)
(0.454384 0.102179 -0.200018)
(0.479149 0.100965 -0.200013)
(0.504009 0.0999473 -0.200085)
(0.529004 0.0989253 -0.20017)
(0.554084 0.0976989 -0.200213)
(0.455859 0.127393 -0.200165)
(0.480655 0.126072 -0.200101)
(0.505523 0.12492 -0.200101)
(0.530499 0.123766 -0.200115)
(0.555537 0.122438 -0.200098)
(0.457375 0.152515 -0.200292)
(0.482195 0.151132 -0.200178)
(0.50707 0.149888 -0.200119)
(0.532033 0.148647 -0.20007)
(0.55704 0.147266 -0.199998)
(0.458892 0.177581 -0.200394)
(0.483724 0.176159 -0.200245)
(0.5086 0.174855 -0.200139)
(0.533553 0.173558 -0.200041)
(0.558545 0.172157 -0.199927)
(0.460407 0.202611 -0.200459)
(0.485212 0.201173 -0.200294)
(0.510052 0.199833 -0.20016)
(0.535012 0.198495 -0.200035)
(0.560017 0.197084 -0.199903)
(0.45 0 -0.175)
(0.475 0 -0.175)
(0.5 0 -0.175)
(0.525 0 -0.175)
(0.55 0 -0.175)
(0.45097 0.0259023 -0.174776)
(0.475638 0.0252872 -0.17486)
(0.500537 0.0249895 -0.175019)
(0.525586 0.0246923 -0.175187)
(0.550838 0.0240864 -0.175292)
(0.451875 0.0514426 -0.174825)
(0.476608 0.0506043 -0.174896)
(0.501488 0.0499833 -0.175039)
(0.52652 0.0493616 -0.175194)
(0.551685 0.0485195 -0.175294)
(0.453043 0.0769082 -0.174919)
(0.477795 0.0758441 -0.174956)
(0.502677 0.0749735 -0.175057)
(0.527686 0.0741005 -0.175169)
(0.552806 0.0730247 -0.17524)
(0.454362 0.102237 -0.175036)
(0.479149 0.101015 -0.175027)
(0.504037 0.0999565 -0.175073)
(0.529024 0.0988959 -0.175131)
(0.554091 0.0976623 -0.175157)
(0.455785 0.127449 -0.175152)
(0.480601 0.126121 -0.175096)
(0.505495 0.124933 -0.175088)
(0.530465 0.123744 -0.175092)
(0.555492 0.122411 -0.17507)
(0.457255 0.152566 -0.175255)
(0.482092 0.151178 -0.175158)
(0.506991 0.149906 -0.175104)
(0.53195 0.148637 -0.17506)
(0.556948 0.147253 -0.174994)
(0.458735 0.177624 -0.175336)
(0.483582 0.176199 -0.175211)
(0.508479 0.174878 -0.175123)
(0.53343 0.173563 -0.175043)
(0.558415 0.172162 -0.174943)
(0.460233 0.202647 -0.175387)
(0.485052 0.201207 -0.175249)
(0.509911 0.199857 -0.175143)
(0.534869 0.198511 -0.175047)
(0.559867 0.197102 -0.174934)
(0.45 0 -0.15)
(0.475 0 -0.15)
(0.5 0 -0.15)
(0.525 0 -0.15)
(0.55 0 -0.15)
(0.451021 0.0259118 -0.149885)
(0.47567 0.0252872 -0.14993)
(0.500562 0.0249931 -0.150017)
(0.525616 0.0246996 -0.15011)
(0.55088 0.0240803 -0.150167)
(0.45193 0.0514346 -0.149909)
(0.476646 0.0506057 -0.149951)
(0.501519 0.0499892 -0.150035)
(0.526558 0.0493715 -0.150126)
(0.551737 0.0485345 -0.150181)
(0.453073 0.0768973 -0.14997)
(0.477819 0.0758501 -0.149992)
(0.502698 0.0749814 -0.15005)
(0.527709 0.0741098 -0.150116)
(0.552833 0.0730495 -0.150154)
(0.454362 0.102227 -0.15005)
(0.479145 0.101024 -0.150042)
(0.504032 0.0999671 -0.150064)
(0.529019 0.098908 -0.150095)
(0.554088 0.0976935 -0.150103)
(0.45575 0.127442 -0.150132)
(0.480564 0.126134 -0.150093)
(0.505458 0.124947 -0.150078)
(0.530427 0.12376 -0.150071)
(0.555452 0.122448 -0.150046)
(0.457186 0.152565 -0.150208)
(0.482023 0.151193 -0.15014)
(0.506923 0.149923 -0.150093)
(0.531879 0.148658 -0.150052)
(0.556874 0.147294 -0.149996)
(0.458639 0.17763 -0.150269)
(0.483486 0.176216 -0.15018)
(0.508385 0.174898 -0.150111)
(0.533333 0.173589 -0.150045)
(0.558313 0.172206 -0.149965)
(0.46012 0.20266 -0.150306)
(0.484941 0.201226 -0.150208)
(0.509802 0.199879 -0.15013)
(0.534753 0.198541 -0.150059)
(0.559743 0.197148 -0.149971)
(0.45 0 -0.125)
(0.475 0 -0.125)
(0.5 0 -0.125)
(0.525 0 -0.125)
(0.55 0 -0.125)
(0.451045 0.0259177 -0.124949)
(0.47568 0.0252875 -0.124969)
(0.500565 0.0249952 -0.125015)
(0.525622 0.024703 -0.125064)
(0.550895 0.0240782 -0.125091)
(0.451954 0.0514245 -0.124967)
(0.476657 0.0506028 -0.124984)
(0.501522 0.0499939 -0.125029)
(0.526565 0.0493832 -0.125079)
(0.551754 0.0485521 -0.125104)
(0.453086 0.0768797 -0.125007)
(0.477822 0.0758469 -0.125013)
(0.502695 0.0749888 -0.125043)
(0.527707 0.0741275 -0.125077)
(0.552839 0.0730811 -0.12509)
(0.454356 0.102208 -0.125061)
(0.479133 0.101022 -0.125048)
(0.504014 0.0999776 -0.125055)
(0.529001 0.0989308 -0.125066)
(0.554075 0.0977342 -0.125061)
(0.455722 0.127425 -0.125118)
(0.480532 0.126135 -0.125085)
(0.505422 0.124961 -0.125067)
(0.53039 0.123787 -0.125053)
(0.555416 0.122494 -0.125026)
(0.457136 0.152554 -0.125172)
(0.481971 0.151199 -0.12512)
(0.506868 0.14994 -0.12508)
(0.531821 0.148688 -0.125043)
(0.556815 0.147343 -0.124996)
(0.458568 0.177629 -0.125217)
(0.483416 0.176226 -0.125151)
(0.508312 0.174917 -0.125096)
(0.533256 0.173621 -0.125044)
(0.558232 0.172256 -0.124979)
(0.460037 0.202668 -0.125244)
(0.484859 0.201241 -0.125172)
(0.509716 0.199901 -0.125114)
(0.534661 0.198574 -0.125061)
(0.559643 0.197198 -0.124992)
(0.45 0 -0.1)
(0.475 0 -0.1)
(0.5 0 -0.1)
(0.525 0 -0.1)
(0.55 0 -0.1)
(0.451055 0.0259194 -0.0999818)
(0.47568 0.0252876 -0.0999893)
(0.500561 0.0249967 -0.100012)
(0.525619 0.0247062 -0.100036)
(0.550898 0.0240811 -0.100048)
(0.451963 0.0514167 -0.0999971)
(0.476656 0.0506003 -0.100002)
(0.501515 0.0499979 -0.100024)
(0.526559 0.0493937 -0.100048)
(0.551755 0.048568 -0.100057)
(0.453087 0.0768661 -0.100025)
(0.477815 0.0758435 -0.100022)
(0.502682 0.0749956 -0.100034)
(0.527695 0.0741444 -0.100049)
(0.552832 0.0731082 -0.10005)
(0.454345 0.102192 -0.100062)
(0.479116 0.101019 -0.100047)
(0.503993 0.0999872 -0.100045)
(0.52898 0.0989529 -0.100044)
(0.554056 0.0977698 -0.100033)
(0.455697 0.127411 -0.100102)
(0.480503 0.126135 -0.100073)
(0.505389 0.124973 -0.100055)
(0.530356 0.123813 -0.100038)
(0.555384 0.122535 -0.100013)
(0.457096 0.152543 -0.10014)
(0.481928 0.151201 -0.100099)
(0.506822 0.149955 -0.100066)
(0.531774 0.148716 -0.100034)
(0.556767 0.147387 -0.0999951)
(0.458514 0.177624 -0.100172)
(0.48336 0.176232 -0.100121)
(0.508254 0.174935 -0.100079)
(0.533196 0.173652 -0.100038)
(0.558169 0.172301 -0.0999867)
(0.459973 0.20267 -0.100191)
(0.484794 0.201252 -0.100137)
(0.509647 0.199921 -0.100095)
(0.534587 0.198605 -0.100055)
(0.559565 0.197244 -0.100002)
(0.45 0 -0.075)
(0.475 0 -0.075)
(0.5 0 -0.075)
(0.525 0 -0.075)
(0.55 0 -0.075)
(0.451058 0.0259191 -0.0749969)
(0.475678 0.0252875 -0.0749985)
(0.500556 0.024998 -0.0750087)
(0.525614 0.024709 -0.0750202)
(0.550896 0.0240857 -0.0750241)
(0.451963 0.0514111 -0.0750095)
(0.476651 0.0505989 -0.0750083)
(0.501506 0.0500012 -0.0750176)
(0.52655 0.049402 -0.0750283)
(0.551749 0.0485809 -0.0750297)
(0.453082 0.076857 -0.0750294)
(0.477804 0.0758415 -0.0750227)
(0.502668 0.0750012 -0.0750258)
(0.527681 0.0741578 -0.0750302)
(0.552821 0.073129 -0.0750258)
(0.454333 0.102181 -0.0750541)
(0.479098 0.101018 -0.0750399)
(0.503972 0.0999952 -0.0750337)
(0.528959 0.0989706 -0.0750286)
(0.554038 0.097797 -0.0750162)
(0.455675 0.127401 -0.0750808)
(0.480477 0.126135 -0.075058)
(0.505361 0.124984 -0.0750416)
(0.530327 0.123834 -0.075026)
(0.555356 0.122567 -0.0750046)
(0.457064 0.152536 -0.0751069)
(0.481894 0.151204 -0.0750758)
(0.506786 0.149968 -0.0750503)
(0.531737 0.14874 -0.0750252)
(0.556729 0.147422 -0.0749947)
(0.458472 0.17762 -0.0751296)
(0.483317 0.176237 -0.0750919)
(0.508209 0.174949 -0.0750607)
(0.533148 0.173677 -0.0750296)
(0.55812 0.172338 -0.0749913)
(0.459923 0.20267 -0.0751427)
(0.484742 0.201259 -0.0751032)
(0.509593 0.199938 -0.0750728)
(0.534529 0.198631 -0.0750438)
(0.559504 0.197282 -0.0750044)
(0.45 0 -0.05)
(0.475 0 -0.05)
(0.5 0 -0.05)
(0.525 0 -0.05)
(0.55 0 -0.05)
(0.451058 0.0259182 -0.050002)
(0.475676 0.0252874 -0.0500016)
(0.500552 0.024999 -0.0500057)
(0.52561 0.0247111 -0.0500106)
(0.550892 0.02409 -0.0500113)
(0.451961 0.0514074 -0.0500111)
(0.476645 0.0505982 -0.0500084)
(0.501498 0.0500037 -0.0500116)
(0.526542 0.0494079 -0.0500157)
(0.551743 0.0485904 -0.0500144)
(0.453077 0.0768514 -0.050024)
(0.477794 0.0758407 -0.0500177)
(0.502656 0.0750055 -0.0500172)
(0.527669 0.0741673 -0.0500173)
(0.55281 0.0731435 -0.0500123)
(0.454322 0.102175 -0.0500395)
(0.479084 0.101017 -0.0500286)
(0.503956 0.100001 -0.0500225)
(0.528942 0.0989832 -0.050017)
(0.554022 0.0978159 -0.050007)
(0.455658 0.127395 -0.0500561)
(0.480458 0.126135 -0.0500401)
(0.50534 0.124991 -0.0500279)
(0.530305 0.123849 -0.0500161)
(0.555335 0.122589 -0.0500007)
(0.457041 0.152531 -0.0500726)
(0.481869 0.151205 -0.0500515)
(0.506759 0.149977 -0.0500339)
(0.531709 0.148757 -0.0500165)
(0.556702 0.147447 -0.0499955)
(0.458442 0.177618 -0.0500871)
(0.483285 0.176241 -0.0500618)
(0.508176 0.17496 -0.050041)
(0.533115 0.173695 -0.0500202)
(0.558086 0.172365 -0.0499945)
(0.459887 0.202669 -0.0500954)
(0.484705 0.201265 -0.0500692)
(0.509553 0.19995 -0.0500493)
(0.534488 0.198651 -0.0500301)
(0.559462 0.19731 -0.0500039)
(0.45 0 -0.025)
(0.475 0 -0.025)
(0.5 0 -0.025)
(0.525 0 -0.025)
(0.55 0 -0.025)
(0.451058 0.0259174 -0.0250021)
(0.475674 0.0252874 -0.0250015)
(0.50055 0.0249996 -0.0250028)
(0.525607 0.0247124 -0.0250045)
(0.55089 0.0240929 -0.0250044)
(0.451959 0.0514052 -0.0250068)
(0.476641 0.0505979 -0.025005)
(0.501493 0.0500053 -0.0250058)
(0.526536 0.0494114 -0.0250069)
(0.551738 0.0485961 -0.0250057)
(0.453072 0.0768484 -0.0250132)
(0.477788 0.0758404 -0.0250096)
(0.502649 0.0750081 -0.0250086)
(0.527661 0.074173 -0.0250079)
(0.552803 0.0731521 -0.0250048)
(0.454315 0.102172 -0.0250207)
(0.479075 0.101017 -0.0250149)
(0.503946 0.100005 -0.0250113)
(0.528932 0.0989907 -0.0250079)
(0.554012 0.097827 -0.0250024)
(0.455647 0.127392 -0.0250287)
(0.480446 0.126136 -0.0250204)
(0.505327 0.124996 -0.025014)
(0.530292 0.123858 -0.0250077)
(0.555322 0.122602 -0.0249997)
(0.457026 0.152529 -0.0250367)
(0.481853 0.151207 -0.025026)
(0.506742 0.149982 -0.0250171)
(0.531692 0.148767 -0.0250081)
(0.556685 0.147462 -0.0249975)
(0.458424 0.177616 -0.0250438)
(0.483266 0.176243 -0.0250311)
(0.508156 0.174966 -0.0250207)
(0.533094 0.173706 -0.0250102)
(0.558065 0.172381 -0.0249973)
(0.459865 0.202669 -0.0250479)
(0.484682 0.201268 -0.0250347)
(0.509529 0.199957 -0.0250248)
(0.534463 0.198662 -0.0250153)
(0.559436 0.197326 -0.0250022)
(0.45 0 0)
(0.475 0 0)
(0.5 0 0)
(0.525 0 0)
(0.55 0 0)
(0.451058 0.0259172 0)
(0.475673 0.0252874 0)
(0.500549 0.0249998 0)
(0.525606 0.0247128 0)
(0.550889 0.0240939 0)
(0.451959 0.0514045 0)
(0.47664 0.0505978 0)
(0.501491 0.0500058 0)
(0.526535 0.0494126 0)
(0.551736 0.048598 0)
(0.453071 0.0768475 0)
(0.477786 0.0758403 0)
(0.502646 0.075009 0)
(0.527658 0.0741748 0)
(0.552801 0.0731549 0)
(0.454312 0.10217 0)
(0.479072 0.101017 0)
(0.503942 0.100006 0)
(0.528928 0.0989932 0)
(0.554009 0.0978306 0)
(0.455644 0.127391 0)
(0.480442 0.126136 0)
(0.505322 0.124998 0)
(0.530287 0.123861 0)
(0.555318 0.122607 0)
(0.457022 0.152528 0)
(0.481848 0.151207 0)
(0.506737 0.149984 0)
(0.531687 0.14877 0)
(0.556679 0.147466 0)
(0.458418 0.177616 0)
(0.48326 0.176244 0)
(0.508149 0.174968 0)
(0.533087 0.17371 0)
(0.558058 0.172386 0)
(0.459858 0.202669 0)
(0.484674 0.201269 0)
(0.509521 0.199959 0)
(0.534454 0.198666 0)
(0.559427 0.197332 0)
)


// ************************************************************************* //
