/*--------------------------------*- C++ -*----------------------------------*\
| =========                 |                                                 |
| \\      /  F ield         | foam-extend: Open Source CFD                    |
|  \\    /   O peration     | Version:     3.1                                |
|   \\  /    A nd           | Web:         http://www.extend-project.de       |
|    \\/     M anipulation  |                                                 |
\*---------------------------------------------------------------------------*/
FoamFile
{
    version     2.0;
    format      ascii;
    class       vectorField;
    location    "1.7/polyMesh";
    object      points;
}
// * * * * * * * * * * * * * * * * * * * * * * * * * * * * * * * * * * * * * //


405
(
(0.45 0 -0.2)
(0.475 0 -0.2)
(0.5 0 -0.2)
(0.525 0 -0.2)
(0.55 0 -0.2)
(0.450666 0.0256078 -0.199832)
(0.475435 0.0251885 -0.199878)
(0.500344 0.0249931 -0.200007)
(0.525375 0.024798 -0.200142)
(0.550534 0.0244074 -0.200209)
(0.451293 0.0508802 -0.199989)
(0.476094 0.0503497 -0.199969)
(0.50098 0.0499994 -0.200028)
(0.526002 0.0496515 -0.200099)
(0.551111 0.0491333 -0.200115)
(0.452082 0.0761714 -0.200114)
(0.476888 0.0755105 -0.200044)
(0.501772 0.0750095 -0.200048)
(0.526779 0.0745096 -0.200065)
(0.551867 0.0738523 -0.200035)
(0.452944 0.101384 -0.200246)
(0.477771 0.100632 -0.200122)
(0.50266 0.100017 -0.200065)
(0.527654 0.0994014 -0.200021)
(0.552712 0.0986494 -0.199937)
(0.453862 0.12654 -0.20036)
(0.478705 0.125722 -0.200188)
(0.5036 0.12502 -0.200078)
(0.528585 0.124319 -0.199979)
(0.553621 0.123501 -0.199846)
(0.454806 0.151647 -0.200454)
(0.479662 0.150784 -0.200242)
(0.504563 0.150018 -0.200089)
(0.529543 0.149257 -0.199944)
(0.554565 0.148399 -0.199767)
(0.455762 0.176727 -0.200527)
(0.480624 0.175826 -0.200289)
(0.505526 0.175014 -0.200101)
(0.530503 0.17421 -0.199919)
(0.55552 0.173327 -0.199707)
(0.456738 0.201781 -0.20057)
(0.481577 0.200859 -0.20032)
(0.506449 0.200014 -0.200114)
(0.531435 0.199175 -0.199914)
(0.556464 0.198279 -0.199687)
(0.45 0 -0.175)
(0.475 0 -0.175)
(0.5 0 -0.175)
(0.525 0 -0.175)
(0.55 0 -0.175)
(0.450663 0.0255965 -0.174926)
(0.475443 0.0251844 -0.17494)
(0.500371 0.0249999 -0.175007)
(0.525392 0.0248198 -0.17508)
(0.550542 0.0244391 -0.175109)
(0.451254 0.0509273 -0.17502)
(0.476072 0.0503919 -0.174993)
(0.500983 0.0500102 -0.175024)
(0.525994 0.049633 -0.175065)
(0.551091 0.0491101 -0.175063)
(0.451989 0.0762176 -0.175126)
(0.476815 0.0755535 -0.175056)
(0.501727 0.0750214 -0.175041)
(0.526724 0.0744915 -0.175037)
(0.551797 0.0738311 -0.174994)
(0.452802 0.101431 -0.175234)
(0.477649 0.100676 -0.175118)
(0.502564 0.10003 -0.175055)
(0.52755 0.0993846 -0.175003)
(0.552595 0.0986295 -0.174916)
(0.453675 0.126581 -0.17533)
(0.478537 0.125762 -0.175173)
(0.503458 0.125034 -0.175067)
(0.528436 0.124308 -0.174971)
(0.55346 0.123489 -0.174841)
(0.454581 0.151682 -0.175411)
(0.479455 0.150818 -0.17522)
(0.50438 0.150035 -0.175077)
(0.529354 0.149256 -0.174943)
(0.554364 0.148398 -0.174776)
(0.455505 0.176753 -0.175473)
(0.480384 0.175852 -0.175258)
(0.505308 0.175033 -0.17509)
(0.53028 0.174221 -0.174927)
(0.555286 0.173342 -0.17473)
(0.456465 0.201799 -0.175506)
(0.48132 0.20088 -0.175282)
(0.506212 0.200035 -0.175103)
(0.531192 0.199196 -0.174932)
(0.55621 0.198307 -0.174724)
(0.45 0 -0.15)
(0.475 0 -0.15)
(0.5 0 -0.15)
(0.525 0 -0.15)
(0.55 0 -0.15)
(0.450663 0.025587 -0.149985)
(0.475432 0.0251854 -0.149982)
(0.500355 0.0250034 -0.150008)
(0.525377 0.0248257 -0.150037)
(0.550531 0.0244547 -0.150042)
(0.451227 0.0509096 -0.15005)
(0.476035 0.0503949 -0.150019)
(0.500942 0.0500172 -0.150022)
(0.525953 0.0496436 -0.15003)
(0.551056 0.0491388 -0.150011)
(0.451923 0.0762013 -0.150129)
(0.476745 0.0755601 -0.150066)
(0.501655 0.0750314 -0.150036)
(0.526651 0.0745047 -0.150012)
(0.551724 0.0738661 -0.149961)
(0.452699 0.101418 -0.150211)
(0.477542 0.100684 -0.150114)
(0.502457 0.100042 -0.150048)
(0.527441 0.0994017 -0.149988)
(0.552485 0.0986688 -0.149903)
(0.453535 0.126571 -0.150287)
(0.478396 0.125772 -0.150158)
(0.503317 0.12505 -0.150059)
(0.528292 0.12433 -0.149965)
(0.553314 0.123533 -0.149846)
(0.454408 0.151675 -0.150353)
(0.479282 0.150829 -0.150196)
(0.504208 0.150053 -0.150069)
(0.529178 0.149282 -0.149945)
(0.554185 0.148447 -0.149797)
(0.455304 0.17675 -0.150404)
(0.480184 0.175864 -0.150227)
(0.50511 0.175053 -0.150081)
(0.530077 0.174253 -0.149937)
(0.555079 0.173396 -0.149764)
(0.456244 0.201798 -0.150427)
(0.4811 0.20089 -0.150244)
(0.505993 0.200057 -0.150096)
(0.530967 0.199234 -0.149952)
(0.555979 0.198367 -0.149773)
(0.45 0 -0.125)
(0.475 0 -0.125)
(0.5 0 -0.125)
(0.525 0 -0.125)
(0.55 0 -0.125)
(0.450651 0.0255741 -0.125017)
(0.475415 0.025183 -0.125004)
(0.500333 0.0250055 -0.125008)
(0.525355 0.0248322 -0.125013)
(0.55051 0.0244742 -0.125004)
(0.451194 0.0508855 -0.125066)
(0.475995 0.0503896 -0.125033)
(0.500895 0.0500224 -0.125019)
(0.525906 0.0496592 -0.125008)
(0.551013 0.0491729 -0.12498)
(0.451861 0.0761745 -0.125126)
(0.476678 0.0755556 -0.125068)
(0.501582 0.0750401 -0.12503)
(0.526577 0.0745264 -0.124996)
(0.551653 0.07391 -0.124942)
(0.452608 0.101393 -0.125188)
(0.477446 0.100682 -0.125105)
(0.502357 0.100055 -0.12504)
(0.527339 0.0994286 -0.124979)
(0.552385 0.0987187 -0.1249)
(0.453416 0.126551 -0.125247)
(0.478273 0.125773 -0.125139)
(0.50319 0.125065 -0.12505)
(0.528164 0.124361 -0.124962)
(0.553186 0.123587 -0.124857)
(0.454263 0.15166 -0.125299)
(0.479134 0.150833 -0.125169)
(0.504057 0.150072 -0.125059)
(0.529025 0.149317 -0.12495)
(0.554031 0.148505 -0.124821)
(0.455135 0.176741 -0.12534)
(0.480014 0.17587 -0.125194)
(0.504937 0.175075 -0.12507)
(0.529902 0.174292 -0.124947)
(0.554901 0.173457 -0.124799)
(0.456057 0.201795 -0.125357)
(0.480913 0.2009 -0.125207)
(0.505802 0.200081 -0.125085)
(0.53077 0.199276 -0.124965)
(0.555778 0.198431 -0.124814)
(0.45 0 -0.1)
(0.475 0 -0.1)
(0.5 0 -0.1)
(0.525 0 -0.1)
(0.55 0 -0.1)
(0.450636 0.0255609 -0.100029)
(0.475398 0.0251801 -0.100013)
(0.500313 0.0250071 -0.100006)
(0.525334 0.0248386 -0.100001)
(0.550488 0.0244939 -0.0999874)
(0.451161 0.0508638 -0.100068)
(0.475956 0.0503836 -0.100036)
(0.500852 0.0500268 -0.100015)
(0.525863 0.049674 -0.0999966)
(0.550971 0.0492042 -0.0999666)
(0.451805 0.0761498 -0.100113)
(0.476617 0.0755495 -0.100062)
(0.501517 0.0750476 -0.100024)
(0.526511 0.0745479 -0.0999875)
(0.551589 0.0739503 -0.0999383)
(0.452529 0.101369 -0.10016)
(0.477363 0.100678 -0.100089)
(0.50227 0.100066 -0.100032)
(0.527251 0.0994553 -0.099976)
(0.552299 0.0987652 -0.0999068)
(0.453315 0.126531 -0.100205)
(0.478168 0.125771 -0.100116)
(0.503083 0.125079 -0.10004)
(0.528055 0.124392 -0.0999644)
(0.553078 0.123638 -0.0998758)
(0.454141 0.151644 -0.100245)
(0.479009 0.150835 -0.100139)
(0.50393 0.150089 -0.100048)
(0.528897 0.149352 -0.0999562)
(0.553903 0.148559 -0.0998497)
(0.454995 0.176729 -0.100277)
(0.479872 0.175874 -0.100158)
(0.504793 0.175095 -0.100058)
(0.529756 0.174329 -0.0999565)
(0.554754 0.173515 -0.0998354)
(0.455901 0.201787 -0.100289)
(0.480755 0.200907 -0.100168)
(0.505641 0.200104 -0.100071)
(0.530605 0.199316 -0.0999745)
(0.555611 0.198491 -0.0998512)
(0.45 0 -0.075)
(0.475 0 -0.075)
(0.5 0 -0.075)
(0.525 0 -0.075)
(0.55 0 -0.075)
(0.450622 0.0255495 -0.0750283)
(0.475384 0.0251776 -0.0750143)
(0.500297 0.0250084 -0.0750048)
(0.525317 0.024844 -0.0749958)
(0.550469 0.0245109 -0.0749829)
(0.451131 0.0508466 -0.075058)
(0.475924 0.0503788 -0.0750312)
(0.500818 0.0500304 -0.0750112)
(0.525827 0.0496864 -0.0749922)
(0.550936 0.0492299 -0.0749663)
(0.451759 0.0761303 -0.075091)
(0.476566 0.0755443 -0.0750503)
(0.501464 0.075054 -0.0750177)
(0.526457 0.0745658 -0.0749857)
(0.551536 0.0739833 -0.0749454)
(0.452465 0.10135 -0.0751249)
(0.477295 0.100674 -0.07507)
(0.5022 0.100075 -0.0750237)
(0.527181 0.0994778 -0.0749777)
(0.55223 0.0988033 -0.0749229)
(0.453234 0.126514 -0.0751576)
(0.478084 0.125769 -0.0750891)
(0.502996 0.125091 -0.0750295)
(0.527968 0.124418 -0.07497)
(0.552993 0.12368 -0.074901)
(0.454045 0.151631 -0.0751872)
(0.47891 0.150835 -0.0751066)
(0.503829 0.150103 -0.0750359)
(0.528795 0.149381 -0.074965)
(0.553802 0.148604 -0.0748829)
(0.454883 0.176719 -0.0752109)
(0.479758 0.175877 -0.0751209)
(0.504677 0.175111 -0.075044)
(0.529639 0.174361 -0.0749665)
(0.554637 0.173562 -0.0748738)
(0.455776 0.20178 -0.0752192)
(0.480628 0.200912 -0.0751277)
(0.505512 0.200123 -0.0750544)
(0.530474 0.19935 -0.0749815)
(0.555479 0.19854 -0.0748875)
(0.45 0 -0.05)
(0.475 0 -0.05)
(0.5 0 -0.05)
(0.525 0 -0.05)
(0.55 0 -0.05)
(0.450611 0.0255408 -0.0500216)
(0.475373 0.0251758 -0.0500113)
(0.500285 0.0250094 -0.0500031)
(0.525304 0.0248481 -0.0499952)
(0.550454 0.0245237 -0.0499854)
(0.451109 0.0508342 -0.0500416)
(0.4759 0.0503753 -0.0500226)
(0.500793 0.0500331 -0.0500073)
(0.525801 0.0496955 -0.0499925)
(0.55091 0.0492489 -0.0499738)
(0.451724 0.0761164 -0.0500634)
(0.476529 0.0755408 -0.0500351)
(0.501426 0.0750587 -0.0500115)
(0.526418 0.0745791 -0.0499882)
(0.551498 0.0740074 -0.0499599)
(0.452418 0.101337 -0.0500856)
(0.477246 0.100671 -0.050048)
(0.502149 0.100082 -0.0500155)
(0.527129 0.0994944 -0.0499832)
(0.552179 0.0988312 -0.0499453)
(0.453175 0.126502 -0.0501071)
(0.478023 0.125768 -0.0500605)
(0.502933 0.1251 -0.0500195)
(0.527905 0.124437 -0.0499784)
(0.55293 0.123711 -0.0499312)
(0.453974 0.151621 -0.0501267)
(0.478838 0.150836 -0.0500721)
(0.503755 0.150114 -0.050024)
(0.528721 0.149402 -0.0499755)
(0.553729 0.148637 -0.0499198)
(0.454802 0.176711 -0.0501425)
(0.479675 0.175879 -0.0500816)
(0.504593 0.175124 -0.0500296)
(0.529555 0.174384 -0.0499771)
(0.554553 0.173598 -0.0499144)
(0.455685 0.201773 -0.0501478)
(0.480535 0.200915 -0.050086)
(0.505417 0.200136 -0.0500368)
(0.530378 0.199375 -0.0499877)
(0.555383 0.198577 -0.0499242)
(0.45 0 -0.025)
(0.475 0 -0.025)
(0.5 0 -0.025)
(0.525 0 -0.025)
(0.55 0 -0.025)
(0.450604 0.0255354 -0.0250115)
(0.475367 0.0251747 -0.0250061)
(0.500278 0.02501 -0.0250015)
(0.525297 0.0248506 -0.024997)
(0.550445 0.0245315 -0.0249919)
(0.451095 0.0508267 -0.0250216)
(0.475886 0.0503733 -0.0250118)
(0.500778 0.0500348 -0.0250036)
(0.525785 0.0497011 -0.0249956)
(0.550894 0.0492604 -0.0249859)
(0.451703 0.076108 -0.0250324)
(0.476507 0.0755387 -0.025018)
(0.501402 0.0750616 -0.0250057)
(0.526394 0.0745872 -0.0249934)
(0.551474 0.0740221 -0.0249789)
(0.452389 0.101329 -0.0250435)
(0.477216 0.10067 -0.0250244)
(0.502118 0.100086 -0.0250077)
(0.527098 0.0995045 -0.024991)
(0.552148 0.0988482 -0.0249717)
(0.453139 0.126495 -0.0250542)
(0.477985 0.125767 -0.0250306)
(0.502895 0.125106 -0.0250097)
(0.527867 0.124449 -0.0249887)
(0.552893 0.123729 -0.0249648)
(0.453931 0.151614 -0.0250639)
(0.478793 0.150836 -0.0250364)
(0.50371 0.150121 -0.025012)
(0.528676 0.149416 -0.0249874)
(0.553684 0.148657 -0.0249592)
(0.454752 0.176706 -0.0250718)
(0.479624 0.17588 -0.0250411)
(0.504542 0.175131 -0.0250149)
(0.529503 0.174399 -0.0249884)
(0.554502 0.173619 -0.0249567)
(0.455629 0.201769 -0.0250744)
(0.480478 0.200917 -0.0250433)
(0.505359 0.200145 -0.0250185)
(0.53032 0.19939 -0.0249938)
(0.555324 0.1986 -0.0249618)
(0.45 0 0)
(0.475 0 0)
(0.5 0 0)
(0.525 0 0)
(0.55 0 0)
(0.450602 0.0255336 0)
(0.475365 0.0251743 0)
(0.500276 0.0250103 0)
(0.525294 0.0248515 0)
(0.550442 0.0245342 0)
(0.451091 0.0508242 0)
(0.475881 0.0503727 0)
(0.500773 0.0500353 0)
(0.52578 0.049703 0)
(0.550888 0.0492643 0)
(0.451696 0.0761053 0)
(0.476499 0.075538 0)
(0.501395 0.0750626 0)
(0.526386 0.0745899 0)
(0.551466 0.074027 0)
(0.45238 0.101326 0)
(0.477205 0.100669 0)
(0.502107 0.100087 0)
(0.527087 0.0995079 0)
(0.552137 0.0988539 0)
(0.453127 0.126493 0)
(0.477973 0.125767 0)
(0.502882 0.125108 0)
(0.527854 0.124453 0)
(0.55288 0.123735 0)
(0.453917 0.151612 0)
(0.478779 0.150836 0)
(0.503695 0.150123 0)
(0.528661 0.14942 0)
(0.553669 0.148664 0)
(0.454736 0.176704 0)
(0.479607 0.17588 0)
(0.504525 0.175134 0)
(0.529486 0.174403 0)
(0.554485 0.173626 0)
(0.455611 0.201767 0)
(0.480459 0.200918 0)
(0.50534 0.200148 0)
(0.5303 0.199395 0)
(0.555305 0.198607 0)
)


// ************************************************************************* //
