/*--------------------------------*- C++ -*----------------------------------*\
| =========                 |                                                 |
| \\      /  F ield         | foam-extend: Open Source CFD                    |
|  \\    /   O peration     | Version:     3.1                                |
|   \\  /    A nd           | Web:         http://www.extend-project.de       |
|    \\/     M anipulation  |                                                 |
\*---------------------------------------------------------------------------*/
FoamFile
{
    version     2.0;
    format      ascii;
    class       vectorField;
    location    "3/polyMesh";
    object      points;
}
// * * * * * * * * * * * * * * * * * * * * * * * * * * * * * * * * * * * * * //


405
(
(0.45 0 -0.2)
(0.475 0 -0.2)
(0.5 0 -0.2)
(0.525 0 -0.2)
(0.55 0 -0.2)
(0.450917 0.0259682 -0.1996)
(0.475564 0.0253302 -0.19975)
(0.500436 0.0249793 -0.200024)
(0.5255 0.024621 -0.200305)
(0.550768 0.0239868 -0.200479)
(0.451835 0.0514252 -0.199733)
(0.476544 0.0505803 -0.199837)
(0.501392 0.0499757 -0.200045)
(0.526439 0.0493669 -0.200265)
(0.551619 0.0485168 -0.200409)
(0.45307 0.0768927 -0.199851)
(0.477793 0.0758161 -0.199913)
(0.502644 0.0749649 -0.200065)
(0.527663 0.0741087 -0.200231)
(0.552801 0.0730182 -0.200338)
(0.454462 0.102218 -0.200008)
(0.479224 0.100981 -0.200007)
(0.504083 0.0999442 -0.200082)
(0.529078 0.0989026 -0.200172)
(0.554159 0.0976529 -0.200218)
(0.455963 0.127434 -0.200156)
(0.480757 0.126089 -0.200095)
(0.505624 0.124915 -0.200098)
(0.5306 0.12374 -0.200115)
(0.555638 0.122387 -0.2001)
(0.457506 0.152556 -0.200283)
(0.482324 0.151148 -0.200171)
(0.507199 0.149881 -0.200114)
(0.532161 0.148617 -0.200068)
(0.557168 0.147211 -0.199998)
(0.459049 0.177621 -0.200384)
(0.483879 0.176174 -0.200238)
(0.508755 0.174847 -0.200133)
(0.533708 0.173526 -0.200037)
(0.5587 0.172099 -0.199925)
(0.460588 0.20265 -0.200448)
(0.485392 0.201187 -0.200285)
(0.510232 0.199823 -0.200153)
(0.535193 0.198461 -0.200029)
(0.560197 0.197025 -0.199899)
(0.45 0 -0.175)
(0.475 0 -0.175)
(0.5 0 -0.175)
(0.525 0 -0.175)
(0.55 0 -0.175)
(0.450988 0.0259182 -0.17477)
(0.47565 0.0252921 -0.174857)
(0.500547 0.0249888 -0.175019)
(0.525598 0.0246859 -0.175191)
(0.550854 0.0240679 -0.175298)
(0.451909 0.0514682 -0.174817)
(0.476638 0.0506145 -0.174892)
(0.501516 0.0499818 -0.175039)
(0.526549 0.0493481 -0.175198)
(0.551717 0.0484895 -0.175301)
(0.4531 0.0769416 -0.174911)
(0.477848 0.0758578 -0.174952)
(0.502728 0.0749709 -0.175056)
(0.527737 0.0740811 -0.175172)
(0.552859 0.0729847 -0.175246)
(0.454444 0.102275 -0.175028)
(0.479227 0.10103 -0.175022)
(0.504113 0.0999524 -0.175071)
(0.5291 0.0988717 -0.175132)
(0.554169 0.0976147 -0.17516)
(0.455892 0.127489 -0.175144)
(0.480705 0.126138 -0.175091)
(0.505598 0.124927 -0.175085)
(0.530568 0.123716 -0.175091)
(0.555595 0.122358 -0.175071)
(0.457388 0.152606 -0.175247)
(0.482224 0.151194 -0.175153)
(0.507122 0.149898 -0.1751)
(0.532079 0.148606 -0.175058)
(0.557077 0.147197 -0.174994)
(0.458894 0.177662 -0.175328)
(0.483739 0.176213 -0.175205)
(0.508636 0.174868 -0.175118)
(0.533586 0.17353 -0.17504)
(0.558571 0.172103 -0.174941)
(0.460416 0.202685 -0.175378)
(0.485234 0.20122 -0.175241)
(0.510093 0.199846 -0.175137)
(0.535051 0.198475 -0.175043)
(0.560048 0.197042 -0.17493)
(0.45 0 -0.15)
(0.475 0 -0.15)
(0.5 0 -0.15)
(0.525 0 -0.15)
(0.55 0 -0.15)
(0.45104 0.0259279 -0.149881)
(0.475683 0.0252919 -0.149928)
(0.500574 0.0249923 -0.150017)
(0.525629 0.0246931 -0.150113)
(0.550898 0.0240612 -0.150171)
(0.451967 0.0514599 -0.149904)
(0.476678 0.0506154 -0.149948)
(0.501549 0.0499873 -0.150034)
(0.526589 0.0493576 -0.150128)
(0.551772 0.0485041 -0.150186)
(0.453132 0.07693 -0.149964)
(0.477873 0.0758632 -0.149988)
(0.502751 0.0749782 -0.150049)
(0.527762 0.0740899 -0.150118)
(0.552888 0.073009 -0.150158)
(0.454445 0.102264 -0.150044)
(0.479225 0.101039 -0.150038)
(0.50411 0.0999624 -0.150063)
(0.529097 0.0988832 -0.150095)
(0.554167 0.0976454 -0.150105)
(0.455858 0.127482 -0.150126)
(0.48067 0.126149 -0.150088)
(0.505563 0.124941 -0.150076)
(0.530531 0.123732 -0.15007)
(0.555557 0.122394 -0.150047)
(0.457321 0.152604 -0.150201)
(0.482156 0.151208 -0.150135)
(0.507055 0.149915 -0.15009)
(0.53201 0.148626 -0.15005)
(0.557005 0.147237 -0.149996)
(0.458798 0.177668 -0.150262)
(0.483645 0.176229 -0.150175)
(0.508543 0.174888 -0.150106)
(0.53349 0.173555 -0.150042)
(0.55847 0.172146 -0.149963)
(0.460304 0.202697 -0.150297)
(0.485124 0.201238 -0.150202)
(0.509984 0.199867 -0.150125)
(0.534936 0.198504 -0.150056)
(0.559926 0.197086 -0.149969)
(0.45 0 -0.125)
(0.475 0 -0.125)
(0.5 0 -0.125)
(0.525 0 -0.125)
(0.55 0 -0.125)
(0.451065 0.025934 -0.124947)
(0.475693 0.0252922 -0.124968)
(0.500577 0.0249943 -0.125015)
(0.525635 0.0246964 -0.125066)
(0.550914 0.0240584 -0.125093)
(0.451992 0.0514496 -0.124963)
(0.47669 0.0506122 -0.124982)
(0.501553 0.0499917 -0.125029)
(0.526597 0.0493692 -0.12508)
(0.55179 0.0485214 -0.125107)
(0.453146 0.0769121 -0.125003)
(0.477878 0.0758596 -0.12501)
(0.502749 0.0749853 -0.125042)
(0.527761 0.0741074 -0.125078)
(0.552896 0.0730403 -0.125093)
(0.45444 0.102244 -0.125056)
(0.479214 0.101036 -0.125045)
(0.504094 0.0999724 -0.125054)
(0.529081 0.0989057 -0.125066)
(0.554155 0.0976859 -0.125063)
(0.455831 0.127464 -0.125113)
(0.480639 0.12615 -0.125082)
(0.505528 0.124954 -0.125065)
(0.530495 0.123758 -0.125052)
(0.555522 0.12244 -0.125027)
(0.457271 0.152593 -0.125167)
(0.482105 0.151213 -0.125116)
(0.507 0.149931 -0.125078)
(0.531954 0.148655 -0.125042)
(0.556947 0.147286 -0.124996)
(0.458728 0.177666 -0.125211)
(0.483575 0.176239 -0.125146)
(0.508471 0.174907 -0.125093)
(0.533415 0.173587 -0.125041)
(0.55839 0.172196 -0.124977)
(0.460221 0.202703 -0.125237)
(0.485043 0.201252 -0.125166)
(0.5099 0.199889 -0.12511)
(0.534845 0.198537 -0.125058)
(0.559827 0.197136 -0.12499)
(0.45 0 -0.1)
(0.475 0 -0.1)
(0.5 0 -0.1)
(0.525 0 -0.1)
(0.55 0 -0.1)
(0.451075 0.0259359 -0.0999804)
(0.475694 0.0252922 -0.0999885)
(0.500573 0.0249958 -0.100012)
(0.525632 0.0246995 -0.100037)
(0.550917 0.024061 -0.100049)
(0.452001 0.0514418 -0.0999949)
(0.476689 0.0506096 -0.1)
(0.501546 0.0499956 -0.100023)
(0.526591 0.0493796 -0.100049)
(0.551791 0.048537 -0.100059)
(0.453148 0.0768982 -0.100023)
(0.477871 0.075856 -0.10002)
(0.502737 0.0749918 -0.100034)
(0.52775 0.0741241 -0.10005)
(0.55289 0.0730672 -0.100051)
(0.45443 0.102228 -0.100059)
(0.479197 0.101033 -0.100045)
(0.504073 0.0999818 -0.100044)
(0.52906 0.0989275 -0.100044)
(0.554138 0.0977213 -0.100034)
(0.455807 0.127449 -0.100098)
(0.480611 0.126149 -0.100071)
(0.505496 0.124966 -0.100053)
(0.530462 0.123784 -0.100037)
(0.555491 0.122481 -0.100013)
(0.457232 0.152582 -0.100135)
(0.482063 0.151215 -0.100095)
(0.506956 0.149946 -0.100064)
(0.531907 0.148684 -0.100033)
(0.5569 0.14733 -0.0999946)
(0.458675 0.177661 -0.100167)
(0.483521 0.176245 -0.100118)
(0.508414 0.174924 -0.100076)
(0.533355 0.173617 -0.100036)
(0.558328 0.172241 -0.0999856)
(0.460158 0.202705 -0.100186)
(0.484978 0.201263 -0.100133)
(0.509832 0.199909 -0.100092)
(0.534771 0.198568 -0.100053)
(0.559749 0.197182 -0.1)
(0.45 0 -0.075)
(0.475 0 -0.075)
(0.5 0 -0.075)
(0.525 0 -0.075)
(0.55 0 -0.075)
(0.451078 0.0259357 -0.074996)
(0.475692 0.0252921 -0.0749979)
(0.500568 0.024997 -0.0750087)
(0.525627 0.0247022 -0.0750208)
(0.550915 0.0240654 -0.075025)
(0.452002 0.0514362 -0.0750081)
(0.476684 0.0506082 -0.0750074)
(0.501537 0.0499989 -0.0750174)
(0.526583 0.0493877 -0.0750289)
(0.551786 0.0485497 -0.0750307)
(0.453144 0.0768891 -0.0750275)
(0.477861 0.0758539 -0.0750214)
(0.502723 0.0749973 -0.0750254)
(0.527736 0.0741374 -0.0750305)
(0.552879 0.0730879 -0.0750267)
(0.454418 0.102217 -0.0750518)
(0.47918 0.101032 -0.0750382)
(0.504053 0.0999896 -0.0750328)
(0.52904 0.0989452 -0.0750285)
(0.55412 0.0977484 -0.0750167)
(0.455786 0.127439 -0.0750781)
(0.480586 0.126149 -0.075056)
(0.505468 0.124976 -0.0750404)
(0.530434 0.123805 -0.0750255)
(0.555464 0.122513 -0.0750046)
(0.457201 0.152574 -0.0751038)
(0.482029 0.151217 -0.0750734)
(0.50692 0.149958 -0.0750486)
(0.53187 0.148707 -0.0750242)
(0.556863 0.147365 -0.0749942)
(0.458634 0.177657 -0.0751262)
(0.483478 0.17625 -0.0750891)
(0.508369 0.174938 -0.0750586)
(0.533308 0.173642 -0.0750281)
(0.55828 0.172278 -0.0749903)
(0.460109 0.202704 -0.0751388)
(0.484927 0.20127 -0.0750999)
(0.509778 0.199925 -0.0750704)
(0.534714 0.198594 -0.075042)
(0.55969 0.19722 -0.0750031)
(0.45 0 -0.05)
(0.475 0 -0.05)
(0.5 0 -0.05)
(0.525 0 -0.05)
(0.55 0 -0.05)
(0.451079 0.0259348 -0.0500015)
(0.475689 0.025292 -0.0500012)
(0.500564 0.024998 -0.0500057)
(0.525623 0.0247042 -0.0500109)
(0.550912 0.0240695 -0.0500118)
(0.452 0.0514325 -0.0500102)
(0.476679 0.0506074 -0.0500078)
(0.501529 0.0500014 -0.0500115)
(0.526575 0.0493936 -0.0500159)
(0.55178 0.0485591 -0.0500149)
(0.453138 0.0768835 -0.0500228)
(0.477851 0.075853 -0.0500169)
(0.502711 0.0750015 -0.0500168)
(0.527725 0.0741468 -0.0500174)
(0.552869 0.0731023 -0.0500127)
(0.454408 0.102211 -0.050038)
(0.479167 0.101031 -0.0500275)
(0.504037 0.0999955 -0.0500219)
(0.529024 0.0989577 -0.0500169)
(0.554105 0.0977672 -0.0500073)
(0.455769 0.127433 -0.0500544)
(0.480567 0.126149 -0.0500388)
(0.505447 0.124984 -0.0500271)
(0.530413 0.12382 -0.0500157)
(0.555443 0.122535 -0.0500007)
(0.457178 0.152569 -0.0500706)
(0.482004 0.151219 -0.0500499)
(0.506893 0.149967 -0.0500328)
(0.531843 0.148724 -0.0500158)
(0.556836 0.147389 -0.0499952)
(0.458604 0.177654 -0.0500848)
(0.483447 0.176253 -0.05006)
(0.508336 0.174949 -0.0500396)
(0.533275 0.17366 -0.0500192)
(0.558246 0.172305 -0.0499938)
(0.460073 0.202704 -0.0500928)
(0.48489 0.201275 -0.050067)
(0.509739 0.199937 -0.0500476)
(0.534673 0.198613 -0.050029)
(0.559647 0.197247 -0.050003)
(0.45 0 -0.025)
(0.475 0 -0.025)
(0.5 0 -0.025)
(0.525 0 -0.025)
(0.55 0 -0.025)
(0.451079 0.0259341 -0.0250019)
(0.475688 0.025292 -0.0250013)
(0.500562 0.0249986 -0.0250028)
(0.52562 0.0247055 -0.0250046)
(0.55091 0.0240724 -0.0250046)
(0.451998 0.0514304 -0.0250064)
(0.476675 0.0506072 -0.0250047)
(0.501524 0.0500029 -0.0250057)
(0.526569 0.0493971 -0.0250071)
(0.551775 0.0485647 -0.025006)
(0.453134 0.0768805 -0.0250126)
(0.477845 0.0758526 -0.0250092)
(0.502704 0.0750041 -0.0250084)
(0.527717 0.0741525 -0.0250079)
(0.552862 0.0731108 -0.025005)
(0.4544 0.102208 -0.02502)
(0.479158 0.101031 -0.0250143)
(0.504027 0.0999992 -0.025011)
(0.529013 0.0989652 -0.0250078)
(0.554096 0.0977783 -0.0250025)
(0.455759 0.12743 -0.0250279)
(0.480555 0.12615 -0.0250198)
(0.505435 0.124988 -0.0250136)
(0.5304 0.123829 -0.0250075)
(0.55543 0.122548 -0.0249996)
(0.457163 0.152566 -0.0250357)
(0.481989 0.15122 -0.0250252)
(0.506877 0.149973 -0.0250165)
(0.531827 0.148734 -0.0250078)
(0.556819 0.147404 -0.0249973)
(0.458586 0.177652 -0.0250427)
(0.483427 0.176255 -0.0250302)
(0.508316 0.174955 -0.0250199)
(0.533254 0.173671 -0.0250097)
(0.558225 0.17232 -0.0249969)
(0.460051 0.202703 -0.0250466)
(0.484868 0.201278 -0.0250337)
(0.509715 0.199944 -0.025024)
(0.534648 0.198625 -0.0250147)
(0.559621 0.197264 -0.0250017)
(0.45 0 0)
(0.475 0 0)
(0.5 0 0)
(0.525 0 0)
(0.55 0 0)
(0.451079 0.0259338 0)
(0.475687 0.025292 0)
(0.500561 0.0249988 0)
(0.525619 0.024706 0)
(0.550909 0.0240734 0)
(0.451998 0.0514297 0)
(0.476673 0.0506071 0)
(0.501523 0.0500035 0)
(0.526568 0.0493983 0)
(0.551774 0.0485666 0)
(0.453132 0.0768795 0)
(0.477843 0.0758526 0)
(0.502701 0.075005 0)
(0.527714 0.0741543 0)
(0.55286 0.0731136 0)
(0.454398 0.102207 0)
(0.479154 0.101031 0)
(0.504023 0.1 0)
(0.52901 0.0989677 0)
(0.554092 0.0977819 0)
(0.455755 0.127429 0)
(0.480551 0.12615 0)
(0.50543 0.12499 0)
(0.530395 0.123832 0)
(0.555426 0.122553 0)
(0.457159 0.152565 0)
(0.481983 0.151221 0)
(0.506872 0.149975 0)
(0.531821 0.148737 0)
(0.556814 0.147409 0)
(0.45858 0.177652 0)
(0.483421 0.176256 0)
(0.50831 0.174957 0)
(0.533247 0.173674 0)
(0.558218 0.172326 0)
(0.460044 0.202703 0)
(0.48486 0.201279 0)
(0.509707 0.199946 0)
(0.53464 0.198629 0)
(0.559613 0.197269 0)
)


// ************************************************************************* //
