/*--------------------------------*- C++ -*----------------------------------*\
| =========                 |                                                 |
| \\      /  F ield         | foam-extend: Open Source CFD                    |
|  \\    /   O peration     | Version:     3.1                                |
|   \\  /    A nd           | Web:         http://www.extend-project.de       |
|    \\/     M anipulation  |                                                 |
\*---------------------------------------------------------------------------*/
FoamFile
{
    version     2.0;
    format      ascii;
    class       volScalarField;
    location    "0.0006";
    object      sigmaEq;
}
// * * * * * * * * * * * * * * * * * * * * * * * * * * * * * * * * * * * * * //

dimensions      [1 -1 -2 0 0 0 0];

internalField   nonuniform List<scalar> 
6400
(
3699.4
3220.47
2953.03
2951.95
3685.22
3213.42
2948.64
2958.56
3683.59
3212.23
2947.97
2958.65
3682.72
3211.63
2947.47
2958.08
3682.14
3211.14
2946.94
2957.26
3681.7
3210.7
2946.38
2956.33
3681.37
3210.3
2945.82
2955.39
3681.15
3209.95
2945.31
2954.54
3681.01
3209.63
2944.86
2953.85
3680.89
3209.4
2944.58
2953.45
3680.89
3209.4
2944.58
2953.45
3681.01
3209.63
2944.86
2953.85
3681.15
3209.95
2945.31
2954.54
3681.37
3210.3
2945.82
2955.39
3681.7
3210.7
2946.38
2956.33
3682.14
3211.14
2946.94
2957.26
3682.72
3211.63
2947.48
2958.08
3683.6
3212.23
2947.97
2958.65
3685.22
3213.42
2948.64
2958.56
3699.4
3220.47
2953.03
2951.95
2136.09
2552.98
2362.8
1442.48
2146.44
2553.78
2352.66
1419.06
2145.25
2553.02
2351.87
1418.83
2144.65
2552.44
2351.32
1418.5
2144.34
2551.89
2350.74
1418.1
2144.22
2551.38
2350.18
1417.7
2144.23
2550.95
2349.67
1417.35
2144.32
2550.61
2349.26
1417.06
2144.49
2550.35
2348.94
1416.85
2145
2550.22
2348.76
1416.73
2145
2550.22
2348.76
1416.73
2144.49
2550.35
2348.94
1416.85
2144.32
2550.61
2349.26
1417.06
2144.23
2550.95
2349.67
1417.35
2144.22
2551.38
2350.18
1417.7
2144.35
2551.89
2350.74
1418.1
2144.65
2552.44
2351.32
1418.5
2145.25
2553.02
2351.88
1418.83
2146.44
2553.78
2352.66
1419.06
2136.09
2552.98
2362.8
1442.48
2437.84
2215.39
2009.4
1898.4
2434.75
2210.13
2001.9
1894.84
2433.83
2209.82
2001.62
1895.99
2433.73
2209.65
2001.48
1896.16
2433.98
2209.54
2001.26
1896.07
2434.44
2209.47
2000.98
1895.86
2435.02
2209.43
2000.67
1895.64
2435.67
2209.45
2000.41
1895.45
2436.37
2209.54
2000.22
1895.3
2437.37
2209.7
2000.13
1895.21
2437.37
2209.7
2000.13
1895.21
2436.37
2209.54
2000.22
1895.3
2435.67
2209.45
2000.41
1895.45
2435.02
2209.43
2000.67
1895.64
2434.44
2209.47
2000.98
1895.86
2433.98
2209.54
2001.26
1896.07
2433.73
2209.65
2001.48
1896.16
2433.83
2209.82
2001.62
1895.99
2434.75
2210.13
2001.9
1894.84
2437.84
2215.39
2009.4
1898.4
2810.73
2315.9
2085.07
2225.61
2801.83
2307.87
2080.18
2226.35
2800.73
2307.58
2080.24
2227.88
2800.57
2307.53
2080.26
2228.06
2800.9
2307.75
2080.27
2227.75
2801.58
2308.12
2080.24
2227.2
2802.45
2308.59
2080.18
2226.57
2803.43
2309.09
2080.13
2225.96
2804.43
2309.59
2080.11
2225.46
2805.55
2310
2080.11
2225.17
2805.55
2310
2080.11
2225.17
2804.43
2309.59
2080.11
2225.46
2803.43
2309.09
2080.13
2225.96
2802.45
2308.59
2080.18
2226.57
2801.58
2308.13
2080.24
2227.2
2800.9
2307.75
2080.27
2227.75
2800.57
2307.53
2080.26
2228.06
2800.73
2307.58
2080.24
2227.88
2801.83
2307.87
2080.18
2226.35
2810.73
2315.9
2085.07
2225.61
2635.85
2295.75
2091.8
2079.96
2630.92
2290.37
2087.12
2076.45
2630.04
2290.27
2087.12
2077.5
2629.79
2290.17
2087.01
2077.39
2630
2290.33
2086.92
2076.79
2630.6
2290.7
2086.82
2075.89
2631.49
2291.23
2086.73
2074.83
2632.55
2291.84
2086.65
2073.77
2633.65
2292.44
2086.61
2072.89
2634.74
2292.88
2086.6
2072.36
2634.74
2292.88
2086.6
2072.36
2633.65
2292.44
2086.61
2072.89
2632.55
2291.84
2086.65
2073.77
2631.49
2291.23
2086.73
2074.83
2630.6
2290.71
2086.82
2075.89
2630
2290.33
2086.92
2076.79
2629.79
2290.17
2087.01
2077.39
2630.04
2290.27
2087.12
2077.5
2630.92
2290.37
2087.12
2076.45
2635.85
2295.75
2091.8
2079.96
2090.33
1978.23
1831.7
1656.28
2091.68
1976.44
1827.51
1648.88
2091.2
1976.49
1827.36
1649.29
2090.98
1976.27
1827.05
1649
2091.06
1976.14
1826.68
1648.3
2091.48
1976.14
1826.26
1647.31
2092.2
1976.27
1825.82
1646.12
2093.12
1976.49
1825.41
1644.88
2094.09
1976.76
1825.09
1643.81
2094.99
1976.98
1824.91
1643.16
2094.99
1976.98
1824.91
1643.16
2094.09
1976.76
1825.09
1643.81
2093.12
1976.49
1825.41
1644.88
2092.2
1976.27
1825.82
1646.12
2091.48
1976.14
1826.26
1647.31
2091.06
1976.14
1826.68
1648.3
2090.98
1976.27
1827.05
1649
2091.2
1976.49
1827.36
1649.29
2091.68
1976.45
1827.51
1648.88
2090.33
1978.23
1831.7
1656.28
1523.01
1473.54
1374.53
1211.94
1526.74
1473.71
1372.1
1206.48
1526.48
1473.8
1371.92
1206.6
1526.32
1473.54
1371.58
1206.4
1526.33
1473.21
1371.08
1205.92
1526.6
1472.9
1370.46
1205.17
1527.12
1472.65
1369.78
1204.2
1527.81
1472.47
1369.1
1203.15
1528.53
1472.37
1368.54
1202.21
1529.14
1472.34
1368.21
1201.63
1529.14
1472.34
1368.21
1201.63
1528.53
1472.37
1368.54
1202.21
1527.81
1472.47
1369.1
1203.15
1527.12
1472.65
1369.78
1204.2
1526.6
1472.9
1370.46
1205.17
1526.33
1473.21
1371.08
1205.92
1526.32
1473.54
1371.58
1206.4
1526.48
1473.8
1371.92
1206.6
1526.74
1473.71
1372.1
1206.48
1523.01
1473.54
1374.53
1211.94
1149.63
1005.97
921.104
886.929
1151.18
1006.21
920.898
886.933
1150.84
1006.26
920.827
887.046
1150.65
1006.13
920.678
887.053
1150.6
1005.9
920.367
886.838
1150.73
1005.66
919.924
886.392
1151.05
1005.45
919.395
885.755
1151.49
1005.27
918.846
885.025
1151.95
1005.13
918.367
884.349
1152.32
1005.06
918.081
883.929
1152.32
1005.06
918.081
883.929
1151.95
1005.13
918.368
884.349
1151.49
1005.27
918.846
885.025
1151.05
1005.45
919.396
885.756
1150.73
1005.66
919.925
886.392
1150.6
1005.9
920.368
886.839
1150.65
1006.13
920.678
887.053
1150.84
1006.26
920.828
887.046
1151.18
1006.21
920.898
886.934
1149.63
1005.97
921.105
886.93
926.051
715.172
619.908
659.528
925.524
714.728
620.818
662.336
925.09
714.712
620.828
662.409
924.821
714.735
620.906
662.474
924.667
714.722
620.893
662.366
924.644
714.73
620.794
662.063
924.765
714.774
620.632
661.604
924.99
714.841
620.436
661.069
925.25
714.907
620.252
660.58
925.474
714.954
620.137
660.279
925.474
714.954
620.138
660.279
925.25
714.907
620.252
660.58
924.99
714.842
620.436
661.07
924.765
714.775
620.632
661.604
924.645
714.731
620.795
662.063
924.667
714.723
620.893
662.367
924.822
714.736
620.907
662.475
925.091
714.713
620.828
662.41
925.525
714.729
620.819
662.336
926.051
715.173
619.909
659.529
740.493
560.864
463.302
477.749
739.902
560.169
463.778
479.86
739.52
560.1
463.738
479.81
739.247
560.151
463.865
479.845
739.05
560.197
463.96
479.777
738.939
560.274
464.013
479.562
738.936
560.393
464.031
479.224
739.025
560.537
464.023
478.828
739.17
560.675
464.004
478.469
739.322
560.769
463.991
478.251
739.322
560.769
463.991
478.251
739.171
560.675
464.005
478.469
739.025
560.537
464.024
478.828
738.936
560.393
464.031
479.224
738.939
560.275
464.014
479.562
739.05
560.198
463.961
479.777
739.248
560.152
463.865
479.845
739.521
560.1
463.739
479.81
739.902
560.17
463.779
479.861
740.494
560.865
463.303
477.749
571.883
451.77
368.288
340.426
571.939
451.194
368.05
340.889
571.676
451.115
367.945
340.763
571.476
451.145
368.028
340.8
571.318
451.161
368.103
340.812
571.213
451.193
368.151
340.734
571.183
451.251
368.176
340.566
571.225
451.333
368.183
340.347
571.321
451.419
368.181
340.138
571.442
451.484
368.179
340.009
571.442
451.484
368.179
340.009
571.321
451.42
368.181
340.138
571.225
451.333
368.183
340.347
571.183
451.252
368.176
340.566
571.214
451.193
368.152
340.734
571.319
451.162
368.103
340.812
571.476
451.145
368.028
340.801
571.676
451.116
367.946
340.764
571.939
451.195
368.051
340.889
571.883
451.771
368.289
340.426
438.39
360.712
296.713
256.013
438.842
360.283
296.18
255.492
438.673
360.223
296.067
255.381
438.552
360.245
296.122
255.444
438.459
360.251
296.18
255.527
438.399
360.259
296.22
255.567
438.389
360.28
296.239
255.545
438.429
360.316
296.243
255.476
438.51
360.36
296.24
255.394
438.618
360.397
296.237
255.338
438.618
360.397
296.237
255.338
438.511
360.36
296.24
255.394
438.429
360.316
296.244
255.477
438.389
360.281
296.24
255.545
438.399
360.26
296.22
255.567
438.459
360.252
296.181
255.528
438.552
360.246
296.122
255.444
438.673
360.224
296.068
255.381
438.841
360.284
296.18
255.492
438.39
360.712
296.714
256.013
342.882
289.043
242.057
207.518
343.396
288.72
241.528
206.764
343.278
288.681
241.436
206.693
343.202
288.7
241.475
206.755
343.15
288.707
241.522
206.842
343.123
288.714
241.557
206.905
343.132
288.728
241.575
206.926
343.176
288.749
241.58
206.909
343.248
288.776
241.577
206.872
343.342
288.801
241.573
206.842
343.342
288.801
241.573
206.842
343.248
288.776
241.577
206.872
343.176
288.749
241.58
206.909
343.132
288.728
241.576
206.926
343.123
288.715
241.557
206.905
343.149
288.708
241.522
206.842
343.201
288.7
241.475
206.755
343.277
288.681
241.436
206.694
343.396
288.72
241.528
206.764
342.882
289.043
242.057
207.519
273.871
233.49
198.437
171.837
274.309
233.247
198
171.137
274.216
233.22
197.926
171.087
274.159
233.23
197.946
171.126
274.124
233.232
197.974
171.18
274.111
233.235
197.993
171.216
274.126
233.242
197.999
171.219
274.167
233.254
197.994
171.194
274.229
233.271
197.983
171.154
274.308
233.287
197.975
171.124
274.308
233.287
197.976
171.124
274.229
233.271
197.984
171.154
274.167
233.255
197.994
171.194
274.125
233.242
197.999
171.219
274.11
233.235
197.993
171.216
274.123
233.232
197.975
171.181
274.158
233.23
197.947
171.126
274.216
233.22
197.926
171.087
274.308
233.247
198
171.137
273.87
233.491
198.437
171.837
220.882
188.512
161.074
140.039
221.218
188.325
160.73
139.458
221.143
188.304
160.669
139.416
221.095
188.305
160.674
139.435
221.067
188.3
160.684
139.462
221.059
188.296
160.686
139.471
221.075
188.297
160.679
139.455
221.112
188.302
160.663
139.416
221.164
188.311
160.645
139.37
221.228
188.32
160.633
139.337
221.228
188.32
160.633
139.337
221.164
188.311
160.645
139.37
221.112
188.302
160.663
139.416
221.075
188.297
160.679
139.455
221.058
188.296
160.686
139.471
221.066
188.3
160.684
139.462
221.094
188.305
160.674
139.435
221.142
188.304
160.669
139.416
221.217
188.325
160.73
139.458
220.88
188.512
161.074
140.039
178.487
151.374
128.983
112.032
178.73
151.224
128.714
111.577
178.669
151.206
128.664
111.541
178.629
151.203
128.663
111.55
178.606
151.196
128.664
111.563
178.6
151.19
128.659
111.56
178.615
151.189
128.646
111.537
178.647
151.191
128.628
111.496
178.69
151.197
128.609
111.451
178.741
151.203
128.597
111.42
178.741
151.203
128.597
111.42
178.69
151.196
128.609
111.451
178.646
151.191
128.628
111.496
178.614
151.188
128.646
111.537
178.599
151.19
128.659
111.56
178.604
151.195
128.664
111.563
178.627
151.203
128.663
111.55
178.667
151.206
128.664
111.541
178.728
151.223
128.714
111.577
178.485
151.374
128.983
112.032
143.975
121.074
102.488
88.7736
144.147
120.947
102.277
88.4269
144.097
120.933
102.237
88.3969
144.064
120.93
102.235
88.4031
144.045
120.923
102.235
88.4107
144.04
120.919
102.23
88.4056
144.052
120.918
102.219
88.3837
144.078
120.921
102.204
88.3485
144.114
120.927
102.188
88.3098
144.154
120.933
102.178
88.2834
144.154
120.933
102.178
88.2834
144.113
120.926
102.188
88.3097
144.078
120.921
102.204
88.3484
144.051
120.918
102.219
88.3837
144.039
120.918
102.229
88.4057
144.043
120.923
102.235
88.4108
144.062
120.929
102.235
88.4031
144.095
120.932
102.237
88.3969
144.145
120.946
102.277
88.4268
143.973
121.073
102.488
88.7735
115.725
96.6978
81.3341
70.2059
115.85
96.5901
81.1651
69.9387
115.81
96.5784
81.1333
69.9149
115.782
96.5765
81.133
69.9208
115.766
96.5719
81.1338
69.9275
115.762
96.5692
81.1308
69.9238
115.771
96.5699
81.1235
69.9065
115.791
96.5738
81.1129
69.8787
115.82
96.5794
81.1018
69.8481
115.852
96.5851
81.0945
69.8273
115.852
96.5851
81.0945
69.8273
115.819
96.5793
81.1017
69.848
115.791
96.5735
81.1128
69.8786
115.769
96.5695
81.1234
69.9065
115.76
96.5686
81.1307
69.9238
115.764
96.5712
81.1336
69.9275
115.78
96.5757
81.1327
69.9207
115.808
96.5775
81.133
69.9148
115.848
96.5892
81.1648
69.9386
115.723
96.697
81.3337
70.2057
92.668
77.1967
64.6615
55.6264
92.7639
77.1066
64.5244
55.415
92.7311
77.0971
64.4994
55.3964
92.7084
77.0961
64.5003
55.4024
92.6947
77.093
64.5022
55.4092
92.6904
77.0913
64.501
55.4075
92.6969
77.0925
64.4964
55.395
92.7127
77.0963
64.4892
55.374
92.7349
77.1014
64.4814
55.3506
92.7606
77.1065
64.4763
55.3347
92.7605
77.1064
64.4763
55.3346
92.7345
77.1013
64.4814
55.3506
92.7119
77.096
64.4891
55.3739
92.6956
77.092
64.4963
55.395
92.6887
77.0907
64.5009
55.4076
92.6927
77.0921
64.502
55.4092
92.7062
77.0952
64.5
55.4024
92.7288
77.0961
64.499
55.3963
92.7615
77.1056
64.524
55.4149
92.6656
77.1957
64.6611
55.6262
73.9977
61.6075
51.5086
44.2017
74.0738
61.5335
51.397
44.0312
74.0474
61.5258
51.3773
44.0168
74.029
61.5254
51.3788
44.0226
74.0177
61.5231
51.381
44.0291
74.0138
61.5219
51.3808
44.0289
74.0184
61.523
51.3778
44.02
74.0305
61.5261
51.3727
44.0043
74.0479
61.5303
51.367
43.9865
74.0683
61.5344
51.3632
43.9742
74.0681
61.5344
51.3631
43.9742
74.0474
61.5301
51.3669
43.9864
74.0296
61.5257
51.3726
44.0042
74.0171
61.5224
51.3776
44.02
74.012
61.5212
51.3806
44.0289
74.0156
61.5222
51.3807
44.0291
74.0267
61.5244
51.3784
44.0226
74.045
61.5248
51.3769
44.0168
74.0714
61.5324
51.3966
44.0311
73.9952
61.6064
51.5082
44.2015
59.0022
49.1464
41.0759
35.2012
59.0635
49.0865
40.9853
35.063
59.0423
49.0804
40.9697
35.0519
59.0275
49.0801
40.9712
35.057
59.0183
49.0783
40.9733
35.0629
59.0148
49.0773
40.9734
35.0633
59.0182
49.078
40.9712
35.0569
59.0275
49.0803
40.9673
35.0449
59.0411
49.0836
40.9629
35.0311
59.0574
49.0868
40.9599
35.0216
59.0573
49.0868
40.9599
35.0215
59.0406
49.0834
40.9628
35.031
59.0266
49.08
40.9672
35.0448
59.0169
49.0775
40.971
35.0569
59.0131
49.0766
40.9732
35.0634
59.0162
49.0774
40.973
35.0629
59.0252
49.0791
40.9709
35.057
59.04
49.0794
40.9693
35.0519
59.0612
49.0855
40.9849
35.0629
58.9998
49.1454
41.0755
35.2011
47.0224
39.1893
32.7613
28.061
47.0717
39.1412
32.6882
27.9493
47.0545
39.1362
32.6759
27.9406
47.0426
39.136
32.6772
27.9449
47.0351
39.1344
32.6789
27.9498
47.0322
39.1335
32.679
27.9504
47.0347
39.1339
32.6772
27.9455
47.0419
39.1356
32.6741
27.9361
47.0526
39.138
32.6705
27.9253
47.0656
39.1405
32.6681
27.9177
47.0655
39.1405
32.6681
27.9177
47.0522
39.1378
32.6705
27.9252
47.0411
39.1353
32.674
27.9361
47.0334
39.1334
32.6771
27.9456
47.0305
39.1328
32.6788
27.9505
47.0331
39.1336
32.6787
27.9499
47.0404
39.1351
32.6769
27.945
47.0523
39.1353
32.6756
27.9406
47.0694
39.1402
32.6879
27.9492
47.0201
39.1883
32.761
28.0609
37.4731
31.2367
26.1187
22.3686
37.5124
31.1981
26.06
22.2788
37.4986
31.1941
26.0502
22.272
37.4889
31.1938
26.0512
22.2755
37.4828
31.1925
26.0525
22.2795
37.4804
31.1916
26.0526
22.28
37.4822
31.1918
26.0511
22.2762
37.4878
31.193
26.0485
22.2687
37.4963
31.1948
26.0455
22.26
37.5067
31.1968
26.0436
22.2539
37.5066
31.1967
26.0435
22.2539
37.4959
31.1947
26.0455
22.26
37.4871
31.1927
26.0484
22.2687
37.481
31.1913
26.051
22.2762
37.4789
31.191
26.0524
22.2802
37.481
31.1918
26.0524
22.2796
37.4869
31.193
26.051
22.2756
37.4965
31.1932
26.0499
22.272
37.5104
31.1972
26.0598
22.2788
37.4711
31.2358
26.1184
22.3685
29.8636
24.8884
20.8099
17.8221
29.8948
24.8574
20.763
17.7503
29.8836
24.8542
20.7551
17.7449
29.8757
24.8539
20.7559
17.7478
29.8707
24.8527
20.7569
17.751
29.8687
24.852
20.7569
17.7514
29.87
24.852
20.7557
17.7483
29.8745
24.8529
20.7535
17.7423
29.8812
24.8543
20.7511
17.7353
29.8895
24.8558
20.7495
17.7305
29.8894
24.8557
20.7495
17.7305
29.8808
24.8541
20.7511
17.7353
29.8738
24.8526
20.7535
17.7423
29.869
24.8516
20.7556
17.7484
29.8673
24.8514
20.7568
17.7516
29.8691
24.8521
20.7568
17.7511
29.874
24.8532
20.7558
17.748
29.8817
24.8534
20.7549
17.7451
29.893
24.8566
20.7628
17.7504
29.8618
24.8876
20.8097
17.8221
23.7975
19.8236
16.5709
14.1919
23.8221
19.7987
16.5334
14.1348
23.813
19.7961
16.5271
14.1305
23.8067
19.7959
16.5278
14.1328
23.8026
19.7949
16.5286
14.1354
23.8009
19.7942
16.5285
14.1357
23.8019
19.7942
16.5275
14.1332
23.8054
19.7949
16.5257
14.1284
23.8108
19.7959
16.5238
14.1228
23.8174
19.7971
16.5225
14.1189
23.8173
19.7971
16.5225
14.1189
23.8105
19.7958
16.5238
14.1228
23.8048
19.7947
16.5257
14.1285
23.801
19.7939
16.5275
14.1334
23.7997
19.7938
16.5285
14.1359
23.8012
19.7943
16.5285
14.1356
23.8052
19.7952
16.5277
14.133
23.8115
19.7955
16.527
14.1307
23.8206
19.7981
16.5333
14.1349
23.7959
19.8229
16.5708
14.192
18.9601
15.7851
13.1901
11.2966
18.9796
15.7651
13.1601
11.2512
18.9723
15.7631
13.1552
11.2479
18.9672
15.7629
13.1557
11.2497
18.9639
15.7621
13.1564
11.2518
18.9625
15.7615
13.1564
11.2521
18.9633
15.7615
13.1556
11.2501
18.966
15.7621
13.1542
11.2463
18.9703
15.7629
13.1526
11.2418
18.9757
15.7639
13.1516
11.2387
18.9756
15.7638
13.1516
11.2387
18.97
15.7628
13.1526
11.2419
18.9655
15.7619
13.1542
11.2464
18.9625
15.7613
13.1555
11.2503
18.9615
15.7612
13.1563
11.2523
18.9627
15.7616
13.1564
11.2521
18.9658
15.7623
13.1557
11.25
18.9709
15.7625
13.1552
11.2481
18.9783
15.7646
13.1601
11.2514
18.9588
15.7846
13.1901
11.2968
15.1025
12.5665
10.4964
8.98982
15.1179
12.5505
10.4725
8.95378
15.1121
12.5489
10.4686
8.95113
15.108
12.5487
10.4691
8.95267
15.1054
12.5482
10.4697
8.95435
15.1043
12.5478
10.4697
8.95462
15.105
12.5478
10.4691
8.95307
15.1072
12.5482
10.468
8.95003
15.1106
12.5489
10.4667
8.94647
15.1149
12.5497
10.4659
8.94399
15.1148
12.5497
10.4659
8.944
15.1104
12.5489
10.4668
8.94651
15.1067
12.5481
10.468
8.95012
15.1043
12.5475
10.4691
8.95324
15.1034
12.5474
10.4697
8.95487
15.1043
12.5477
10.4697
8.95464
15.1068
12.5483
10.4691
8.95296
15.1109
12.5484
10.4686
8.95141
15.1168
12.5501
10.4725
8.95403
15.1014
12.5661
10.4965
8.99004
12.0271
10.0023
8.35154
7.15304
12.0393
9.98956
8.33246
7.12442
12.0346
9.98829
8.32939
7.12235
12.0314
9.98824
8.32982
7.12361
12.0294
9.98783
8.33033
7.125
12.0286
9.98757
8.33038
7.12525
12.0291
9.98763
8.32993
7.12405
12.0309
9.98802
8.3291
7.12165
12.0337
9.98862
8.32814
7.11883
12.0372
9.98926
8.3275
7.11686
12.0371
9.98923
8.32751
7.11687
12.0335
9.98854
8.32815
7.11887
12.0305
9.98786
8.32911
7.12175
12.0285
9.98738
8.32995
7.12423
12.0277
9.98723
8.3304
7.12551
12.0284
9.98743
8.33033
7.1253
12.0303
9.9878
8.32982
7.12393
12.0335
9.98786
8.3294
7.12264
12.0383
9.98916
8.33248
7.1247
12.0261
10.002
8.35156
7.15329
9.57606
7.96018
6.64409
5.6909
9.5858
7.94995
6.62888
5.66818
9.58207
7.94899
6.62647
5.66655
9.57957
7.94901
6.62686
5.6676
9.57804
7.94875
6.62732
5.66874
9.57745
7.9486
6.62742
5.66898
9.57795
7.94871
6.6271
5.66805
9.57943
7.94906
6.62647
5.66617
9.58167
7.94956
6.62573
5.66394
9.58446
7.95009
6.62523
5.66237
9.58439
7.95006
6.62523
5.66239
9.58145
7.94947
6.62573
5.66399
9.57901
7.94889
6.62647
5.66627
9.57731
7.94844
6.6271
5.66824
9.5766
7.94824
6.62741
5.66924
9.57705
7.94832
6.62731
5.66905
9.57852
7.94855
6.62685
5.66791
9.58103
7.94853
6.62645
5.66685
9.58481
7.94954
6.62888
5.66846
9.57512
7.95978
6.6441
5.69115
7.62342
6.33409
5.28505
4.52707
7.63116
6.32592
5.27292
4.50903
7.62821
6.32519
5.27103
4.50776
7.62628
6.32526
5.2714
4.50863
7.62513
6.32512
5.27181
4.50957
7.62473
6.32506
5.27193
4.50979
7.62518
6.32519
5.27171
4.50908
7.6264
6.3255
5.27124
4.5076
7.62821
6.32593
5.27066
4.50584
7.63045
6.32635
5.27027
4.5046
7.63038
6.32632
5.27027
4.50461
7.62798
6.32582
5.27065
4.50588
7.62596
6.3253
5.27122
4.5077
7.62451
6.32488
5.27168
4.50926
7.62386
6.32465
5.27189
4.51005
7.62412
6.32464
5.27176
4.50987
7.62521
6.32475
5.27134
4.50893
7.62715
6.32468
5.27098
4.50805
7.63016
6.32544
5.27287
4.5093
7.62245
6.33364
5.28501
4.52731
6.06819
5.03953
4.20343
3.60074
6.07435
5.03299
4.19375
3.58643
6.07202
5.03244
4.19228
3.58542
6.07053
5.03255
4.1926
3.58614
6.06967
5.03248
4.19296
3.58691
6.06939
5.03247
4.19308
3.58711
6.06979
5.0326
4.19294
3.58656
6.07078
5.03287
4.19257
3.5854
6.07223
5.03321
4.19212
3.58401
6.07402
5.03355
4.19181
3.58302
6.07394
5.03351
4.1918
3.58303
6.07197
5.03308
4.1921
3.58405
6.0703
5.03262
4.19253
3.58549
6.06907
5.03224
4.19287
3.58673
6.06847
5.032
4.193
3.58735
6.06859
5.03192
4.19286
3.58719
6.06939
5.03195
4.19249
3.58643
6.0709
5.03185
4.19216
3.5857
6.07328
5.03243
4.19365
3.58667
6.06716
5.03898
4.20332
3.60096
4.82967
4.00904
3.34271
2.86355
4.83456
4.00381
3.33499
2.85218
4.83272
4.00339
3.33383
2.85139
4.83156
4.0035
3.33411
2.85197
4.8309
4.00347
3.33441
2.8526
4.8307
4.00347
3.33452
2.85277
4.83101
4.00358
3.33441
2.85235
4.83179
4.00379
3.33412
2.85143
4.83293
4.00406
3.33376
2.85032
4.83435
4.00431
3.3335
2.84954
4.83426
4.00426
3.33349
2.84955
4.83264
4.00389
3.33371
2.85036
4.83127
4.0035
3.33404
2.85152
4.83024
4.00316
3.3343
2.85251
4.8297
4.00293
3.33439
2.853
4.82974
4.00283
3.33425
2.85287
4.83033
4.00281
3.33393
2.85224
4.8315
4.0027
3.33365
2.85164
4.83339
4.00314
3.33481
2.85241
4.82854
4.00838
3.34252
2.86374
3.84342
3.18887
2.65792
2.27702
3.8473
3.18469
2.65176
2.268
3.84583
3.18436
2.65085
2.26737
3.84491
3.18445
2.65107
2.26784
3.84438
3.18442
2.65131
2.26834
3.8442
3.18442
2.65139
2.26848
3.84442
3.18448
2.65129
2.26814
3.845
3.18462
2.65105
2.26741
3.84587
3.1848
2.65074
2.26653
3.84697
3.18498
2.65052
2.2659
3.84687
3.18491
2.6505
2.26591
3.84555
3.1846
2.65067
2.26656
3.84443
3.18427
2.65093
2.26749
3.84358
3.18399
2.65114
2.26829
3.84312
3.18379
2.65121
2.26869
3.84313
3.18369
2.6511
2.26859
3.84359
3.18366
2.65083
2.26809
3.84451
3.18356
2.65059
2.2676
3.84602
3.18391
2.65151
2.2682
3.84218
3.1881
2.65766
2.2772
3.0581
2.53622
2.11327
1.81054
3.06118
2.53287
2.10835
1.80338
3.05999
2.5326
2.10762
1.80287
3.05924
2.53266
2.10779
1.80324
3.05879
2.53262
2.10797
1.80364
3.0586
2.53257
2.10801
1.80374
3.05871
2.53258
2.10791
1.80347
3.05911
2.53264
2.10768
1.80288
3.05975
2.53274
2.10741
1.80217
3.06058
2.53285
2.10722
1.80167
3.06046
2.53277
2.10719
1.80167
3.05939
2.53251
2.10733
1.8022
3.05849
2.53225
2.10754
1.80295
3.05781
2.53203
2.10772
1.80361
3.05745
2.53187
2.10778
1.80394
3.05746
2.5318
2.1077
1.80387
3.05783
2.53178
2.10749
1.80348
3.05858
2.5317
2.1073
1.80309
3.0598
2.53199
2.10804
1.80356
3.05676
2.53534
2.11294
1.8107
2.43289
2.01701
1.68023
1.43969
2.43533
2.01433
1.67631
1.434
2.43436
2.0141
1.67572
1.43359
2.43373
2.01412
1.67584
1.43387
2.43331
2.01405
1.67596
1.43418
2.43309
2.01396
1.67596
1.43425
2.43311
2.01391
1.67584
1.43402
2.43334
2.0139
1.67563
1.43355
2.43377
2.01392
1.67538
1.43297
2.43438
2.01396
1.6752
1.43257
2.43426
2.01388
1.67517
1.43257
2.4334
2.01367
1.67528
1.433
2.43268
2.01347
1.67546
1.43362
2.43216
2.01331
1.67562
1.43416
2.43189
2.0132
1.67569
1.43444
2.43193
2.01317
1.67565
1.43441
2.43225
2.01317
1.67549
1.4341
2.43287
2.01312
1.67535
1.4338
2.43387
2.01336
1.67594
1.43418
2.43148
2.01605
1.67985
1.43983
1.93529
1.60411
1.33607
1.14497
1.93722
1.60196
1.33294
1.14044
1.93642
1.60176
1.33246
1.14011
1.93588
1.60175
1.33254
1.14033
1.93549
1.60164
1.33261
1.14056
1.93524
1.60152
1.33257
1.14061
1.93517
1.60141
1.33244
1.14041
1.93527
1.60134
1.33223
1.14003
1.93553
1.6013
1.33201
1.13956
1.93597
1.60129
1.33185
1.13924
1.93584
1.6012
1.33181
1.13924
1.93514
1.60103
1.3319
1.13959
1.93459
1.60088
1.33206
1.1401
1.9342
1.60078
1.33221
1.14055
1.93402
1.60072
1.33229
1.1408
1.93408
1.60072
1.33227
1.14079
1.93438
1.60075
1.33217
1.14056
1.93491
1.60074
1.33207
1.14033
1.93574
1.60094
1.33255
1.14063
1.93385
1.6031
1.33566
1.14512
1.53943
1.27587
1.06264
0.910804
1.54096
1.27415
1.06014
0.907207
1.5403
1.27397
1.05974
0.906933
1.53983
1.27393
1.05979
0.907097
1.53947
1.27381
1.05982
0.907273
1.5392
1.27366
1.05976
0.907301
1.53906
1.27351
1.05962
0.90714
1.53905
1.27339
1.05942
0.906825
1.5392
1.27331
1.05922
0.906454
1.53949
1.27327
1.05907
0.906191
1.53937
1.27318
1.05903
0.906198
1.53881
1.27304
1.05911
0.906486
1.53838
1.27294
1.05925
0.906907
1.5381
1.27287
1.05938
0.907287
1.53799
1.27286
1.05947
0.907508
1.53808
1.27289
1.05948
0.907518
1.53836
1.27294
1.05942
0.907349
1.53882
1.27295
1.05936
0.907168
1.53952
1.27313
1.05975
0.907414
1.53803
1.27486
1.06223
0.910978
1.22463
1.01499
0.845403
0.724745
1.22585
1.01362
0.843406
0.72188
1.2253
1.01346
0.843083
0.721656
1.2249
1.01342
0.843108
0.721781
1.22457
1.01328
0.843113
0.721916
1.2243
1.01312
0.843046
0.721934
1.22412
1.01296
0.84291
0.721803
1.22405
1.01281
0.84273
0.721552
1.2241
1.01271
0.842546
0.721257
1.2243
1.01264
0.842414
0.72105
1.22418
1.01256
0.842379
0.72106
1.22373
1.01245
0.842443
0.721297
1.22341
1.01237
0.842565
0.721645
1.22321
1.01234
0.842691
0.721966
1.22316
1.01236
0.842779
0.72216
1.22327
1.0124
0.842806
0.722184
1.22352
1.01247
0.842771
0.72206
1.22392
1.01249
0.842732
0.721922
1.22451
1.01266
0.84305
0.72212
1.22334
1.01404
0.845032
0.724952
0.974316
0.807642
0.672763
0.576842
0.975292
0.806543
0.671169
0.574557
0.974852
0.806416
0.670908
0.574374
0.974521
0.806366
0.670922
0.574471
0.974232
0.806243
0.670917
0.574579
0.973975
0.806085
0.670851
0.574596
0.973779
0.805919
0.670728
0.574496
0.97367
0.80577
0.670571
0.574302
0.973669
0.805656
0.670413
0.574074
0.973798
0.805585
0.670301
0.573914
0.973693
0.805506
0.67027
0.573927
0.973343
0.805417
0.670324
0.574123
0.973101
0.805369
0.67043
0.574411
0.972966
0.80536
0.670542
0.57468
0.972951
0.805388
0.670627
0.574849
0.973066
0.805443
0.670661
0.574881
0.973296
0.805509
0.670644
0.57479
0.973645
0.805547
0.670621
0.574683
0.97414
0.805688
0.67088
0.574842
0.973218
0.806796
0.672462
0.577094
0.775207
0.642723
0.535445
0.459165
0.775997
0.64185
0.534173
0.457342
0.77565
0.641751
0.533966
0.457193
0.775387
0.641711
0.533979
0.457272
0.775146
0.641606
0.533975
0.457364
0.774919
0.641467
0.53392
0.457387
0.774732
0.641316
0.533818
0.457318
0.774611
0.641176
0.533688
0.457175
0.774581
0.641066
0.533559
0.457004
0.774669
0.640998
0.533468
0.456886
0.774582
0.640931
0.533444
0.456903
0.774311
0.640862
0.533491
0.457066
0.774136
0.640832
0.533582
0.457304
0.774048
0.640837
0.533681
0.457529
0.774058
0.640872
0.533758
0.457674
0.774171
0.640927
0.533793
0.457707
0.774377
0.640989
0.533785
0.457639
0.774677
0.641029
0.533771
0.457555
0.775093
0.64115
0.53398
0.45768
0.774367
0.642038
0.535243
0.459472
0.616676
0.511397
0.426076
0.365421
0.617322
0.510707
0.425062
0.363966
0.61706
0.510638
0.424903
0.363846
0.616863
0.510615
0.424921
0.363914
0.616675
0.510536
0.424925
0.363999
0.616486
0.510424
0.424888
0.364032
0.616322
0.510296
0.424811
0.363993
0.616206
0.510175
0.424711
0.363896
0.616167
0.51008
0.424611
0.363774
0.616232
0.510022
0.424541
0.363691
0.616169
0.509969
0.424526
0.363712
0.615967
0.509921
0.424569
0.363849
0.615845
0.509905
0.424648
0.364046
0.615796
0.509919
0.424734
0.364233
0.615823
0.509957
0.424802
0.364355
0.615932
0.510009
0.424834
0.364387
0.616113
0.510063
0.42483
0.364334
0.616368
0.5101
0.42482
0.364267
0.616717
0.510201
0.424987
0.364364
0.616147
0.510914
0.425995
0.365788
0.490287
0.406663
0.338829
0.29064
0.490821
0.406122
0.338024
0.289479
0.490634
0.406081
0.337905
0.289383
0.490498
0.406079
0.337931
0.289446
0.490362
0.406029
0.337948
0.289529
0.490215
0.405946
0.337931
0.289574
0.49008
0.405847
0.337881
0.289564
0.48998
0.40575
0.33781
0.289506
0.489944
0.405672
0.337737
0.289425
0.49
0.405628
0.337688
0.289371
0.489963
0.405593
0.337684
0.289396
0.489821
0.405564
0.337725
0.289513
0.489746
0.405563
0.337796
0.289678
0.489729
0.405585
0.337872
0.289833
0.489772
0.405625
0.337931
0.289935
0.489875
0.405672
0.337959
0.289963
0.490035
0.405719
0.337955
0.289921
0.490253
0.405751
0.337946
0.289864
0.490545
0.405834
0.338078
0.289938
0.4901
0.406406
0.338882
0.291067
0.389403
0.323021
0.269134
0.230916
0.389849
0.322602
0.268499
0.229992
0.389727
0.322587
0.268414
0.229917
0.389645
0.322605
0.26845
0.229977
0.389555
0.322582
0.26848
0.230061
0.389448
0.322529
0.268483
0.23012
0.389343
0.322458
0.268458
0.230134
0.389263
0.322384
0.268413
0.230108
0.389236
0.322326
0.268364
0.230061
0.389291
0.322297
0.268335
0.23003
0.38928
0.32228
0.26834
0.23006
0.389192
0.32227
0.268383
0.230161
0.389159
0.322285
0.268449
0.2303
0.389171
0.322316
0.268517
0.230431
0.389228
0.322358
0.26857
0.230516
0.389329
0.322402
0.268594
0.230539
0.389472
0.322443
0.268591
0.230504
0.38966
0.32247
0.268582
0.230455
0.389907
0.32254
0.268684
0.230509
0.389563
0.322998
0.269324
0.2314
0.308841
0.256186
0.213428
0.183195
0.309217
0.255865
0.21293
0.182462
0.309148
0.255872
0.212874
0.182404
0.30911
0.255907
0.212918
0.182463
0.309059
0.255908
0.212961
0.18255
0.308986
0.25588
0.212981
0.18262
0.308908
0.255833
0.212977
0.182654
0.308847
0.255781
0.212954
0.182654
0.308831
0.255741
0.212926
0.182633
0.308888
0.255726
0.212912
0.182621
0.308903
0.255725
0.212927
0.182654
0.308861
0.255735
0.212973
0.182744
0.308865
0.255764
0.213037
0.182864
0.308903
0.255806
0.213101
0.182976
0.308974
0.255852
0.21315
0.183047
0.309077
0.255896
0.213172
0.183066
0.309209
0.255933
0.213169
0.183036
0.309375
0.255958
0.21316
0.182992
0.309587
0.256016
0.213239
0.183028
0.309327
0.256385
0.213746
0.183728
0.244557
0.202816
0.168934
0.145086
0.244875
0.202573
0.168547
0.144508
0.244847
0.202597
0.168513
0.144464
0.244843
0.202645
0.168564
0.144523
0.244822
0.202664
0.168616
0.144612
0.244775
0.202657
0.16865
0.14469
0.244719
0.202629
0.168662
0.14474
0.244673
0.202594
0.168657
0.14476
0.244667
0.202568
0.168645
0.14476
0.244727
0.202566
0.168645
0.144761
0.244763
0.20258
0.168668
0.144797
0.24476
0.202606
0.168716
0.144878
0.244795
0.202649
0.16878
0.144984
0.244855
0.2027
0.168843
0.145081
0.24494
0.202752
0.168889
0.145142
0.245047
0.202798
0.168911
0.145158
0.245174
0.202834
0.168909
0.145131
0.245325
0.202859
0.1689
0.145091
0.245511
0.20291
0.168961
0.145112
0.245321
0.203207
0.169361
0.145656
0.193368
0.16029
0.133473
0.114711
0.193637
0.160109
0.133175
0.114258
0.193638
0.160144
0.133159
0.114227
0.193657
0.160201
0.133213
0.114285
0.193656
0.160231
0.133271
0.114374
0.193627
0.160237
0.133313
0.114458
0.193584
0.160222
0.133337
0.114519
0.193549
0.160199
0.133344
0.114554
0.193548
0.160184
0.133345
0.114569
0.193609
0.160191
0.133354
0.114581
0.193662
0.160216
0.133383
0.114618
0.193689
0.160255
0.133434
0.114692
0.193748
0.160309
0.133498
0.114786
0.193825
0.160369
0.13356
0.114872
0.193922
0.160426
0.133606
0.114926
0.194034
0.160475
0.133629
0.11494
0.194159
0.160514
0.133628
0.114915
0.194303
0.160541
0.133621
0.114877
0.194472
0.160588
0.133668
0.114886
0.194338
0.160828
0.133982
0.115304
0.152727
0.126522
0.105315
0.0905807
0.152953
0.126388
0.105086
0.0902279
0.152973
0.126429
0.105083
0.0902063
0.153005
0.126488
0.105138
0.0902635
0.153014
0.126524
0.105197
0.0903504
0.152994
0.126535
0.105244
0.0904363
0.152957
0.126527
0.105273
0.0905041
0.152924
0.12651
0.105289
0.0905502
0.152924
0.126501
0.105298
0.0905761
0.152982
0.126513
0.105313
0.0905958
0.153043
0.126545
0.105346
0.0906329
0.153092
0.126593
0.105398
0.0906995
0.153167
0.126654
0.105461
0.0907842
0.153256
0.126719
0.105522
0.0908624
0.15336
0.126782
0.105568
0.0909116
0.153477
0.126834
0.105592
0.0909236
0.153603
0.126876
0.105594
0.0909006
0.153744
0.126907
0.105588
0.0908627
0.153902
0.126952
0.105624
0.0908605
0.153815
0.127147
0.105869
0.0911782
0.120563
0.0998196
0.083062
0.0714955
0.120751
0.099722
0.0828877
0.0712215
0.120781
0.0997643
0.0828918
0.0712074
0.120818
0.0998205
0.0829452
0.0712621
0.120829
0.0998549
0.0830014
0.0713452
0.120809
0.0998664
0.0830478
0.0714303
0.120769
0.0998582
0.083079
0.0715016
0.120731
0.0998415
0.0830975
0.0715545
0.120723
0.0998322
0.0831105
0.071588
0.120773
0.0998447
0.0831285
0.0716123
0.120836
0.0998786
0.0831615
0.0716478
0.120897
0.0999293
0.0832119
0.0717072
0.12098
0.0999932
0.0832727
0.0717832
0.121075
0.100061
0.083332
0.0718548
0.121182
0.100126
0.0833784
0.0719008
0.121301
0.100182
0.0834038
0.0719123
0.121429
0.100227
0.0834085
0.0718901
0.12157
0.100263
0.0834046
0.0718516
0.121721
0.100308
0.0834319
0.0718398
0.121671
0.100467
0.0836223
0.0720782
0.0951802
0.0787986
0.0655681
0.0564766
0.0953373
0.0787275
0.0654354
0.0562636
0.0953697
0.0787674
0.0654436
0.0562548
0.0954041
0.078817
0.0654921
0.0563057
0.0954098
0.0788454
0.0655428
0.0563835
0.0953812
0.078851
0.065585
0.0564655
0.0953308
0.078837
0.0656139
0.0565375
0.0952798
0.0788149
0.0656316
0.056594
0.0952588
0.0788005
0.0656444
0.056632
0.095293
0.0788081
0.0656616
0.0566583
0.0953504
0.0788384
0.0656918
0.0566906
0.0954133
0.0788868
0.0657377
0.0567424
0.0954966
0.0789486
0.065794
0.0568098
0.0955912
0.0790152
0.0658502
0.0568754
0.0956972
0.0790798
0.0658954
0.0569188
0.0958147
0.0791362
0.0659214
0.0569298
0.0959434
0.0791842
0.065928
0.0569078
0.0960841
0.0792245
0.0659255
0.056868
0.0962305
0.0792693
0.0659461
0.0568478
0.0962078
0.0793997
0.0660929
0.0570243
0.075195
0.0623183
0.0518858
0.0447168
0.0753267
0.0622669
0.0517843
0.0445499
0.0753573
0.062302
0.0517938
0.0445445
0.0753846
0.0623425
0.0518358
0.0445907
0.0753797
0.0623616
0.0518791
0.0446624
0.0753374
0.0623575
0.0519146
0.04474
0.0752704
0.0623336
0.0519382
0.0448106
0.0752008
0.0623016
0.0519518
0.044868
0.0751597
0.0622775
0.0519611
0.0449077
0.0751731
0.0622753
0.0519739
0.0449337
0.075217
0.0622969
0.0519981
0.0449615
0.0752735
0.0623375
0.0520368
0.0450049
0.0753495
0.0623921
0.052086
0.0450635
0.0754364
0.0624527
0.0521367
0.0451228
0.0755349
0.0625128
0.0521787
0.0451634
0.0756467
0.0625669
0.0522034
0.0451734
0.0757724
0.0626148
0.0522102
0.0451507
0.0759113
0.062657
0.0522079
0.0451088
0.0760528
0.0627014
0.0522226
0.0450812
0.0760492
0.0628077
0.0523349
0.0452097
0.0594875
0.0494398
0.0412272
0.0355469
0.0595995
0.0494031
0.0411487
0.0354142
0.0596262
0.0494326
0.041158
0.0354107
0.0596444
0.0494635
0.0411931
0.0354522
0.0596264
0.0494722
0.0412286
0.0355178
0.0595677
0.0494568
0.0412565
0.0355904
0.0594813
0.0494211
0.0412731
0.0356581
0.0593899
0.0493767
0.0412805
0.0357144
0.0593252
0.0493397
0.0412835
0.0357534
0.0593136
0.049324
0.0412893
0.0357771
0.0593376
0.0493323
0.0413047
0.0357991
0.0593794
0.04936
0.0413333
0.0358336
0.0594401
0.049402
0.0413726
0.0358829
0.0595115
0.0494511
0.0414149
0.0359352
0.0595956
0.0495016
0.0414505
0.0359719
0.0596956
0.0495486
0.0414711
0.0359797
0.0598133
0.0495923
0.0414756
0.0359552
0.0599464
0.049633
0.0414715
0.0359105
0.060081
0.0496751
0.0414804
0.0358759
0.0600887
0.0497604
0.0415649
0.0359675
0.0471512
0.0393883
0.0329373
0.0284133
0.0472489
0.0393631
0.0328762
0.0283057
0.0472715
0.0393874
0.0328845
0.0283031
0.0472809
0.0394098
0.0329136
0.0283402
0.0472501
0.0394091
0.032942
0.0284005
0.0471757
0.0393833
0.0329628
0.0284683
0.0470704
0.039336
0.0329722
0.0285323
0.0469574
0.0392787
0.0329723
0.0285857
0.0468683
0.0392275
0.0329675
0.028622
0.0468296
0.0391961
0.0329641
0.0286417
0.0468288
0.0391875
0.0329686
0.0286568
0.0468486
0.0391977
0.0329847
0.0286821
0.0468859
0.0392218
0.0330111
0.0287217
0.0469338
0.0392538
0.0330419
0.0287662
0.0469957
0.0392889
0.0330678
0.0287975
0.0470768
0.0393233
0.0330809
0.0288016
0.0471799
0.0393578
0.0330799
0.028774
0.047302
0.0393926
0.0330715
0.0287258
0.0474265
0.0394297
0.033074
0.0286848
0.0474389
0.039496
0.0331356
0.0287475
0.0374431
0.0315226
0.0264753
0.0228617
0.037531
0.0315069
0.0264273
0.0227725
0.0375506
0.0315273
0.0264349
0.0227702
0.0375531
0.0315433
0.0264593
0.0228038
0.0375121
0.0315356
0.0264823
0.0228598
0.0374247
0.0315016
0.0264971
0.0229232
0.0373037
0.0314444
0.0264999
0.0229828
0.0371716
0.0313754
0.0264926
0.023032
0.0370599
0.0313101
0.0264792
0.023064
0.0369939
0.0312619
0.0264655
0.0230783
0.0369652
0.0312341
0.0264575
0.023086
0.036957
0.0312233
0.0264593
0.0231019
0.0369639
0.0312251
0.0264708
0.0231318
0.0369808
0.0312349
0.0264873
0.0231677
0.0370133
0.0312494
0.0265005
0.0231923
0.0370685
0.0312661
0.0265029
0.0231913
0.0371505
0.0312864
0.0264934
0.0231594
0.0372559
0.031311
0.0264784
0.0231071
0.0373667
0.0313402
0.0264736
0.0230603
0.0373786
0.0313885
0.0265157
0.0231001
0.0297475
0.0253157
0.0214021
0.0185253
0.0298293
0.0253082
0.0213648
0.0184502
0.0298476
0.0253261
0.0213718
0.0184475
0.0298454
0.0253378
0.0213927
0.0184782
0.029797
0.0253252
0.0214116
0.0185306
0.0297
0.0252852
0.0214217
0.01859
0.0295668
0.0252202
0.0214187
0.0186449
0.029419
0.0251408
0.0214041
0.0186889
0.0292868
0.0250621
0.0213818
0.0187151
0.0291946
0.0249969
0.0213572
0.0187231
0.0291367
0.0249491
0.0213361
0.0187231
0.0290971
0.0249155
0.0213229
0.01873
0.0290692
0.0248926
0.0213186
0.0187505
0.0290504
0.0248775
0.0213194
0.0187777
0.0290486
0.0248682
0.0213181
0.0187949
0.0290728
0.0248637
0.0213078
0.0187879
0.0291289
0.0248663
0.0212878
0.0187511
0.0292134
0.0248776
0.0212649
0.0186946
0.0293073
0.0248966
0.0212521
0.0186429
0.0293148
0.0249277
0.021277
0.018664
0.0235674
0.0203492
0.0173736
0.0151152
0.0236457
0.0203492
0.0173453
0.0150508
0.0236638
0.0203654
0.0173516
0.0150471
0.0236581
0.0203737
0.0173695
0.015075
0.0236039
0.0203573
0.017385
0.0151242
0.023499
0.0203123
0.0173908
0.0151797
0.0233555
0.0202402
0.0173822
0.0152296
0.0231937
0.020151
0.0173603
0.0152676
0.0230425
0.0200591
0.017329
0.0152874
0.0229253
0.0199773
0.0172934
0.0152884
0.0228386
0.0199097
0.0172595
0.015281
0.0227678
0.019854
0.0172319
0.0152796
0.0227052
0.0198072
0.0172124
0.0152915
0.0226507
0.0197677
0.017198
0.0153103
0.0226141
0.0197348
0.0171824
0.0153202
0.0226065
0.0197087
0.0171595
0.0153072
0.0226352
0.019693
0.0171289
0.0152659
0.0226971
0.01969
0.0170977
0.0152059
0.0227728
0.0196979
0.0170774
0.0151503
0.0227738
0.0197126
0.0170866
0.0151561
0.0185371
0.0163165
0.0141332
0.0124077
0.0186129
0.0163232
0.0141128
0.012352
0.0186308
0.0163373
0.0141178
0.0123466
0.0186212
0.0163418
0.0141323
0.0123712
0.0185605
0.0163208
0.0141438
0.012417
0.0184469
0.0162701
0.0141451
0.0124684
0.0182922
0.0161902
0.0141306
0.0125131
0.0181157
0.0160905
0.0141011
0.0125451
0.0179454
0.0159851
0.0140605
0.0125583
0.0178041
0.0158871
0.0140142
0.0125526
0.0176914
0.0158017
0.0139686
0.0125381
0.0175936
0.0157272
0.0139286
0.0125294
0.0175018
0.0156605
0.0138963
0.0125337
0.0174171
0.0156008
0.0138692
0.0125451
0.017351
0.0155482
0.0138417
0.0125484
0.0173158
0.015504
0.0138081
0.0125305
0.01732
0.0154724
0.0137686
0.0124858
0.0173608
0.0154567
0.0137305
0.0124236
0.0174193
0.0154543
0.0137036
0.0123655
0.0174135
0.0154542
0.0136989
0.0123583
0.0144321
0.0130182
0.0114987
0.0102299
0.014505
0.01303
0.0114847
0.0101813
0.0145212
0.0130412
0.0114876
0.0101737
0.014506
0.0130404
0.0114977
0.0101945
0.0144364
0.0130129
0.0115044
0.0102363
0.0143119
0.0129547
0.0115003
0.0102835
0.0141436
0.0128657
0.0114793
0.0103233
0.0139506
0.0127545
0.011442
0.0103497
0.0137606
0.0126355
0.0113923
0.0103571
0.0135973
0.0125227
0.0113363
0.0103454
0.0134635
0.0124229
0.0112809
0.0103248
0.0133467
0.0123349
0.0112315
0.0103097
0.0132356
0.0122552
0.01119
0.0103074
0.0131314
0.0121824
0.0111541
0.0103125
0.0130458
0.0121172
0.0111184
0.0103103
0.0129916
0.0120611
0.0110778
0.0102889
0.0129778
0.0120187
0.0110327
0.0102426
0.0130024
0.011994
0.0109901
0.0101799
0.0130468
0.0119838
0.0109584
0.0101205
0.0130362
0.0119716
0.0109421
0.0101028
0.0111451
0.0103372
0.00934022
0.00844334
0.0112131
0.0103517
0.00933098
0.00840071
0.0112258
0.0103588
0.00933105
0.00839087
0.011203
0.0103512
0.00933597
0.00840762
0.0111231
0.010316
0.00933702
0.00844509
0.0109863
0.0102493
0.00932699
0.00848802
0.010804
0.0101507
0.00929956
0.00852356
0.0105948
0.0100286
0.009255
0.00854558
0.0103875
0.00989778
0.00919746
0.00854845
0.010207
0.00977342
0.00913365
0.00853211
0.0100601
0.00966435
0.00907132
0.00850666
0.00993497
0.00956973
0.009016
0.00848613
0.00981712
0.00948478
0.00896926
0.00847815
0.00970628
0.00940741
0.00892879
0.0084779
0.00961343
0.00933779
0.00888936
0.00847161
0.00955087
0.00927725
0.00884607
0.00844857
0.00952758
0.00923037
0.00879899
0.00840266
0.00954198
0.00920138
0.00875486
0.00834105
0.00957677
0.00918683
0.00872066
0.00828143
0.00956534
0.00916682
0.00869616
0.00825524
0.00861099
0.00818865
0.00755468
0.00693431
0.00867127
0.00820302
0.00754801
0.0068967
0.00867907
0.00820556
0.00754515
0.00688529
0.00864869
0.00819121
0.00754505
0.00689825
0.00855996
0.00814882
0.00754069
0.00693144
0.00841389
0.00807504
0.00752533
0.00697046
0.00822205
0.00796932
0.00749262
0.00700266
0.00800312
0.00783997
0.00744274
0.00702184
0.00778653
0.00770211
0.00737995
0.00702207
0.00759861
0.00757206
0.00731139
0.0070029
0.00744937
0.00746011
0.00724542
0.006974
0.00732736
0.0073657
0.00718773
0.00694922
0.00721474
0.00728272
0.00713955
0.00693668
0.00710901
0.00720793
0.00709839
0.00693242
0.00701984
0.00714091
0.00705911
0.00692358
0.00695845
0.00708256
0.00701688
0.00690051
0.00693325
0.00703688
0.00697129
0.00685674
0.00694308
0.00700806
0.00692842
0.0067977
0.00697245
0.00699248
0.00689397
0.00673876
0.00696509
0.00696982
0.00686503
0.0067063
0.00670941
0.00646764
0.00604535
0.00561015
0.0067598
0.00647948
0.00603951
0.00557718
0.00676282
0.00647809
0.00603444
0.00556536
0.00672745
0.00645896
0.00603068
0.00557567
0.00663515
0.00641231
0.00602238
0.0056052
0.00648727
0.00633533
0.00600355
0.00564107
0.00629519
0.00622752
0.00596806
0.00567127
0.00607762
0.00609719
0.0059161
0.00568945
0.00586436
0.00595957
0.00585188
0.00568923
0.00568201
0.00583123
0.00578258
0.00566946
0.00554175
0.00572298
0.00571665
0.00563906
0.00543208
0.00563423
0.00565982
0.00561173
0.00533278
0.005558
0.00561318
0.00559629
0.00523939
0.00549022
0.00557425
0.00558983
0.00516029
0.00543
0.00553795
0.00558031
0.0051056
0.0053778
0.00549945
0.00555882
0.00508298
0.00533698
0.00545781
0.0055185
0.00509155
0.00531137
0.00541832
0.00546311
0.00511809
0.00529723
0.00538546
0.0054058
0.0051184
0.00527655
0.00535567
0.00536918
0.00523051
0.00503522
0.00471869
0.00439964
0.00527089
0.0050436
0.00471295
0.00437151
0.00527074
0.00503994
0.00470713
0.00436075
0.00523434
0.00501917
0.00470198
0.0043702
0.00514461
0.00497225
0.00469224
0.00439744
0.00500245
0.00489672
0.00467273
0.00443155
0.00481865
0.00479227
0.00463784
0.00446149
0.00461194
0.00466722
0.00458782
0.00448086
0.00441191
0.00453657
0.00452662
0.00448275
0.0042443
0.00441629
0.00446095
0.00446517
0.00411945
0.00431653
0.0043988
0.00443605
0.00402542
0.00423641
0.00434571
0.00440883
0.00394116
0.00416885
0.00430303
0.00439316
0.00386107
0.00410955
0.00426846
0.00438716
0.00379276
0.00405736
0.00423702
0.00437934
0.00374566
0.00401253
0.00420384
0.0043611
0.00372675
0.00397801
0.0041676
0.00432522
0.0037355
0.00395708
0.00413283
0.0042743
0.00376054
0.0039458
0.00410288
0.00421977
0.00376867
0.00392961
0.00407478
0.00418106
0.00395285
0.0037575
0.0034977
0.00325682
0.00398487
0.00376299
0.00349238
0.00323419
0.0039839
0.00375908
0.00348761
0.00322594
0.00395002
0.00373985
0.0034837
0.00323651
0.0038672
0.00369627
0.00347543
0.00326324
0.00373488
0.00362586
0.00345838
0.0032974
0.00356282
0.0035286
0.00342769
0.00332911
0.00336981
0.00341284
0.00338366
0.003352
0.00318511
0.00329314
0.00332987
0.00335879
0.0030332
0.00318433
0.00327213
0.00334672
0.00292288
0.00309516
0.00321742
0.00332263
0.00284186
0.00302444
0.003171
0.00329954
0.00276939
0.00296565
0.00313468
0.00328768
0.0026996
0.00291475
0.00310657
0.00328593
0.00263973
0.00287043
0.00308164
0.00328304
0.00259894
0.0028329
0.00305497
0.00327014
0.00258382
0.00280497
0.00302506
0.00323981
0.00259418
0.0027894
0.00299585
0.00319421
0.00261924
0.00278185
0.00296979
0.00314386
0.00263292
0.00277043
0.00294464
0.00310504
0.00275414
0.00255843
0.00233976
0.00217167
0.00277919
0.00256222
0.00233578
0.00215576
0.00278
0.00256004
0.00233377
0.00215108
0.00275187
0.00254498
0.0023335
0.00216431
0.00267927
0.0025075
0.00232941
0.00219225
0.00255933
0.00244471
0.00231779
0.00222816
0.00240015
0.00235679
0.00229452
0.00226341
0.0022205
0.00225216
0.0022601
0.00229185
0.00204918
0.00214493
0.00221763
0.00230618
0.00190966
0.00204856
0.00217179
0.00230317
0.00180978
0.00197033
0.00212825
0.00228867
0.00173755
0.00190891
0.00209192
0.00227493
0.00167356
0.00185894
0.00206518
0.00227214
0.00161223
0.00181684
0.00204644
0.00227941
0.00156022
0.00178086
0.00203039
0.00228537
0.00152626
0.00175109
0.00201188
0.00228043
0.00151641
0.00173037
0.00198945
0.00225725
0.00153079
0.0017211
0.00196665
0.0022182
0.00155786
0.00171826
0.00194543
0.00217376
0.00157549
0.00171131
0.00192389
0.00213659
0.00169713
0.00145994
0.00124838
0.00119515
0.00171193
0.00146147
0.00124604
0.00118873
0.00171646
0.00146232
0.00124808
0.00118865
0.00169813
0.00145309
0.00125312
0.00120536
0.00164219
0.00142363
0.0012553
0.00123543
0.00154326
0.00137011
0.00125134
0.00127385
0.00140731
0.00129268
0.00123787
0.00131328
0.00125226
0.00119969
0.00121576
0.00134825
0.00110434
0.00110462
0.00118782
0.0013721
0.000984272
0.00101966
0.00115757
0.00138164
0.000898838
0.000951115
0.00112931
0.00138169
0.000839182
0.000898601
0.00110763
0.00138293
0.000792188
0.000859009
0.0010955
0.00139428
0.000753651
0.00082902
0.00109108
0.0014144
0.000725615
0.000805047
0.00108798
0.001432
0.000710819
0.000786146
0.00108058
0.00143702
0.000710713
0.000775125
0.00106764
0.00142276
0.000726071
0.000774475
0.00105276
0.00139237
0.000748416
0.0007784
0.0010379
0.00135649
0.000768702
0.000778863
0.00102127
0.00132273
0.00123129
0.000745937
0.000305715
0.000592435
0.00122005
0.000733849
0.000294548
0.000602621
0.00122171
0.000732949
0.000299108
0.000607788
0.00121567
0.00072611
0.000307739
0.000621589
0.00119411
0.000706482
0.000314937
0.000643099
0.00115381
0.000670096
0.000317391
0.000670934
0.00110027
0.000617724
0.000312224
0.000701562
0.00104682
0.000556973
0.000302179
0.00073246
0.00100377
0.000497844
0.000291395
0.000759597
0.000973716
0.000447286
0.000282493
0.000780004
0.000953419
0.000408561
0.000278555
0.000795347
0.000943023
0.000384657
0.00028447
0.000810924
0.00094737
0.000378564
0.000302912
0.000831348
0.000963488
0.000385107
0.000327214
0.000855519
0.000981662
0.000394043
0.000346628
0.000876081
0.000992129
0.000400274
0.000356173
0.000885669
0.000989964
0.000404051
0.000357023
0.000879919
0.000977662
0.000408431
0.00035501
0.000862565
0.000962844
0.000413013
0.000352881
0.000842224
0.00096665
0.000431541
0.000351
0.000817448
0.00166817
0.00103785
0.000607748
0.000854017
0.00163787
0.00101208
0.000588677
0.000863195
0.00162481
0.000998349
0.000574726
0.000864407
0.00161584
0.000982861
0.000555111
0.000859615
0.00161256
0.000969293
0.000534715
0.00085088
0.00161401
0.000957769
0.000515442
0.000840496
0.00161891
0.000948834
0.000499131
0.000831182
0.00162621
0.0009425
0.000487261
0.00082578
0.00163026
0.000936823
0.000480275
0.000825868
0.00162741
0.000929454
0.000476784
0.000829942
0.00161725
0.000920483
0.000474895
0.000834397
0.00160811
0.000913513
0.000473346
0.000835697
0.00161134
0.000912081
0.000471231
0.000832473
0.00162472
0.000914271
0.000466717
0.0008263
0.0016377
0.000915698
0.000459471
0.000819634
0.00163931
0.000913623
0.000452371
0.000813268
0.00162455
0.000907335
0.000448648
0.00080687
0.00159624
0.000898813
0.000450947
0.000802376
0.00156629
0.000891274
0.000458368
0.000801218
0.00156197
0.000903055
0.000474466
0.00079273
0.00223629
0.00156391
0.00116643
0.00124979
0.00219982
0.0015341
0.00114611
0.001251
0.00217265
0.0015113
0.00112689
0.00124731
0.00214954
0.00148524
0.00110028
0.00123392
0.0021362
0.00146216
0.00107087
0.00121256
0.00213253
0.00144351
0.00104092
0.00118591
0.00213428
0.00142894
0.00101234
0.00115787
0.00213532
0.00141573
0.000985781
0.00113235
0.00212667
0.00139979
0.000961103
0.00111248
0.00210546
0.00137882
0.000937549
0.00109768
0.00207405
0.00135424
0.000914112
0.00108329
0.00204389
0.00133074
0.000889663
0.00106346
0.00202788
0.00131206
0.000863094
0.00103524
0.00202371
0.00129704
0.000833995
0.00100153
0.00202098
0.0012827
0.000804726
0.000969593
0.00200858
0.00126701
0.000779845
0.000945564
0.00198196
0.00124965
0.000762992
0.000931767
0.00194419
0.0012327
0.000755866
0.000928561
0.00190796
0.00121926
0.00075643
0.000932764
0.00190066
0.00122674
0.000767769
0.000931097
0.00251999
0.00184589
0.00144892
0.00141476
0.00247896
0.00181254
0.0014255
0.00140951
0.00243733
0.00178148
0.0014015
0.00140133
0.00239577
0.00174434
0.00136843
0.00138145
0.00236225
0.00170775
0.00133022
0.00135121
0.00233721
0.00167374
0.00128934
0.00131393
0.00231577
0.00164216
0.00124805
0.00127414
0.00229064
0.00161014
0.00120712
0.00123609
0.00225271
0.00157381
0.00116661
0.00120314
0.00220059
0.00153188
0.00112639
0.00117495
0.00213914
0.00148716
0.00108629
0.00114688
0.00208202
0.00144527
0.00104592
0.00111312
0.00204294
0.00141023
0.00100462
0.00107103
0.00201973
0.00138112
0.000962425
0.00102414
0.00200233
0.00135534
0.000922004
0.000980833
0.00197969
0.00133106
0.000887797
0.000948307
0.00194762
0.00130837
0.000863453
0.000929059
0.00190893
0.00128918
0.000850469
0.000922642
0.0018748
0.00127554
0.000846572
0.000924996
0.00186836
0.00128125
0.000854168
0.00092354
0.00246562
0.00183249
0.0014522
0.00131579
0.00241849
0.00179582
0.00142617
0.00130545
0.00235986
0.00175615
0.00139811
0.00129305
0.00229519
0.0017071
0.00135924
0.00126664
0.0022345
0.00165524
0.00131283
0.00122743
0.00217895
0.00160325
0.00126189
0.00117988
0.00212432
0.00155201
0.00120956
0.0011294
0.00206376
0.00149952
0.00115729
0.00108083
0.00198903
0.00144286
0.00110569
0.00103791
0.00190017
0.00138212
0.00105543
0.00100071
0.001805
0.00132177
0.00100741
0.000965192
0.00172014
0.00126879
0.000962362
0.000926513
0.00166064
0.00122772
0.000920424
0.000883055
0.00162504
0.00119747
0.000881516
0.000838556
0.00160335
0.00117483
0.000847032
0.000800102
0.00158438
0.00115734
0.000819314
0.00077184
0.00156384
0.00114482
0.000800536
0.000753486
0.00154311
0.00113783
0.000791058
0.000743613
0.00152848
0.00113595
0.000788942
0.000740208
0.00153165
0.00114546
0.000796349
0.000736016
0.00220665
0.00159798
0.00123121
0.00100052
0.00215005
0.00155708
0.001203
0.000986582
0.00207046
0.00150724
0.00117138
0.000971053
0.00197631
0.001444
0.00112731
0.00093895
0.00187986
0.00137399
0.00107369
0.000891713
0.00178367
0.00130111
0.00101466
0.000835512
0.00168519
0.0012283
0.000955284
0.000777563
0.00157887
0.00115548
0.000898631
0.000724265
0.00145751
0.00108164
0.000846612
0.00068036
0.00132246
0.00100946
0.000801465
0.000646467
0.00118628
0.000947012
0.000766034
0.00061971
0.00107285
0.000904421
0.000742901
0.000597802
0.00100342
0.000886705
0.000732701
0.000581892
0.000978639
0.000889994
0.000733097
0.000575275
0.000986037
0.000906708
0.000740341
0.000578276
0.00101147
0.000930968
0.000750705
0.000582981
0.0010483
0.000960536
0.000762493
0.000581216
0.00109202
0.000992306
0.000773938
0.000570806
0.00113572
0.00102136
0.000784278
0.000556548
0.0011674
0.00104374
0.00079696
0.000547808
0.00202143
0.0013193
0.000894105
0.000558836
0.0019536
0.00127235
0.000863445
0.000543025
0.00185432
0.00121127
0.000828875
0.000526886
0.00173094
0.0011323
0.000781084
0.000492681
0.00159688
0.00104191
0.000723318
0.000443317
0.00145645
0.000945996
0.000662779
0.00039014
0.00130924
0.000851041
0.000609264
0.000348709
0.00115115
0.000760983
0.00057033
0.000333518
0.000975704
0.000680079
0.000551074
0.000348205
0.000784813
0.000619657
0.000555356
0.000383158
0.00059919
0.000598273
0.000584843
0.000428896
0.000469537
0.000627832
0.000637395
0.000483902
0.000454192
0.00069926
0.000706349
0.000549429
0.000539543
0.000790986
0.000781702
0.000621917
0.000667069
0.000885708
0.000853468
0.000690675
0.000806141
0.000975682
0.000914505
0.000740118
0.000947912
0.00105964
0.000962998
0.000762443
0.00108269
0.00113385
0.000998464
0.000760051
0.00119314
0.00119185
0.00102226
0.000744265
0.00125282
0.00122591
0.00104014
0.000738037
0.00218611
0.00126248
0.000641093
0.000187206
0.0021129
0.00121288
0.000610999
0.000180893
0.00200963
0.00115013
0.000580585
0.000181969
0.0018792
0.00106984
0.0005424
0.000187712
0.00173479
0.000978364
0.000503169
0.000216273
0.00158343
0.000884608
0.000476973
0.000278406
0.00142883
0.000799479
0.000479154
0.000367941
0.00127192
0.000732204
0.00051452
0.000471471
0.00111503
0.000692944
0.000577685
0.000575642
0.000972147
0.000695683
0.000661464
0.000671856
0.00087578
0.000749986
0.000760375
0.000759465
0.0008596
0.00084921
0.00086979
0.000844378
0.000921583
0.0009737
0.000983977
0.000932298
0.00103027
0.00110366
0.00109519
0.00102204
0.00115835
0.00122638
0.00119516
0.00110415
0.00129515
0.00133733
0.00127774
0.0011642
0.00143698
0.00143691
0.00134188
0.00119507
0.00157376
0.00152214
0.00138803
0.0012002
0.00168493
0.00158597
0.00141756
0.00119107
0.00174315
0.00162173
0.00143706
0.00119049
0.00268004
0.00152236
0.000693703
0.000455227
0.00260635
0.00147583
0.000674717
0.000468416
0.00250899
0.00142261
0.000662497
0.000484231
0.00238636
0.00135691
0.000653985
0.000520718
0.00225086
0.0012849
0.000656794
0.000583454
0.0021111
0.00121585
0.000680187
0.00066884
0.00197326
0.00115972
0.000729438
0.000771311
0.00184057
0.00112328
0.000801779
0.000883209
0.00171766
0.00111226
0.000890912
0.000994392
0.00161618
0.001134
0.000992177
0.00109669
0.0015557
0.00119365
0.00110288
0.00118856
0.00155013
0.00128731
0.00122038
0.00127513
0.00159388
0.00140188
0.00134037
0.00136242
0.00167011
0.00152234
0.00145634
0.00145057
0.00176375
0.0016375
0.00156074
0.00153186
0.00186864
0.00174234
0.00164756
0.00159356
0.00198203
0.00183628
0.00171524
0.0016286
0.00209448
0.00191633
0.00176422
0.00163995
0.00218619
0.00197502
0.00179512
0.00163752
0.00223501
0.00200782
0.00181435
0.00164126
0.0032675
0.00188596
0.000880023
0.000762862
0.00319268
0.00184028
0.000867617
0.000778986
0.00309919
0.00179248
0.000864882
0.000794693
0.00298186
0.00173454
0.000869719
0.000832729
0.00285212
0.00167188
0.000888596
0.000898787
0.00271801
0.00161202
0.00092643
0.000987121
0.00258565
0.00156294
0.000985106
0.0010911
0.00245786
0.00152946
0.0010617
0.00120359
0.00233792
0.00151543
0.00115146
0.00131544
0.00223367
0.00152648
0.0012512
0.00141886
0.00215907
0.00156785
0.00135923
0.00151177
0.00212511
0.0016385
0.00147334
0.0015983
0.00213029
0.00172943
0.00158949
0.0016839
0.00216542
0.00182877
0.00170175
0.00176921
0.00222031
0.00192648
0.00180327
0.00184805
0.00228963
0.00201694
0.00188836
0.00190994
0.0023701
0.00209822
0.00195488
0.00194818
0.00245292
0.00216737
0.00200317
0.00196489
0.0025209
0.0022173
0.00203346
0.00196803
0.00256005
0.00224603
0.00205159
0.00197398
0.00371789
0.00214213
0.000967177
0.000931494
0.00364218
0.00209503
0.00095538
0.000950711
0.00355181
0.00204843
0.000954785
0.000967125
0.00343919
0.00199221
0.000962529
0.00100625
0.0033147
0.00193116
0.000984731
0.00107368
0.00318448
0.00187098
0.00102428
0.00116226
0.00305357
0.0018184
0.00108182
0.00126427
0.00292399
0.00177746
0.00115472
0.00137295
0.00279784
0.00175122
0.00123916
0.00148058
0.00268021
0.00174443
0.00133291
0.00158086
0.00258167
0.00176239
0.00143481
0.00167205
0.00251255
0.00180598
0.00154264
0.00175731
0.0024754
0.00186941
0.00165222
0.00184073
0.00246703
0.00194374
0.001758
0.00192252
0.00248115
0.00202038
0.00185388
0.0019976
0.00251308
0.00209334
0.00193468
0.00205803
0.00255876
0.00215936
0.00199783
0.00209784
0.00261002
0.00221538
0.00204355
0.00211828
0.00265339
0.00225534
0.00207204
0.00212516
0.0026844
0.00228029
0.00208857
0.00213066
0.00381089
0.00215358
0.000890187
0.000968291
0.0037375
0.00210629
0.000877309
0.000990372
0.00365323
0.00206095
0.000876743
0.00100748
0.00354936
0.00200631
0.000884255
0.001046
0.00343467
0.00194634
0.000905445
0.00111029
0.00331288
0.00188516
0.000942128
0.00119279
0.00318744
0.00182866
0.000994592
0.0012854
0.00305973
0.00178056
0.00106069
0.00138214
0.00293132
0.00174366
0.00113757
0.00147745
0.00280577
0.001722
0.00122371
0.0015674
0.00269111
0.00172048
0.00131823
0.00165132
0.00259692
0.00174104
0.0014186
0.00173136
0.00252847
0.00178045
0.00152041
0.00180965
0.00248663
0.00183243
0.00161839
0.00188523
0.00246822
0.00188998
0.00170727
0.00195373
0.00246942
0.00194707
0.0017825
0.0020097
0.00248583
0.00199921
0.0018412
0.00204829
0.00251013
0.00204308
0.00188344
0.00207005
0.00253284
0.00207401
0.00190959
0.00207871
0.00255766
0.00209585
0.00192439
0.00208186
0.00331578
0.0018136
0.0006665
0.000865433
0.00324978
0.00177017
0.000653492
0.000887252
0.00317536
0.00172858
0.000653424
0.000902298
0.00308436
0.00167853
0.000661137
0.000934575
0.00298324
0.001623
0.000681373
0.000986858
0.00287373
0.00156511
0.000715717
0.00105296
0.00275785
0.00151038
0.000764577
0.00112576
0.0026367
0.00146265
0.000826236
0.00120064
0.00251212
0.00142483
0.000898297
0.0012745
0.00238745
0.00140047
0.000979368
0.00134598
0.00226926
0.0013937
0.00106824
0.00141558
0.00216648
0.00140659
0.00116199
0.00148451
0.00208573
0.00143717
0.00125626
0.00155285
0.00202982
0.00148076
0.00134648
0.00161831
0.00199722
0.00153126
0.00142826
0.00167689
0.00198453
0.00158243
0.00149777
0.00172523
0.00198693
0.00162877
0.00155202
0.00175968
0.00199754
0.00166672
0.001591
0.00178048
0.0020096
0.00169303
0.00161542
0.00178972
0.0020289
0.0017117
0.00162965
0.00179218
0.00209561
0.00109357
0.000429334
0.00054145
0.00203982
0.00106052
0.0004217
0.000555549
0.00197574
0.00102768
0.000429914
0.000564113
0.00189793
0.000989042
0.000446906
0.000584845
0.00180968
0.000947604
0.000476161
0.000619128
0.00171159
0.000906936
0.000518824
0.000663035
0.00160456
0.000872872
0.000574155
0.0007116
0.00148976
0.000849936
0.000639804
0.00076189
0.00136976
0.000841342
0.000713176
0.000812786
0.00124914
0.000849861
0.000792572
0.000864695
0.00113516
0.000877446
0.000876582
0.000918696
0.00103859
0.00092328
0.000962759
0.000975038
0.000968994
0.000983055
0.00104779
0.00103222
0.000930669
0.00105067
0.00112824
0.00108696
0.00092148
0.00111962
0.00120074
0.00113559
0.000934886
0.00118382
0.00126234
0.00117616
0.00096161
0.00123831
0.00131067
0.00120614
0.000991677
0.00128054
0.00134586
0.00122573
0.00101651
0.00130789
0.0013676
0.00123589
0.00103137
0.00131951
0.00138057
0.00124381
0.000989561
0.000567653
0.000424625
0.000193134
0.000949459
0.000555767
0.000422007
0.000202013
0.000911007
0.000554313
0.00044029
0.000204301
0.00086871
0.000558248
0.000467968
0.000213787
0.000827355
0.00057161
0.000504646
0.000233393
0.000788653
0.000596475
0.000550635
0.000262852
0.000754037
0.000633381
0.000604544
0.000299501
0.000727071
0.000681531
0.000664493
0.000340853
0.000712443
0.000739648
0.000728937
0.000385299
0.000715786
0.00080692
0.000797097
0.000432237
0.000740097
0.000882453
0.000868422
0.000481429
0.00078505
0.000963799
0.000941383
0.000532032
0.000845773
0.00104681
0.00101325
0.000582236
0.000914482
0.00112688
0.00108072
0.000629396
0.000984625
0.00119995
0.00114076
0.000670873
0.00105104
0.00126295
0.00119121
0.000705654
0.00110949
0.00131375
0.00123066
0.000732273
0.00115693
0.00135141
0.00125889
0.000750518
0.00119043
0.00137502
0.00127519
0.000760723
0.00120943
0.0013857
0.00128701
0.000773246
0.00186782
0.00108973
0.000517719
0.000603608
0.00185048
0.00107444
0.000499627
0.000612091
0.00184453
0.00106285
0.000476032
0.000600115
0.0018404
0.00104835
0.000441323
0.000584765
0.00184291
0.0010363
0.00040255
0.000571889
0.00185258
0.00102846
0.000364638
0.000566019
0.00186864
0.00102608
0.000333355
0.00056997
0.0018907
0.00103016
0.000315077
0.00058495
0.00191855
0.00104139
0.00031529
0.000610761
0.00195229
0.0010604
0.000336488
0.000646296
0.00199173
0.00108761
0.000377187
0.000690121
0.00203636
0.00112255
0.000432359
0.000740376
0.00208461
0.00116318
0.000494945
0.000794232
0.00213362
0.00120611
0.00055788
0.000847975
0.00218039
0.00124773
0.000615662
0.000897865
0.0022224
0.00128518
0.00066514
0.000941285
0.00225769
0.00131645
0.000704803
0.000976555
0.00228503
0.0013404
0.000734508
0.00100327
0.00230434
0.00135733
0.000754768
0.00102106
0.00233382
0.00137936
0.000771889
0.0010132
)
;

boundaryField
{
    inlet
    {
        type            calculated;
        value           nonuniform List<scalar> 
80
(
4849.17
4845.32
4843.65
4842.73
4842.12
4841.67
4841.36
4841.2
4841.18
4841.29
4841.29
4841.18
4841.2
4841.36
4841.67
4842.12
4842.73
4843.65
4845.32
4849.17
3426.01
3423.55
3422.65
3422.21
3421.87
3421.54
3421.22
3420.91
3420.62
3420.37
3420.37
3420.62
3420.91
3421.22
3421.54
3421.87
3422.21
3422.65
3423.55
3426.01
3064.75
3062.08
3061.52
3061.23
3060.87
3060.4
3059.88
3059.35
3058.84
3058.44
3058.44
3058.84
3059.35
3059.88
3060.4
3060.87
3061.23
3061.52
3062.08
3064.75
3778.73
3777.18
3776.8
3776.33
3775.59
3774.66
3773.66
3772.7
3771.88
3771.33
3771.33
3771.88
3772.7
3773.66
3774.66
3775.59
3776.33
3776.8
3777.18
3778.73
)
;
    }
    outlet
    {
        type            calculated;
        value           nonuniform List<scalar> 
80
(
0.00205799
0.00205874
0.00205227
0.00203908
0.00203046
0.00202773
0.00203153
0.00204205
0.00205942
0.00208377
0.00211497
0.00215296
0.00219642
0.00224235
0.00228724
0.00232808
0.00236294
0.00239019
0.00240884
0.00241778
0.00156682
0.00155687
0.00153369
0.00149535
0.00145159
0.0014059
0.00136061
0.00131751
0.00127798
0.00124302
0.00121359
0.00119172
0.001179
0.00117518
0.00117821
0.00118536
0.0011941
0.00120216
0.00120809
0.0012132
0.00119875
0.00118681
0.00115201
0.001098
0.00103207
0.000958272
0.000878967
0.000796118
0.000711386
0.000625949
0.00054121
0.00046143
0.00039349
0.000343891
0.000315267
0.000304738
0.000305982
0.000312303
0.000321377
0.000326684
0.000983577
0.000970705
0.000938341
0.000889461
0.00083178
0.000771519
0.000713444
0.000662384
0.000623137
0.000599622
0.000594513
0.000609166
0.000641515
0.000685558
0.000733782
0.000779709
0.000819658
0.000851321
0.000876688
0.000889718
)
;
    }
    inner-wall
    {
        type            calculated;
        value           nonuniform List<scalar> 
1600
(
4372.75
4337.26
4334.68
4333.42
4332.66
4332.22
4332.07
4332.23
4332.69
4333.39
4333.39
4332.69
4332.23
4332.07
4332.22
4332.66
4333.42
4334.68
4337.26
4372.75
1863.89
1876.16
1872.47
1871.84
1871.74
1871.97
1872.39
1872.96
1873.69
1875.53
1875.53
1873.69
1872.96
1872.39
1871.97
1871.74
1871.84
1872.47
1876.16
1863.89
2617.74
2614.28
2611.78
2611.75
2612.2
2612.97
2613.92
2614.94
2616.01
2617.81
2617.81
2616.01
2614.94
2613.92
2612.97
2612.2
2611.75
2611.78
2614.28
2617.74
3145.1
3135.9
3133.65
3133.46
3133.82
3134.58
3135.6
3136.75
3137.92
3139.53
3139.53
3137.92
3136.75
3135.6
3134.58
3133.82
3133.46
3133.65
3135.9
3145.1
2858.94
2854.08
2852.01
2851.67
2851.83
2852.46
2853.43
2854.62
2855.86
2857.36
2857.36
2855.86
2854.62
2853.43
2852.46
2851.83
2851.67
2852.01
2854.08
2858.94
2157.42
2160.63
2158.85
2158.63
2158.8
2159.43
2160.47
2161.77
2163.11
2164.48
2164.48
2163.11
2161.77
2160.48
2159.43
2158.8
2158.63
2158.85
2160.63
2157.43
1566.87
1574.41
1572.78
1572.7
1572.92
1573.58
1574.63
1575.91
1577.17
1578.27
1578.27
1577.17
1575.91
1574.63
1573.58
1572.92
1572.7
1572.78
1574.41
1566.87
1272.16
1277.7
1276.09
1275.84
1275.83
1276.15
1276.77
1277.59
1278.41
1279.09
1279.09
1278.41
1277.59
1276.77
1276.15
1275.83
1275.84
1276.09
1277.7
1272.16
1074.44
1077.39
1075.9
1075.44
1075.14
1075.04
1075.17
1075.46
1075.83
1076.21
1076.21
1075.83
1075.46
1075.17
1075.04
1075.14
1075.44
1075.9
1077.39
1074.44
852.12
854.448
853.212
852.744
852.361
852.104
852.002
852.05
852.199
852.463
852.463
852.2
852.05
852.002
852.104
852.361
852.744
853.212
854.448
852.12
638.464
640.986
640.037
639.697
639.407
639.197
639.095
639.107
639.205
639.436
639.436
639.206
639.107
639.095
639.196
639.407
639.697
640.036
640.986
638.464
476.507
479.024
478.302
478.095
477.926
477.813
477.775
477.815
477.914
478.127
478.127
477.914
477.815
477.775
477.813
477.926
478.095
478.301
479.023
476.507
367.609
369.782
369.217
369.087
368.992
368.941
368.946
369.005
369.101
369.286
369.286
369.101
369.004
368.945
368.94
368.991
369.086
369.216
369.781
367.608
292.736
294.475
294.025
293.93
293.869
293.848
293.871
293.934
294.024
294.178
294.178
294.024
293.934
293.87
293.846
293.868
293.929
294.023
294.474
292.735
236.87
238.231
237.87
237.796
237.752
237.743
237.772
237.833
237.914
238.04
238.04
237.914
237.833
237.771
237.741
237.75
237.794
237.868
238.228
236.868
192.508
193.567
193.277
193.217
193.182
193.177
193.204
193.259
193.328
193.429
193.429
193.327
193.258
193.203
193.175
193.18
193.214
193.274
193.564
192.505
156.052
156.88
156.646
156.596
156.566
156.561
156.582
156.626
156.681
156.762
156.762
156.681
156.625
156.581
156.559
156.563
156.593
156.643
156.877
156.049
125.755
126.409
126.221
126.178
126.152
126.146
126.161
126.194
126.237
126.301
126.301
126.236
126.193
126.159
126.144
126.149
126.175
126.218
126.406
125.752
100.747
101.269
101.118
101.082
101.06
101.054
101.064
101.088
101.121
101.172
101.172
101.121
101.087
101.062
101.051
101.057
101.079
101.114
101.266
100.744
80.4025
80.8208
80.6988
80.6701
80.6518
80.6457
80.6528
80.6715
80.6972
80.7376
80.7374
80.6965
80.6702
80.6509
80.6432
80.6488
80.6669
80.6954
80.8174
80.3991
64.0613
64.3966
64.2988
64.2757
64.2608
64.2556
64.2608
64.2753
64.2955
64.3278
64.3276
64.2948
64.2741
64.2589
64.2531
64.2579
64.2725
64.2955
64.3933
64.058
51.0309
51.2991
51.2206
51.2021
51.1901
51.1858
51.1898
51.2012
51.2171
51.2431
51.2429
51.2165
51.2
51.188
51.1834
51.1873
51.199
51.2175
51.296
51.0277
40.6639
40.878
40.8151
40.8001
40.7904
40.7869
40.79
40.799
40.8117
40.8325
40.8323
40.8111
40.7979
40.7883
40.7847
40.7879
40.7973
40.8122
40.8751
40.661
32.412
32.5827
32.5322
32.5201
32.5122
32.5093
32.5116
32.5187
32.5289
32.5455
32.5454
32.5283
32.5178
32.5102
32.5074
32.51
32.5176
32.5296
32.5801
32.4094
25.8355
25.9716
25.9311
25.9213
25.915
25.9125
25.9143
25.9199
25.928
25.9414
25.9412
25.9275
25.9191
25.913
25.9108
25.913
25.9192
25.9289
25.9694
25.8334
20.59
20.6983
20.6659
20.6581
20.653
20.6509
20.6523
20.6568
20.6632
20.674
20.6739
20.6628
20.6561
20.6512
20.6495
20.6512
20.6562
20.664
20.6965
20.5882
16.4051
16.4915
16.4655
16.4592
16.4552
16.4536
16.4547
16.4582
16.4634
16.472
16.4719
16.463
16.4576
16.4537
16.4523
16.4536
16.4576
16.4639
16.4899
16.4035
13.0673
13.1362
13.1155
13.1105
13.1073
13.1061
13.107
13.1099
13.114
13.1209
13.1209
13.1137
13.1093
13.1061
13.1049
13.1059
13.109
13.114
13.1348
13.0659
10.4064
10.4614
10.4449
10.441
10.4385
10.4376
10.4384
10.4407
10.444
10.4496
10.4496
10.4438
10.4402
10.4375
10.4364
10.4371
10.4395
10.4435
10.4601
10.4052
8.28619
8.33
8.31685
8.31381
8.31191
8.31127
8.31197
8.31386
8.31655
8.32104
8.32096
8.31626
8.3133
8.31109
8.31011
8.31056
8.3124
8.31548
8.3287
8.28497
6.59719
6.63212
6.62166
6.61928
6.61783
6.61738
6.61797
6.6195
6.62165
6.62525
6.62516
6.62134
6.61891
6.61706
6.61618
6.61645
6.61783
6.62025
6.63078
6.59593
5.25189
5.27972
5.2714
5.26953
5.26841
5.26807
5.26854
5.26975
5.27144
5.2743
5.2742
5.2711
5.26911
5.26757
5.26681
5.26695
5.26801
5.26991
5.27831
5.25054
4.18033
4.20251
4.19587
4.19439
4.19349
4.19319
4.19354
4.19445
4.19575
4.19801
4.19789
4.19538
4.19376
4.19251
4.19186
4.19195
4.19278
4.19429
4.201
4.17889
3.32681
3.34447
3.33916
3.33796
3.33721
3.33692
3.33712
3.33777
3.33874
3.34049
3.34036
3.33834
3.33704
3.33604
3.33552
3.3356
3.33627
3.33749
3.34287
3.32529
2.64703
2.66109
2.65683
2.65584
2.65518
2.65487
2.65494
2.65536
2.65604
2.65738
2.65725
2.65562
2.6546
2.65382
2.65343
2.65353
2.6541
2.65511
2.65943
2.64545
2.1058
2.11699
2.11356
2.11273
2.11214
2.11181
2.11176
2.11199
2.11244
2.11345
2.11331
2.11201
2.11121
2.11062
2.11036
2.11048
2.11098
2.11183
2.11533
2.10422
1.67509
1.68399
1.68124
1.68053
1.68
1.67965
1.67952
1.6796
1.67988
1.68063
1.6805
1.67946
1.67885
1.67841
1.67824
1.67839
1.67884
1.67957
1.6824
1.67357
1.3325
1.33959
1.33738
1.33679
1.33632
1.33598
1.33579
1.33577
1.33593
1.33648
1.33636
1.33553
1.33507
1.33475
1.33466
1.33482
1.33522
1.33585
1.33815
1.33114
1.06007
1.06572
1.06396
1.06347
1.06307
1.06275
1.06254
1.06247
1.06254
1.06295
1.06285
1.0622
1.06185
1.06163
1.06159
1.06175
1.06211
1.06265
1.06452
1.05895
0.843361
0.847884
0.846483
0.846102
0.845772
0.845492
0.84529
0.845189
0.845211
0.845526
0.845443
0.844941
0.844686
0.844537
0.844531
0.844689
0.845007
0.845469
0.846989
0.842571
0.670824
0.674447
0.673351
0.673066
0.672808
0.672576
0.672395
0.672291
0.67229
0.67254
0.672485
0.672106
0.67193
0.671838
0.67186
0.672011
0.67229
0.672684
0.673922
0.670418
0.533269
0.536178
0.535336
0.535137
0.534947
0.534764
0.534612
0.534518
0.534511
0.534718
0.534695
0.534422
0.534313
0.534269
0.534315
0.534461
0.534708
0.535045
0.536055
0.53328
0.423475
0.425817
0.425182
0.425057
0.424926
0.424788
0.424668
0.42459
0.424586
0.424766
0.424775
0.424592
0.424541
0.424541
0.424609
0.424754
0.424976
0.425267
0.426095
0.423906
0.335811
0.337699
0.337231
0.337165
0.337083
0.336984
0.336892
0.33683
0.336834
0.336995
0.337035
0.336929
0.336927
0.336964
0.337054
0.337202
0.337407
0.337665
0.338349
0.336631
0.265885
0.267408
0.267072
0.267051
0.267006
0.266936
0.266866
0.266818
0.266828
0.266976
0.267041
0.266998
0.267037
0.267105
0.267214
0.267368
0.267563
0.267799
0.268372
0.267034
0.210234
0.211461
0.211225
0.211235
0.211216
0.211167
0.21111
0.21107
0.211083
0.211218
0.211303
0.211309
0.211378
0.211469
0.211594
0.211753
0.211945
0.212168
0.212656
0.211623
0.166073
0.16706
0.166898
0.166927
0.166922
0.166883
0.166831
0.16679
0.166799
0.16692
0.167016
0.167057
0.167147
0.167253
0.167387
0.167551
0.167741
0.167958
0.168382
0.167594
0.131124
0.131917
0.131807
0.131843
0.131842
0.131803
0.131745
0.131696
0.131693
0.131795
0.131892
0.131954
0.132055
0.132169
0.132306
0.132471
0.132661
0.132876
0.133252
0.132658
0.103516
0.104152
0.104078
0.104113
0.104108
0.104059
0.103987
0.103919
0.103896
0.103971
0.104061
0.104132
0.104235
0.104348
0.104483
0.104644
0.104833
0.105047
0.105385
0.104944
0.0817316
0.0822425
0.0821907
0.0822202
0.082203
0.082137
0.082043
0.0819492
0.0818992
0.0819424
0.0820162
0.0820842
0.0821801
0.0822842
0.0824094
0.0825632
0.0827473
0.0829576
0.0832652
0.0829423
0.0645567
0.0649684
0.0649318
0.0649519
0.0649195
0.0648329
0.0647134
0.0645904
0.0645088
0.064516
0.0645658
0.0646208
0.0647
0.0647869
0.0648947
0.0650339
0.0652078
0.0654108
0.0656903
0.0654577
0.0510248
0.0513594
0.0513334
0.0513439
0.0512961
0.0511892
0.051045
0.0508936
0.0507804
0.0507505
0.0507705
0.0508028
0.0508556
0.0509157
0.0509975
0.0511141
0.0512706
0.0514604
0.051712
0.051547
0.0403498
0.0406253
0.0406082
0.0406109
0.0405503
0.0404267
0.0402623
0.0400869
0.0399454
0.0398797
0.0398663
0.0398676
0.0398849
0.0399087
0.0399557
0.0400414
0.040173
0.0403429
0.0405654
0.04045
0.0318749
0.0321057
0.0320972
0.0320945
0.0320246
0.0318889
0.0317098
0.0315157
0.0313501
0.0312515
0.0312029
0.0311679
0.0311433
0.0311242
0.0311298
0.0311784
0.031279
0.0314235
0.0316152
0.0315356
0.025058
0.0252548
0.0252548
0.0252485
0.0251716
0.0250266
0.0248358
0.0246263
0.0244394
0.0243101
0.0242269
0.0241549
0.0240876
0.0240246
0.0239877
0.0239974
0.0240646
0.0241812
0.0243417
0.0242877
0.0194954
0.0196657
0.019673
0.0196629
0.0195785
0.0194235
0.0192203
0.0189946
0.0187864
0.0186276
0.0185128
0.0184087
0.018305
0.0182046
0.0181311
0.0181067
0.0181433
0.0182333
0.0183646
0.0183297
0.0149494
0.0150975
0.0151094
0.0150934
0.0149988
0.0148306
0.0146117
0.0143668
0.0141358
0.0139492
0.0138087
0.0136828
0.0135555
0.0134312
0.0133337
0.0132855
0.0132993
0.0133677
0.0134745
0.0134552
0.0113311
0.0114591
0.0114717
0.0114473
0.0113407
0.0111575
0.0109216
0.0106573
0.0104054
0.0101968
0.0100404
0.00990654
0.00977222
0.00964073
0.00953487
0.00947599
0.00947685
0.0095305
0.00961865
0.00961395
0.00860548
0.00871384
0.00872379
0.00869078
0.00857418
0.00838034
0.00813332
0.00785786
0.00759556
0.00737827
0.00722028
0.00709337
0.00696804
0.00684499
0.00674482
0.00668694
0.00668328
0.00672754
0.00680191
0.00681131
0.00665423
0.00674369
0.00674941
0.00671054
0.00659092
0.00639648
0.0061509
0.00587926
0.00562361
0.00541587
0.00527125
0.00516273
0.00505691
0.00495159
0.00486502
0.00481436
0.00481017
0.00484713
0.00491004
0.00493149
0.0052235
0.00529676
0.00529896
0.00525846
0.00514323
0.00495729
0.00472297
0.00446574
0.00422754
0.00403959
0.00391472
0.00382637
0.00374032
0.00365226
0.0035787
0.00353505
0.00353052
0.00356104
0.00361431
0.00364339
0.00403448
0.00409542
0.00409676
0.00405887
0.00395331
0.00378057
0.0035605
0.00331879
0.00309716
0.00292622
0.00281618
0.00274084
0.00266676
0.00258876
0.00252262
0.00248286
0.00247765
0.00250404
0.00255103
0.0025833
0.0029239
0.00297389
0.00297863
0.00294875
0.00285914
0.00270591
0.00250532
0.00228277
0.00207884
0.00192293
0.00182328
0.00175455
0.0016865
0.00161473
0.00155433
0.00151849
0.00151361
0.00153771
0.00157976
0.00161211
0.00194138
0.00197263
0.00198451
0.00197019
0.00190927
0.00179489
0.00164013
0.00146961
0.00131808
0.00120677
0.00113691
0.00108821
0.00104461
0.0010058
0.000978607
0.000964372
0.000960818
0.000968114
0.000984003
0.00100532
0.00154153
0.0015323
0.00154114
0.0015435
0.00152937
0.00149482
0.00144871
0.00140675
0.00137824
0.00136165
0.00134973
0.0013414
0.00134599
0.00136338
0.00138332
0.00139237
0.00138288
0.00135758
0.00132892
0.00132456
0.00201747
0.00198258
0.00196921
0.00196486
0.00196975
0.00198208
0.00199925
0.00201931
0.00203303
0.00203522
0.00202447
0.00201278
0.00201828
0.00203852
0.00205824
0.00206061
0.00203804
0.00199427
0.00194736
0.00193224
0.00264833
0.0026099
0.00257541
0.00255166
0.0025435
0.00254987
0.00256304
0.0025741
0.00256932
0.00254557
0.00250564
0.00246671
0.00244958
0.00245029
0.00245262
0.00243884
0.00240189
0.002346
0.00229084
0.00227184
0.00297137
0.0029323
0.00287788
0.00283058
0.00279805
0.00277927
0.00276472
0.00274343
0.00270111
0.00263675
0.00255664
0.00248133
0.00243318
0.00240808
0.00239031
0.0023621
0.00231675
0.0022585
0.00220519
0.00218884
0.00291591
0.0028728
0.00279569
0.00271905
0.00265352
0.00259824
0.00254353
0.00247844
0.00238921
0.00227594
0.00214872
0.00203197
0.00195049
0.00190184
0.0018714
0.00184161
0.00180569
0.0017671
0.00173717
0.00173669
0.00265194
0.00259932
0.00249478
0.0023806
0.00227135
0.00216723
0.00205958
0.0019385
0.00179048
0.0016148
0.00142556
0.00125444
0.00113557
0.00107428
0.00105802
0.00106827
0.00109598
0.001139
0.00118851
0.00123236
0.00251109
0.00244625
0.00231708
0.00216636
0.00201205
0.00185633
0.00169272
0.00151311
0.00130431
0.00106187
0.000800034
0.000559268
0.000412274
0.000422204
0.000546721
0.000714274
0.000895916
0.0010764
0.00122759
0.00131086
0.00276898
0.00269678
0.0025606
0.00239672
0.00222476
0.00204999
0.00187066
0.00168434
0.00148724
0.0012868
0.0011142
0.00101512
0.00101079
0.00108078
0.00119557
0.00134063
0.00150673
0.00167833
0.0018239
0.00189795
0.00337916
0.00330435
0.00317117
0.00300926
0.00283872
0.00266686
0.0024952
0.00232467
0.00215583
0.00199739
0.00187186
0.00180421
0.00179877
0.00184135
0.00191659
0.00201882
0.00214387
0.00227836
0.00239426
0.00245293
0.0041092
0.00403305
0.00390228
0.00374285
0.0035747
0.00340465
0.00323438
0.00306503
0.00289674
0.00273508
0.00259473
0.00249563
0.00244531
0.00243754
0.00246284
0.00251662
0.00259499
0.00268565
0.00276575
0.0028104
0.0047091
0.00463348
0.00450693
0.0043537
0.0041926
0.00402807
0.00385997
0.0036888
0.00351389
0.00333857
0.00317125
0.0030299
0.00292728
0.00286353
0.00283406
0.002835
0.00286223
0.00290503
0.00294693
0.002979
0.00489512
0.00482339
0.00470691
0.00456779
0.00442242
0.00427209
0.00411404
0.00394791
0.00377307
0.00359255
0.0034101
0.00324174
0.00310364
0.00299905
0.00292682
0.00288436
0.00286808
0.00286979
0.00287956
0.00290096
0.00436593
0.00430192
0.00420146
0.00408262
0.00395782
0.00382634
0.00368312
0.00352724
0.00335897
0.00318253
0.00299954
0.00282414
0.00267314
0.00255019
0.00245581
0.00238877
0.00234658
0.00232347
0.00231402
0.00232631
0.00297245
0.0029168
0.00283428
0.00273722
0.00263242
0.00251886
0.0023903
0.0022454
0.00208529
0.00191541
0.00173727
0.001563
0.00140948
0.00128078
0.00117933
0.00110603
0.00105971
0.00103476
0.00102498
0.00103096
0.00175736
0.00171917
0.00167142
0.00161995
0.00156878
0.00151812
0.00146458
0.00140899
0.00135449
0.00130597
0.00126795
0.00124486
0.00123934
0.00124901
0.00126988
0.0012973
0.00132683
0.00135449
0.00137637
0.00139153
0.00283473
0.00281588
0.00281657
0.00282668
0.00284951
0.00288286
0.00292333
0.00296883
0.00301839
0.00307127
0.00312729
0.00318556
0.00324423
0.00330122
0.00335395
0.00340015
0.00343828
0.00346753
0.00348813
0.00352454
)
;
    }
    outer-wall
    {
        type            calculated;
        value           nonuniform List<scalar> 
1600
(
3067.19
3107.46
3107.34
3106.53
3105.3
3103.89
3102.47
3101.21
3100.23
3099.69
3099.69
3100.23
3101.21
3102.47
3103.89
3105.3
3106.53
3107.34
3107.46
3067.19
941.085
936.704
937.037
936.838
936.599
936.334
936.09
935.889
935.717
935.593
935.593
935.717
935.889
936.09
936.334
936.6
936.838
937.037
936.704
941.085
2107.23
2108.22
2110.19
2110.44
2110.4
2110.29
2110.19
2110.13
2110.09
2110.05
2110.05
2110.09
2110.13
2110.19
2110.29
2110.4
2110.44
2110.19
2108.23
2107.23
2541.17
2541.83
2544.32
2544.39
2543.87
2543.08
2542.2
2541.39
2540.74
2540.36
2540.36
2540.74
2541.39
2542.2
2543.08
2543.87
2544.39
2544.32
2541.83
2541.17
2218.3
2213.86
2215.89
2215.58
2214.61
2213.2
2211.58
2209.98
2208.64
2207.85
2207.85
2208.64
2209.98
2211.58
2213.2
2214.61
2215.58
2215.89
2213.86
2218.3
1586.23
1577.59
1578.9
1578.49
1577.54
1576.13
1574.41
1572.61
1571.04
1570.09
1570.09
1571.04
1572.61
1574.41
1576.13
1577.54
1578.49
1578.9
1577.59
1586.23
1112.69
1107.12
1107.91
1107.83
1107.4
1106.63
1105.55
1104.32
1103.18
1102.46
1102.46
1103.18
1104.32
1105.55
1106.63
1107.4
1107.83
1107.91
1107.12
1112.69
900.332
901.702
902.142
902.252
902.122
901.724
901.102
900.353
899.639
899.185
899.185
899.639
900.353
901.102
901.724
902.122
902.252
902.142
901.702
900.332
730.143
734.114
734.257
734.269
734.07
733.633
733.016
732.321
731.694
731.312
731.312
731.694
732.321
733.016
733.634
734.07
734.27
734.257
734.114
730.143
527.57
530.599
530.54
530.473
530.262
529.859
529.303
528.69
528.15
527.828
527.828
528.15
528.691
529.304
529.859
530.262
530.473
530.54
530.599
527.57
353.189
354.343
354.235
354.212
354.146
353.957
353.652
353.288
352.955
352.752
352.752
352.954
353.288
353.652
353.958
354.146
354.212
354.236
354.343
353.189
249.76
249.534
249.499
249.553
249.632
249.651
249.589
249.468
249.334
249.246
249.246
249.334
249.468
249.589
249.651
249.633
249.553
249.499
249.534
249.76
197.953
197.21
197.245
197.314
197.417
197.486
197.499
197.462
197.402
197.355
197.355
197.402
197.462
197.499
197.486
197.417
197.315
197.245
197.21
197.953
162.834
162.049
162.104
162.151
162.216
162.255
162.252
162.211
162.151
162.106
162.106
162.151
162.211
162.252
162.256
162.217
162.151
162.104
162.049
162.834
132.068
131.402
131.45
131.476
131.511
131.523
131.5
131.448
131.383
131.337
131.337
131.383
131.447
131.5
131.523
131.511
131.476
131.45
131.402
132.068
105.471
104.96
104.998
105.014
105.033
105.032
105.003
104.951
104.892
104.849
104.849
104.891
104.951
105.003
105.032
105.033
105.014
104.998
104.96
105.471
83.6557
83.2811
83.3091
83.3207
83.3338
83.3293
83.3024
83.2571
83.2062
83.1708
83.1707
83.2061
83.257
83.3024
83.3294
83.3339
83.3208
83.3091
83.281
83.6556
66.2351
65.956
65.9775
65.9874
65.998
65.9941
65.972
65.9354
65.8944
65.8661
65.8661
65.8943
65.9353
65.972
65.9942
65.9981
65.9874
65.9774
65.9559
66.2349
52.4804
52.2632
52.2804
52.2895
52.2991
52.297
52.2803
52.252
52.2201
52.1981
52.198
52.22
52.2519
52.2803
52.2971
52.2992
52.2895
52.2804
52.2631
52.4803
41.665
41.4901
41.5043
41.5125
41.5214
41.5209
41.5087
41.4871
41.4626
41.4455
41.4455
41.4625
41.487
41.5087
41.521
41.5215
41.5126
41.5043
41.49
41.6649
33.1451
33.0025
33.0144
33.0215
33.0293
33.0296
33.0207
33.0041
32.9851
32.9718
32.9718
32.985
33.0041
33.0207
33.0298
33.0294
33.0216
33.0144
33.0025
33.145
26.3989
26.2831
26.2929
26.2989
26.3054
26.3061
26.2993
26.2864
26.2714
26.2609
26.2609
26.2714
26.2864
26.2994
26.3063
26.3056
26.2991
26.293
26.2831
26.3989
21.0328
20.9396
20.9476
20.9525
20.9579
20.9585
20.9532
20.943
20.9311
20.9226
20.9226
20.931
20.943
20.9533
20.9587
20.9581
20.9527
20.9477
20.9397
21.0329
16.7548
16.6805
16.6869
16.6909
16.6952
16.6957
16.6915
16.6834
16.6738
16.6671
16.6671
16.6738
16.6834
16.6916
16.696
16.6955
16.6911
16.6871
16.6806
16.7549
13.343
13.284
13.2892
13.2924
13.2959
13.2963
13.293
13.2865
13.2788
13.2734
13.2734
13.2788
13.2865
13.2931
13.2966
13.2962
13.2927
13.2894
13.2843
13.3432
10.6233
10.5766
10.5807
10.5833
10.5861
10.5865
10.5839
10.5787
10.5726
10.5682
10.5682
10.5726
10.5788
10.5841
10.5868
10.5865
10.5837
10.5811
10.5769
10.6235
8.45645
8.41959
8.42283
8.42496
8.42723
8.42757
8.42547
8.42135
8.41649
8.41304
8.41304
8.41652
8.42146
8.42569
8.4279
8.42762
8.42536
8.4232
8.4199
8.45672
6.73074
6.70161
6.70419
6.70593
6.70777
6.70808
6.70643
6.70317
6.69931
6.69657
6.69658
6.69936
6.7033
6.70667
6.70843
6.70818
6.70635
6.70458
6.70195
6.73103
5.35658
5.33356
5.33562
5.33704
5.33854
5.33882
5.33753
5.33496
5.3319
5.32972
5.32973
5.33195
5.3351
5.33778
5.33918
5.33897
5.33747
5.33603
5.33392
5.3569
4.26243
4.24424
4.24588
4.24704
4.24826
4.24851
4.24751
4.24549
4.24306
4.24133
4.24135
4.24312
4.24563
4.24777
4.24888
4.24869
4.24748
4.24629
4.24461
4.26276
3.39129
3.37692
3.37822
3.37916
3.38016
3.38037
3.3796
3.37801
3.37609
3.37472
3.37473
3.37615
3.37815
3.37986
3.38075
3.38059
3.37961
3.37864
3.37729
3.39163
2.69781
2.68646
2.68749
2.68825
2.68905
2.68924
2.68864
2.68738
2.68586
2.68477
2.68479
2.68592
2.68752
2.6889
2.68961
2.68949
2.68869
2.6879
2.68683
2.69815
2.1459
2.13693
2.13774
2.13835
2.13899
2.13915
2.13868
2.13768
2.13648
2.13561
2.13563
2.13654
2.13783
2.13894
2.13952
2.13943
2.13879
2.13816
2.1373
2.14623
1.70681
1.69973
1.70036
1.70084
1.70135
1.70148
1.7011
1.70031
1.69936
1.69867
1.69869
1.69942
1.70047
1.70137
1.70185
1.70179
1.70129
1.70078
1.7001
1.70715
1.35762
1.35202
1.35251
1.35288
1.35329
1.35338
1.35309
1.35246
1.3517
1.35115
1.35117
1.35177
1.35262
1.35336
1.35376
1.35373
1.35334
1.35294
1.3524
1.35797
1.08002
1.07558
1.07595
1.07625
1.07656
1.07664
1.0764
1.0759
1.0753
1.07487
1.07488
1.07537
1.07607
1.07668
1.07702
1.07702
1.07672
1.0764
1.07598
1.08038
0.85936
0.85584
0.85613
0.856357
0.856605
0.856662
0.856474
0.856083
0.855607
0.855266
0.855287
0.855686
0.856256
0.856764
0.857059
0.857074
0.856847
0.856598
0.856266
0.859747
0.68396
0.681163
0.681385
0.681562
0.681757
0.681805
0.681661
0.681359
0.680988
0.680724
0.680747
0.681074
0.681542
0.681966
0.682219
0.682247
0.682076
0.68188
0.681618
0.684376
0.544476
0.54225
0.542418
0.542557
0.542716
0.542761
0.542658
0.542431
0.542148
0.541947
0.541973
0.542242
0.542626
0.542978
0.543195
0.54323
0.5431
0.542946
0.542737
0.544924
0.433467
0.431692
0.431819
0.431931
0.432066
0.432115
0.432049
0.431886
0.431677
0.431529
0.431557
0.431779
0.432094
0.432386
0.432569
0.432606
0.432507
0.432383
0.432215
0.43395
0.345027
0.34361
0.343705
0.343797
0.343918
0.343975
0.343943
0.343834
0.343687
0.343582
0.343613
0.343796
0.344055
0.344296
0.344449
0.344484
0.344407
0.344306
0.344169
0.345544
0.274485
0.273353
0.273422
0.273502
0.273615
0.273683
0.273681
0.273618
0.273521
0.27345
0.273484
0.273637
0.273851
0.274049
0.274176
0.274206
0.274144
0.274061
0.273947
0.275032
0.218164
0.21726
0.217311
0.217382
0.217491
0.21757
0.217595
0.217569
0.217511
0.217468
0.217503
0.217633
0.217811
0.217975
0.218079
0.218104
0.218053
0.217982
0.217885
0.218736
0.173177
0.172458
0.172494
0.172561
0.172668
0.172757
0.172803
0.172806
0.172779
0.172757
0.172794
0.172905
0.173055
0.173193
0.173278
0.173297
0.173254
0.173191
0.173107
0.173768
0.137261
0.136692
0.136718
0.136781
0.136888
0.136984
0.137046
0.137071
0.137068
0.137062
0.137099
0.137196
0.137325
0.137442
0.137513
0.137527
0.137489
0.137432
0.137355
0.137863
0.108633
0.108185
0.108204
0.108266
0.10837
0.108471
0.108544
0.108587
0.108601
0.108608
0.108644
0.108729
0.108841
0.108943
0.109003
0.109014
0.108978
0.108924
0.108852
0.109236
0.0858777
0.0855271
0.0855425
0.0856015
0.0857025
0.0858045
0.085886
0.0859414
0.085969
0.085984
0.0860193
0.0860932
0.0861915
0.0862822
0.0863354
0.086344
0.0863097
0.0862557
0.0861865
0.086471
0.0678589
0.0675857
0.0675983
0.0676545
0.0677507
0.0678518
0.0679379
0.0680022
0.0680397
0.0680607
0.0680936
0.0681575
0.068244
0.0683258
0.0683747
0.0683821
0.0683483
0.0682929
0.0682242
0.0684309
0.0536531
0.0534399
0.0534503
0.0535029
0.0535934
0.0536918
0.0537801
0.0538502
0.0538947
0.0539195
0.053949
0.0540033
0.054079
0.0541535
0.0541996
0.0542063
0.0541722
0.0541146
0.054045
0.0541917
0.0425032
0.0423352
0.0423436
0.0423919
0.0424764
0.0425712
0.0426597
0.0427332
0.042782
0.0428086
0.042834
0.0428791
0.0429448
0.0430125
0.0430562
0.0430623
0.0430273
0.0429668
0.0428953
0.0429965
0.0337864
0.0336513
0.0336576
0.0337016
0.0337806
0.0338714
0.0339587
0.0340334
0.0340842
0.0341108
0.0341315
0.0341677
0.0342239
0.0342851
0.0343261
0.034331
0.0342945
0.0342308
0.0341568
0.0342236
0.026991
0.0268794
0.0268836
0.0269237
0.026998
0.027085
0.0271701
0.0272439
0.0272944
0.0273193
0.027335
0.0273628
0.0274102
0.0274648
0.0275024
0.0275053
0.0274667
0.0273996
0.0273228
0.0273637
0.0216995
0.0216045
0.0216063
0.0216432
0.0217138
0.0217972
0.0218791
0.0219502
0.0219983
0.02202
0.0220303
0.0220506
0.02209
0.0221381
0.0221714
0.0221714
0.0221301
0.0220597
0.0219804
0.0220014
0.0175737
0.0174904
0.0174896
0.0175239
0.0175914
0.0176715
0.0177494
0.0178163
0.0178601
0.0178774
0.0178823
0.0178957
0.0179281
0.0179699
0.0179984
0.0179949
0.0179507
0.0178774
0.0177963
0.0178021
0.0143433
0.0142682
0.0142644
0.0142962
0.014361
0.0144377
0.0145111
0.0145727
0.0146113
0.0146235
0.0146229
0.0146304
0.0146565
0.0146925
0.0147159
0.0147089
0.0146622
0.0145869
0.0145051
0.0144991
0.011794
0.0117247
0.0117174
0.0117463
0.0118083
0.0118815
0.0119504
0.0120067
0.0120399
0.012047
0.0120415
0.0120436
0.0120641
0.0120944
0.0121129
0.0121029
0.0120549
0.0119789
0.0118976
0.0118826
0.00975465
0.00968948
0.00967863
0.00970414
0.00976284
0.00983269
0.00989759
0.00994962
0.0099785
0.00998142
0.00997154
0.00996874
0.00998363
0.0100085
0.0100224
0.0100103
0.00996238
0.00988734
0.00980729
0.00978539
0.00808545
0.00802365
0.00800978
0.00803158
0.00808673
0.00815346
0.0082155
0.00826495
0.00829136
0.00829157
0.00827815
0.00827052
0.00827972
0.00829902
0.00830868
0.00829536
0.00824918
0.00817655
0.00809807
0.00807054
0.00667149
0.00661335
0.00659763
0.00661606
0.00666755
0.00673145
0.00679178
0.00684042
0.00686635
0.00686555
0.00684953
0.00683732
0.0068409
0.00685499
0.00686103
0.00684748
0.00680416
0.00673496
0.00665818
0.00662556
0.00542196
0.00536874
0.00535278
0.00536893
0.00541697
0.00547835
0.00553785
0.00558707
0.00561417
0.00561399
0.00559663
0.00558075
0.00557964
0.00558969
0.00559345
0.00558069
0.00554095
0.00547573
0.00540098
0.00536365
0.00427124
0.00422468
0.00421022
0.00422575
0.00427099
0.00433032
0.00438973
0.00444049
0.00447007
0.0044722
0.00445549
0.00443816
0.00443473
0.00444321
0.004447
0.00443638
0.00440069
0.00433984
0.00426806
0.00422685
0.00318314
0.00314507
0.0031336
0.00315013
0.00319348
0.00325132
0.00331111
0.00336398
0.00339711
0.00340356
0.00339059
0.00337566
0.00337396
0.00338472
0.00339194
0.00338547
0.00335468
0.00329887
0.00323175
0.00318826
0.0021665
0.00213934
0.0021319
0.00215026
0.00219206
0.00224818
0.00230777
0.00236223
0.0023993
0.00241207
0.00240669
0.00239921
0.00240432
0.00242176
0.00243619
0.00243632
0.00241195
0.00236277
0.00230275
0.00225903
0.00132255
0.00131163
0.00130964
0.00132864
0.00136605
0.00141601
0.00147027
0.00152167
0.00156011
0.0015797
0.00158507
0.00158909
0.0016038
0.00162897
0.00165117
0.00165862
0.00164236
0.0016031
0.00155457
0.00151344
0.000962898
0.000974314
0.000979348
0.000991045
0.00100938
0.00103341
0.00106105
0.00109004
0.00111585
0.00113444
0.00114627
0.0011563
0.00117017
0.00118879
0.00120577
0.00121284
0.00120403
0.00118065
0.00115253
0.00112137
0.00120184
0.00121813
0.00122496
0.00122595
0.00122248
0.00121613
0.00120983
0.00120633
0.00120742
0.00121141
0.00121418
0.0012122
0.00120486
0.00119537
0.00118728
0.00118038
0.0011726
0.00116429
0.00115751
0.00114186
0.00150197
0.00151294
0.00151799
0.00151325
0.00149971
0.00147975
0.00145774
0.00143797
0.00142419
0.00141536
0.00140552
0.00138811
0.00136071
0.00132801
0.00129875
0.00127847
0.00126717
0.00126408
0.00126632
0.00125922
0.00158349
0.0015886
0.00159032
0.00157996
0.00155833
0.00152891
0.00149681
0.00146688
0.00144327
0.00142482
0.0014049
0.00137652
0.00133751
0.00129351
0.0012549
0.00122896
0.00121526
0.00121224
0.00121568
0.00121058
0.00139746
0.00139783
0.00139522
0.00137766
0.00134634
0.0013064
0.00126379
0.00122405
0.00119168
0.00116553
0.00113897
0.0011056
0.00106441
0.00102181
0.000987475
0.000966178
0.000953857
0.000948165
0.000946438
0.000937353
0.000994697
0.000992007
0.000985379
0.000960387
0.000919184
0.000869055
0.000817491
0.000771636
0.000736803
0.000711317
0.000688432
0.000663971
0.000640644
0.000626559
0.000626369
0.000631971
0.00062848
0.000613322
0.000590873
0.000565762
0.000502639
0.000498368
0.000489599
0.000461182
0.000418348
0.00037376
0.000342456
0.000338319
0.000361148
0.000395133
0.000428646
0.00046451
0.000512261
0.000574864
0.000641142
0.000688123
0.000699055
0.00067674
0.000634923
0.000603341
0.000359554
0.000355024
0.000352045
0.000357672
0.000384227
0.000435004
0.000507733
0.000595248
0.000684165
0.000762044
0.000825964
0.000884172
0.00094788
0.00102031
0.00109177
0.0011419
0.00115681
0.00114062
0.0011087
0.00109256
0.000770093
0.0007653
0.000763944
0.000782233
0.00082789
0.00089558
0.000980158
0.00107554
0.00117029
0.00125292
0.00131985
0.00137814
0.00143864
0.00150563
0.00157185
0.00162025
0.00163856
0.00163041
0.00160965
0.0016047
0.00116176
0.00115605
0.00115338
0.00117187
0.00121971
0.00128953
0.00137491
0.00146998
0.00156436
0.00164728
0.00171481
0.0017728
0.00183113
0.00189411
0.00195621
0.00200399
0.00202682
0.00202712
0.00201592
0.00201777
0.00143404
0.00142937
0.00142742
0.00144652
0.00149479
0.00156377
0.00164585
0.00173539
0.00182379
0.00190232
0.00196777
0.00202498
0.00208184
0.00214146
0.00219925
0.00224558
0.00227172
0.00227872
0.00227427
0.0022781
0.00156483
0.00156255
0.00156257
0.00158219
0.00162785
0.00169115
0.0017638
0.00184051
0.00191514
0.00198209
0.00203995
0.00209263
0.00214536
0.00219916
0.00224973
0.00229109
0.0023167
0.00232668
0.00232561
0.00232734
0.00149699
0.00149484
0.00149405
0.00150919
0.00154398
0.00159155
0.00164421
0.00169755
0.001748
0.00179342
0.0018345
0.00187452
0.00191612
0.0019581
0.0019962
0.00202731
0.00204704
0.00205513
0.00205397
0.00205234
0.00114742
0.00113773
0.00112792
0.00112786
0.00113903
0.001157
0.00117622
0.00119375
0.00120834
0.00122052
0.00123271
0.00124803
0.00126765
0.00128906
0.00130799
0.0013231
0.00133148
0.0013326
0.00132854
0.00132631
0.000966452
0.000953965
0.000936751
0.00091984
0.000904884
0.000891628
0.000878496
0.0008644
0.000848898
0.000832418
0.000816449
0.000803176
0.000794018
0.000788287
0.000783859
0.000779993
0.000774928
0.00076792
0.000761283
0.000752102
0.00135556
0.00136845
0.00136826
0.00137561
0.00139133
0.00141483
0.0014445
0.00147869
0.00151614
0.00155607
0.00159801
0.00164145
0.00168531
0.00172771
0.00176662
0.00180037
0.00182765
0.00184791
0.00186089
0.00183802
)
;
    }
    symmetry-x
    {
        type            symmetryPlane;
    }
    symmetry-y
    {
        type            symmetryPlane;
    }
}


// ************************************************************************* //
