/*--------------------------------*- C++ -*----------------------------------*\
| =========                 |                                                 |
| \\      /  F ield         | foam-extend: Open Source CFD                    |
|  \\    /   O peration     | Version:     3.1                                |
|   \\  /    A nd           | Web:         http://www.extend-project.de       |
|    \\/     M anipulation  |                                                 |
\*---------------------------------------------------------------------------*/
FoamFile
{
    version     2.0;
    format      ascii;
    class       vectorField;
    location    "1.6/polyMesh";
    object      points;
}
// * * * * * * * * * * * * * * * * * * * * * * * * * * * * * * * * * * * * * //


405
(
(0.45 0 -0.2)
(0.475 0 -0.2)
(0.5 0 -0.2)
(0.525 0 -0.2)
(0.55 0 -0.2)
(0.450769 0.0257264 -0.199774)
(0.475495 0.0252326 -0.199842)
(0.500391 0.0249925 -0.200008)
(0.525431 0.0247514 -0.20018)
(0.550625 0.0242825 -0.200268)
(0.451501 0.0510576 -0.199938)
(0.476269 0.050425 -0.199938)
(0.501139 0.0499978 -0.200028)
(0.526169 0.0495718 -0.20013)
(0.551303 0.0489473 -0.200165)
(0.452439 0.0764084 -0.200069)
(0.477213 0.0756144 -0.200017)
(0.502083 0.0750048 -0.200048)
(0.527095 0.0743948 -0.20009)
(0.552203 0.0735995 -0.200076)
(0.453473 0.101662 -0.200215)
(0.478272 0.100756 -0.200102)
(0.503148 0.100007 -0.200063)
(0.528145 0.0992573 -0.200037)
(0.553215 0.0983455 -0.199963)
(0.454578 0.126845 -0.200343)
(0.479399 0.125858 -0.200175)
(0.504282 0.125004 -0.200075)
(0.529267 0.124151 -0.199987)
(0.55431 0.123158 -0.199857)
(0.455717 0.151967 -0.200448)
(0.480555 0.150925 -0.200236)
(0.505445 0.149995 -0.200086)
(0.530423 0.14907 -0.199944)
(0.555447 0.148029 -0.199764)
(0.456868 0.177052 -0.200531)
(0.481713 0.175967 -0.200288)
(0.506605 0.174984 -0.200098)
(0.531581 0.174007 -0.199913)
(0.556598 0.172938 -0.199695)
(0.458037 0.202106 -0.200577)
(0.482859 0.200998 -0.200322)
(0.507718 0.199977 -0.20011)
(0.532704 0.19896 -0.199904)
(0.557736 0.197875 -0.19967)
(0.45 0 -0.175)
(0.475 0 -0.175)
(0.5 0 -0.175)
(0.525 0 -0.175)
(0.55 0 -0.175)
(0.450778 0.0257056 -0.174891)
(0.475517 0.0252207 -0.174918)
(0.500433 0.0249988 -0.175008)
(0.525462 0.0247807 -0.175103)
(0.550644 0.0243239 -0.175147)
(0.451478 0.0511065 -0.174982)
(0.476263 0.0504681 -0.174971)
(0.501161 0.0500075 -0.175024)
(0.526177 0.0495503 -0.175088)
(0.551298 0.0489204 -0.1751)
(0.452358 0.0764576 -0.175094)
(0.477155 0.0756597 -0.175036)
(0.502053 0.0750158 -0.17504)
(0.527053 0.0743728 -0.175055)
(0.552143 0.0735741 -0.175024)
(0.453339 0.101714 -0.17521)
(0.47816 0.100803 -0.175103)
(0.503063 0.10002 -0.175054)
(0.528049 0.0992365 -0.175015)
(0.553104 0.0983211 -0.174935)
(0.454394 0.126892 -0.175317)
(0.479235 0.125901 -0.175163)
(0.504144 0.125019 -0.175065)
(0.52912 0.124137 -0.174976)
(0.554149 0.123143 -0.174849)
(0.45549 0.152007 -0.175406)
(0.480346 0.150963 -0.175215)
(0.505261 0.150013 -0.175075)
(0.53023 0.149067 -0.174943)
(0.555241 0.148026 -0.174774)
(0.456606 0.177082 -0.175475)
(0.481469 0.175998 -0.175257)
(0.506383 0.175005 -0.175087)
(0.531351 0.174018 -0.174923)
(0.556356 0.172953 -0.17472)
(0.457757 0.202128 -0.175511)
(0.482595 0.201023 -0.175282)
(0.507475 0.2 -0.175101)
(0.532453 0.198982 -0.174926)
(0.557474 0.197904 -0.174712)
(0.45 0 -0.15)
(0.475 0 -0.15)
(0.5 0 -0.15)
(0.525 0 -0.15)
(0.55 0 -0.15)
(0.450785 0.0256979 -0.149965)
(0.475511 0.0252211 -0.14997)
(0.500421 0.0250022 -0.150008)
(0.525452 0.0247871 -0.150051)
(0.55064 0.0243379 -0.150063)
(0.451462 0.0510881 -0.150026)
(0.476235 0.0504704 -0.150005)
(0.501126 0.0500144 -0.150022)
(0.526144 0.0495615 -0.150044)
(0.551272 0.04895 -0.150033)
(0.4523 0.07644 -0.150107)
(0.477092 0.0756663 -0.150053)
(0.501988 0.075026 -0.150035)
(0.526986 0.0743865 -0.150023)
(0.552077 0.0736112 -0.14998)
(0.453241 0.1017 -0.150195)
(0.478058 0.100812 -0.150104)
(0.50296 0.100033 -0.150047)
(0.527944 0.0992546 -0.149996)
(0.552998 0.0983633 -0.149915)
(0.454257 0.126882 -0.150277)
(0.479096 0.125913 -0.150151)
(0.504004 0.125036 -0.150057)
(0.528977 0.12416 -0.149968)
(0.554003 0.12319 -0.149851)
(0.455317 0.152001 -0.150348)
(0.480172 0.150977 -0.150192)
(0.505087 0.150034 -0.150067)
(0.530053 0.149096 -0.149944)
(0.55506 0.148079 -0.149795)
(0.456402 0.177082 -0.150404)
(0.481266 0.176012 -0.150226)
(0.506181 0.175028 -0.150079)
(0.531145 0.174054 -0.149934)
(0.556145 0.17301 -0.149758)
(0.457533 0.20213 -0.150429)
(0.482372 0.201037 -0.150244)
(0.507253 0.200026 -0.150094)
(0.532224 0.199024 -0.149948)
(0.557239 0.197967 -0.149765)
(0.45 0 -0.125)
(0.475 0 -0.125)
(0.5 0 -0.125)
(0.525 0 -0.125)
(0.55 0 -0.125)
(0.450778 0.0256865 -0.125006)
(0.475496 0.0252189 -0.124997)
(0.5004 0.0250045 -0.125008)
(0.525431 0.0247938 -0.125021)
(0.550622 0.0243564 -0.125016)
(0.451433 0.0510636 -0.125053)
(0.476197 0.0504648 -0.125024)
(0.501081 0.05002 -0.125019)
(0.5261 0.049578 -0.125016)
(0.551232 0.0489853 -0.124992)
(0.452243 0.0764121 -0.125113)
(0.477027 0.0756615 -0.12506)
(0.501917 0.0750354 -0.12503)
(0.526915 0.07441 -0.125002)
(0.55201 0.0736579 -0.124953)
(0.453153 0.101674 -0.125178)
(0.477965 0.10081 -0.125098)
(0.502862 0.100047 -0.125039)
(0.527844 0.0992838 -0.124983)
(0.5529 0.0984171 -0.124906)
(0.454139 0.12686 -0.125241)
(0.478973 0.125914 -0.125134)
(0.503878 0.125053 -0.125048)
(0.528849 0.124194 -0.124964)
(0.553876 0.123249 -0.124859)
(0.455171 0.151986 -0.125296)
(0.480023 0.150982 -0.125166)
(0.504935 0.150055 -0.125057)
(0.529899 0.149134 -0.124949)
(0.554906 0.148141 -0.124819)
(0.456231 0.177074 -0.12534)
(0.481094 0.176021 -0.125193)
(0.506007 0.175052 -0.125068)
(0.530968 0.174096 -0.124944)
(0.555966 0.173076 -0.124794)
(0.457344 0.202129 -0.125358)
(0.482182 0.201049 -0.125207)
(0.50706 0.200053 -0.125084)
(0.532026 0.19907 -0.124963)
(0.557035 0.198035 -0.124809)
(0.45 0 -0.1)
(0.475 0 -0.1)
(0.5 0 -0.1)
(0.525 0 -0.1)
(0.55 0 -0.1)
(0.450764 0.0256741 -0.100023)
(0.47548 0.0252162 -0.100009)
(0.50038 0.0250063 -0.100006)
(0.52541 0.0248003 -0.100005)
(0.550601 0.0243758 -0.0999932)
(0.451402 0.051042 -0.10006)
(0.476159 0.0504589 -0.10003)
(0.501039 0.0500248 -0.100015)
(0.526056 0.0495939 -0.100001)
(0.551192 0.0490177 -0.0999729)
(0.45219 0.0763869 -0.100105)
(0.476967 0.0756555 -0.100057)
(0.501852 0.0750439 -0.100023)
(0.526849 0.0744332 -0.0999909)
(0.551947 0.0737006 -0.0999433)
(0.453076 0.101649 -0.100153)
(0.477882 0.100806 -0.100085)
(0.502775 0.100059 -0.100031)
(0.527756 0.0993129 -0.0999778)
(0.552815 0.0984669 -0.0999094)
(0.454038 0.12684 -0.1002)
(0.478869 0.125913 -0.100112)
(0.50377 0.125069 -0.100038)
(0.52874 0.124228 -0.0999645)
(0.553769 0.123304 -0.0998758)
(0.455049 0.15197 -0.100242)
(0.479898 0.150985 -0.100137)
(0.504807 0.150074 -0.100046)
(0.52977 0.149172 -0.0999548)
(0.554777 0.148199 -0.0998474)
(0.45609 0.177064 -0.100276)
(0.48095 0.176027 -0.100157)
(0.505861 0.175075 -0.100056)
(0.53082 0.174137 -0.0999545)
(0.555817 0.173137 -0.0998318)
(0.457186 0.202124 -0.100289)
(0.482023 0.201059 -0.100168)
(0.506897 0.200079 -0.10007)
(0.531859 0.199113 -0.0999732)
(0.556867 0.198099 -0.0998482)
(0.45 0 -0.075)
(0.475 0 -0.075)
(0.5 0 -0.075)
(0.525 0 -0.075)
(0.55 0 -0.075)
(0.450751 0.0256631 -0.0750251)
(0.475465 0.0252139 -0.075012)
(0.500364 0.0250078 -0.0750046)
(0.525393 0.024806 -0.0749977)
(0.550582 0.0243929 -0.0749855)
(0.451373 0.0510248 -0.0750538)
(0.476127 0.0504543 -0.0750281)
(0.501004 0.0500289 -0.0750108)
(0.52602 0.0496071 -0.0749943)
(0.551157 0.0490445 -0.0749691)
(0.452143 0.0763672 -0.0750868)
(0.476916 0.0756506 -0.0750471)
(0.501799 0.075051 -0.0750169)
(0.526795 0.0744525 -0.0749871)
(0.551895 0.0737355 -0.0749474)
(0.453012 0.10163 -0.0751214)
(0.477814 0.100802 -0.0750672)
(0.502704 0.100069 -0.0750226)
(0.527684 0.0993372 -0.0749783)
(0.552746 0.0985075 -0.0749234)
(0.453957 0.126824 -0.0751551)
(0.478784 0.125912 -0.0750868)
(0.503683 0.125083 -0.0750282)
(0.528652 0.124256 -0.0749695)
(0.553683 0.123348 -0.0749)
(0.454952 0.151957 -0.0751859)
(0.479798 0.150986 -0.075105)
(0.504705 0.150091 -0.0750345)
(0.529667 0.149203 -0.0749636)
(0.554675 0.148247 -0.0748807)
(0.455977 0.177055 -0.0752107)
(0.480835 0.176031 -0.07512)
(0.505745 0.175094 -0.0750429)
(0.530702 0.174171 -0.0749649)
(0.5557 0.173188 -0.074871)
(0.45706 0.202119 -0.0752199)
(0.481894 0.201066 -0.0751277)
(0.506766 0.2001 -0.0750541)
(0.531726 0.199149 -0.0749806)
(0.556733 0.198152 -0.0748854)
(0.45 0 -0.05)
(0.475 0 -0.05)
(0.5 0 -0.05)
(0.525 0 -0.05)
(0.55 0 -0.05)
(0.45074 0.0256547 -0.0500199)
(0.475454 0.0252122 -0.0500101)
(0.500352 0.0250089 -0.0500029)
(0.52538 0.0248103 -0.049996)
(0.550568 0.024406 -0.0499865)
(0.451351 0.0510125 -0.0500395)
(0.476103 0.050451 -0.0500209)
(0.500978 0.050032 -0.050007)
(0.525994 0.0496168 -0.0499933)
(0.551131 0.0490642 -0.0499749)
(0.452109 0.0763534 -0.0500612)
(0.476879 0.0756474 -0.0500333)
(0.501759 0.0750564 -0.050011)
(0.526755 0.0744668 -0.0499887)
(0.551856 0.0737609 -0.0499605)
(0.452965 0.101617 -0.0500837)
(0.477763 0.1008 -0.0500463)
(0.502652 0.100077 -0.0500148)
(0.527632 0.0993553 -0.0499831)
(0.552695 0.0985371 -0.049945)
(0.453898 0.126812 -0.0501058)
(0.478722 0.125912 -0.0500592)
(0.503619 0.125093 -0.0500186)
(0.528588 0.124277 -0.0499778)
(0.55362 0.123381 -0.0499301)
(0.45488 0.151948 -0.050126)
(0.479724 0.150988 -0.0500711)
(0.50463 0.150103 -0.050023)
(0.529592 0.149227 -0.0499745)
(0.554601 0.148283 -0.049918)
(0.455895 0.177048 -0.0501424)
(0.480751 0.176034 -0.0500811)
(0.505659 0.175108 -0.0500288)
(0.530616 0.174197 -0.049976)
(0.555614 0.173225 -0.0499124)
(0.456968 0.202113 -0.0501483)
(0.4818 0.201071 -0.050086)
(0.50667 0.200116 -0.0500366)
(0.531629 0.199176 -0.0499871)
(0.556636 0.198191 -0.0499228)
(0.45 0 -0.025)
(0.475 0 -0.025)
(0.5 0 -0.025)
(0.525 0 -0.025)
(0.55 0 -0.025)
(0.450733 0.0256494 -0.0250108)
(0.475448 0.0252111 -0.0250056)
(0.500345 0.0250096 -0.0250014)
(0.525372 0.0248129 -0.0249974)
(0.550559 0.024414 -0.0249922)
(0.451337 0.0510051 -0.0250207)
(0.476088 0.0504492 -0.025011)
(0.500962 0.050034 -0.0250034)
(0.525978 0.0496227 -0.0249959)
(0.551115 0.0490762 -0.0249862)
(0.452087 0.0763452 -0.0250315)
(0.476856 0.0756456 -0.0250172)
(0.501735 0.0750598 -0.0250054)
(0.526731 0.0744755 -0.0249936)
(0.551832 0.0737763 -0.024979)
(0.452935 0.101609 -0.0250427)
(0.477732 0.100799 -0.0250236)
(0.50262 0.100082 -0.0250073)
(0.5276 0.0993662 -0.0249909)
(0.552664 0.098555 -0.0249714)
(0.453861 0.126805 -0.0250536)
(0.478684 0.125912 -0.0250299)
(0.50358 0.125099 -0.0250092)
(0.528549 0.12429 -0.0249884)
(0.553582 0.123401 -0.0249641)
(0.454837 0.151942 -0.0250637)
(0.479679 0.150989 -0.0250359)
(0.504585 0.15011 -0.0250115)
(0.529546 0.149241 -0.0249869)
(0.554556 0.148304 -0.0249583)
(0.455844 0.177043 -0.0250719)
(0.4807 0.176036 -0.0250409)
(0.505607 0.175117 -0.0250145)
(0.530564 0.174213 -0.0249878)
(0.555563 0.173248 -0.0249557)
(0.456912 0.20211 -0.0250747)
(0.481743 0.201074 -0.0250433)
(0.506611 0.200125 -0.0250184)
(0.53157 0.199193 -0.0249935)
(0.556577 0.198215 -0.0249611)
(0.45 0 0)
(0.475 0 0)
(0.5 0 0)
(0.525 0 0)
(0.55 0 0)
(0.450731 0.0256476 0)
(0.475445 0.0252108 0)
(0.500342 0.0250099 0)
(0.52537 0.0248138 0)
(0.550556 0.0244167 0)
(0.451332 0.0510027 0)
(0.476083 0.0504486 0)
(0.500957 0.0500346 0)
(0.525972 0.0496247 0)
(0.551109 0.0490802 0)
(0.45208 0.0763425 0)
(0.476848 0.075645 0)
(0.501727 0.0750609 0)
(0.526723 0.0744784 0)
(0.551824 0.0737815 0)
(0.452926 0.101607 0)
(0.477722 0.100799 0)
(0.502609 0.100084 0)
(0.52759 0.0993699 0)
(0.552653 0.098561 0)
(0.453849 0.126803 0)
(0.478671 0.125912 0)
(0.503567 0.125101 0)
(0.528536 0.124295 0)
(0.553569 0.123408 0)
(0.454822 0.151941 0)
(0.479664 0.150989 0)
(0.504569 0.150113 0)
(0.529531 0.149246 0)
(0.554541 0.148311 0)
(0.455828 0.177042 0)
(0.480683 0.176037 0)
(0.50559 0.175119 0)
(0.530547 0.174218 0)
(0.555545 0.173256 0)
(0.456893 0.202109 0)
(0.481723 0.201075 0)
(0.506592 0.200128 0)
(0.531551 0.199199 0)
(0.556558 0.198223 0)
)


// ************************************************************************* //
