/*--------------------------------*- C++ -*----------------------------------*\
| =========                 |                                                 |
| \\      /  F ield         | foam-extend: Open Source CFD                    |
|  \\    /   O peration     | Version:     3.1                                |
|   \\  /    A nd           | Web:         http://www.extend-project.de       |
|    \\/     M anipulation  |                                                 |
\*---------------------------------------------------------------------------*/
FoamFile
{
    version     2.0;
    format      ascii;
    class       vectorField;
    location    "1.3/polyMesh";
    object      points;
}
// * * * * * * * * * * * * * * * * * * * * * * * * * * * * * * * * * * * * * //


405
(
(0.45 0 -0.2)
(0.475 0 -0.2)
(0.5 0 -0.2)
(0.525 0 -0.2)
(0.55 0 -0.2)
(0.451435 0.0264936 -0.199357)
(0.475873 0.0255138 -0.199603)
(0.500674 0.0249614 -0.200041)
(0.525779 0.0243873 -0.200489)
(0.551198 0.0233689 -0.20076)
(0.452866 0.0522095 -0.199526)
(0.477402 0.0508971 -0.199712)
(0.502168 0.049942 -0.200055)
(0.527249 0.04897 -0.200412)
(0.552531 0.0476123 -0.200631)
(0.454803 0.0779233 -0.199669)
(0.47936 0.0762415 -0.199801)
(0.50413 0.0748935 -0.200063)
(0.529168 0.0735264 -0.200337)
(0.554379 0.0717852 -0.200502)
(0.456992 0.103405 -0.199874)
(0.481609 0.101464 -0.199916)
(0.506391 0.0998183 -0.200064)
(0.531388 0.0981544 -0.200223)
(0.556506 0.0961598 -0.200295)
(0.459355 0.128705 -0.200067)
(0.484024 0.126588 -0.200022)
(0.508818 0.124724 -0.200063)
(0.533781 0.122845 -0.200114)
(0.558827 0.120685 -0.200096)
(0.461782 0.15385 -0.200232)
(0.486494 0.151632 -0.200113)
(0.511301 0.149619 -0.200063)
(0.536239 0.147597 -0.20002)
(0.561235 0.145351 -0.199923)
(0.464205 0.178896 -0.200354)
(0.488943 0.176622 -0.200186)
(0.513756 0.174513 -0.200066)
(0.538681 0.1724 -0.19995)
(0.563652 0.170115 -0.199796)
(0.466611 0.203885 -0.200417)
(0.49132 0.201588 -0.200228)
(0.516091 0.199419 -0.200071)
(0.541035 0.197242 -0.199917)
(0.566029 0.19494 -0.199739)
(0.45 0 -0.175)
(0.475 0 -0.175)
(0.5 0 -0.175)
(0.525 0 -0.175)
(0.55 0 -0.175)
(0.451552 0.0264042 -0.17463)
(0.476012 0.0254434 -0.174774)
(0.50085 0.0249686 -0.175035)
(0.525931 0.0244865 -0.17531)
(0.551329 0.0234963 -0.175477)
(0.452999 0.0522535 -0.174672)
(0.477562 0.0509277 -0.174806)
(0.502367 0.0499329 -0.175051)
(0.527419 0.0489256 -0.175308)
(0.552677 0.0475564 -0.175466)
(0.454875 0.0779746 -0.174783)
(0.479465 0.0762814 -0.174873)
(0.504271 0.0748822 -0.175056)
(0.52928 0.0734673 -0.175249)
(0.554461 0.0717194 -0.175362)
(0.456996 0.10347 -0.174931)
(0.481641 0.101516 -0.174955)
(0.506453 0.0998116 -0.175057)
(0.531423 0.0980918 -0.175167)
(0.556515 0.0960882 -0.175211)
(0.459284 0.12877 -0.175079)
(0.483977 0.126643 -0.175035)
(0.508797 0.124725 -0.175056)
(0.533737 0.122796 -0.175085)
(0.55876 0.12063 -0.175058)
(0.461646 0.153909 -0.175207)
(0.486378 0.151684 -0.175105)
(0.511206 0.14963 -0.175057)
(0.536126 0.147569 -0.175015)
(0.561101 0.145319 -0.174925)
(0.464018 0.178943 -0.175302)
(0.488772 0.176665 -0.17516)
(0.513603 0.174531 -0.175062)
(0.538515 0.172396 -0.174966)
(0.563471 0.170111 -0.174831)
(0.466403 0.203923 -0.17535)
(0.491125 0.201624 -0.175192)
(0.515913 0.199442 -0.17507)
(0.540846 0.197255 -0.174952)
(0.565828 0.194955 -0.174799)
(0.45 0 -0.15)
(0.475 0 -0.15)
(0.5 0 -0.15)
(0.525 0 -0.15)
(0.55 0 -0.15)
(0.451631 0.0264159 -0.149808)
(0.476062 0.0254393 -0.149884)
(0.500891 0.0249704 -0.150029)
(0.525979 0.024495 -0.150183)
(0.551396 0.0234832 -0.150274)
(0.453088 0.0522347 -0.14982)
(0.477625 0.0509209 -0.149897)
(0.502419 0.0499337 -0.150043)
(0.52748 0.0489336 -0.150197)
(0.552761 0.0475728 -0.150285)
(0.45493 0.0779493 -0.149886)
(0.47951 0.0762794 -0.149938)
(0.504309 0.0748835 -0.150049)
(0.529319 0.073472 -0.150165)
(0.554507 0.0717487 -0.150226)
(0.457008 0.103446 -0.149981)
(0.481646 0.101519 -0.149992)
(0.506454 0.0998171 -0.15005)
(0.531421 0.0981005 -0.150113)
(0.556515 0.0961261 -0.150129)
(0.459246 0.128752 -0.150081)
(0.483936 0.126651 -0.150047)
(0.508753 0.124737 -0.15005)
(0.533687 0.122812 -0.150057)
(0.558707 0.120676 -0.150026)
(0.461561 0.1539 -0.150171)
(0.486292 0.151698 -0.150097)
(0.511119 0.149648 -0.150052)
(0.536033 0.147593 -0.15001)
(0.561003 0.145369 -0.149936)
(0.463896 0.178948 -0.15024)
(0.488651 0.176684 -0.150137)
(0.513483 0.174556 -0.150058)
(0.538388 0.172428 -0.149981)
(0.563337 0.170163 -0.149874)
(0.466261 0.203938 -0.150273)
(0.490986 0.201647 -0.15016)
(0.515775 0.19947 -0.150071)
(0.5407 0.197293 -0.149985)
(0.565673 0.195009 -0.149868)
(0.45 0 -0.125)
(0.475 0 -0.125)
(0.5 0 -0.125)
(0.525 0 -0.125)
(0.55 0 -0.125)
(0.451666 0.0264235 -0.12491)
(0.476075 0.0254387 -0.124945)
(0.500894 0.0249721 -0.125022)
(0.525988 0.0244989 -0.125105)
(0.551422 0.0234771 -0.125148)
(0.453125 0.0522177 -0.124919)
(0.47764 0.0509137 -0.124953)
(0.502423 0.0499377 -0.125034)
(0.527491 0.0489486 -0.125118)
(0.552789 0.0475964 -0.125159)
(0.45495 0.0779204 -0.12496)
(0.479514 0.0762707 -0.124979)
(0.504304 0.0748906 -0.125039)
(0.529318 0.0734947 -0.125102)
(0.554519 0.0717922 -0.125125)
(0.457001 0.103414 -0.12502)
(0.481629 0.101512 -0.125014)
(0.506429 0.0998284 -0.125041)
(0.531398 0.0981303 -0.12507)
(0.5565 0.0961819 -0.125065)
(0.459208 0.128725 -0.125085)
(0.483892 0.12665 -0.125051)
(0.508703 0.124754 -0.125042)
(0.533637 0.122848 -0.125034)
(0.558661 0.120739 -0.124999)
(0.461493 0.153884 -0.125146)
(0.486221 0.151704 -0.125086)
(0.511045 0.14967 -0.125045)
(0.535956 0.147634 -0.125004)
(0.560926 0.145435 -0.124941)
(0.463803 0.178945 -0.125194)
(0.488558 0.176697 -0.125115)
(0.513388 0.174583 -0.125053)
(0.538289 0.172472 -0.124989)
(0.563235 0.170228 -0.124904)
(0.466152 0.203948 -0.125218)
(0.49088 0.201667 -0.125133)
(0.515666 0.199501 -0.125068)
(0.540585 0.197337 -0.125002)
(0.56555 0.195071 -0.124911)
(0.45 0 -0.1)
(0.475 0 -0.1)
(0.5 0 -0.1)
(0.525 0 -0.1)
(0.55 0 -0.1)
(0.451678 0.0264251 -0.0999629)
(0.476073 0.0254386 -0.0999766)
(0.500886 0.0249741 -0.100016)
(0.525983 0.024503 -0.100058)
(0.551427 0.0234801 -0.100076)
(0.453134 0.0522058 -0.0999725)
(0.477634 0.0509096 -0.099984)
(0.502409 0.0499431 -0.100025)
(0.527481 0.0489635 -0.100068)
(0.552791 0.0476192 -0.100082)
(0.454948 0.0779003 -0.1)
(0.479499 0.0762652 -0.100001)
(0.504283 0.0748998 -0.10003)
(0.5293 0.0735188 -0.100059)
(0.554511 0.0718311 -0.10006)
(0.456983 0.103391 -0.100039)
(0.481601 0.101508 -0.100025)
(0.506396 0.0998418 -0.100032)
(0.531366 0.0981617 -0.10004)
(0.556476 0.0962323 -0.100024)
(0.459171 0.128705 -0.100082)
(0.483848 0.126649 -0.100049)
(0.508655 0.124772 -0.100034)
(0.533589 0.122885 -0.100018)
(0.558618 0.120796 -0.0999827)
(0.461436 0.153871 -0.100122)
(0.486161 0.151708 -0.100073)
(0.510981 0.149693 -0.100037)
(0.535892 0.147675 -0.0999999)
(0.560863 0.145496 -0.0999464)
(0.463729 0.178942 -0.100156)
(0.488483 0.176708 -0.100094)
(0.51331 0.174609 -0.100044)
(0.53821 0.172515 -0.0999934)
(0.563155 0.170289 -0.0999252)
(0.466066 0.203953 -0.100173)
(0.490792 0.201684 -0.100108)
(0.515575 0.199531 -0.100059)
(0.540491 0.197382 -0.100009)
(0.565454 0.195131 -0.0999383)
(0.45 0 -0.075)
(0.475 0 -0.075)
(0.5 0 -0.075)
(0.525 0 -0.075)
(0.55 0 -0.075)
(0.45168 0.0264238 -0.0749882)
(0.476067 0.0254386 -0.0749919)
(0.500876 0.0249761 -0.0750104)
(0.525974 0.024507 -0.0750305)
(0.551424 0.0234868 -0.075036)
(0.45313 0.0521978 -0.0749977)
(0.477621 0.050908 -0.0749982)
(0.502391 0.0499485 -0.0750171)
(0.527465 0.0489759 -0.0750371)
(0.552783 0.0476384 -0.0750382)
(0.454937 0.077888 -0.0750168)
(0.479478 0.0762631 -0.0750101)
(0.504258 0.0749087 -0.0750208)
(0.529276 0.0735389 -0.075032)
(0.554495 0.0718616 -0.0750246)
(0.456961 0.103378 -0.075042)
(0.481571 0.101507 -0.0750252)
(0.506362 0.0998544 -0.0750229)
(0.531334 0.0981882 -0.0750206)
(0.556449 0.0962717 -0.075002)
(0.459137 0.128693 -0.0750695)
(0.483808 0.126651 -0.0750414)
(0.508612 0.124788 -0.0750247)
(0.533547 0.122916 -0.0750075)
(0.55858 0.120842 -0.0749767)
(0.46139 0.153863 -0.0750964)
(0.48611 0.151714 -0.0750575)
(0.510929 0.149713 -0.0750279)
(0.535839 0.147709 -0.0749974)
(0.560813 0.145545 -0.0749548)
(0.46367 0.17894 -0.0751196)
(0.488422 0.176718 -0.0750722)
(0.513247 0.174632 -0.0750345)
(0.538147 0.172552 -0.0749955)
(0.563092 0.17034 -0.0749434)
(0.465997 0.203957 -0.0751315)
(0.490721 0.201698 -0.0750826)
(0.515502 0.199556 -0.0750466)
(0.540417 0.19742 -0.0750101)
(0.56538 0.195182 -0.0749566)
(0.45 0 -0.05)
(0.475 0 -0.05)
(0.5 0 -0.05)
(0.525 0 -0.05)
(0.55 0 -0.05)
(0.451678 0.0264219 -0.0499984)
(0.476061 0.0254388 -0.0499982)
(0.500868 0.0249777 -0.0500062)
(0.525966 0.0245102 -0.0500149)
(0.551418 0.0234934 -0.0500155)
(0.453124 0.0521926 -0.0500058)
(0.477609 0.0509077 -0.0500029)
(0.502376 0.0499528 -0.0500105)
(0.527451 0.0489851 -0.0500187)
(0.552773 0.0476528 -0.0500157)
(0.454924 0.077881 -0.0500182)
(0.47946 0.0762629 -0.0500105)
(0.504237 0.0749159 -0.0500131)
(0.529256 0.0735536 -0.0500159)
(0.554479 0.0718833 -0.0500074)
(0.456941 0.103371 -0.0500336)
(0.481547 0.101508 -0.0500197)
(0.506335 0.0998645 -0.0500147)
(0.531308 0.0982075 -0.0500095)
(0.556427 0.0962993 -0.0499941)
(0.459109 0.128687 -0.0500504)
(0.483777 0.126653 -0.0500297)
(0.508579 0.124801 -0.0500162)
(0.533515 0.122939 -0.0500022)
(0.55855 0.120874 -0.0499795)
(0.461355 0.15386 -0.0500669)
(0.486072 0.151719 -0.0500397)
(0.510889 0.149728 -0.0500187)
(0.5358 0.147735 -0.0499968)
(0.560776 0.14558 -0.0499672)
(0.463627 0.17894 -0.0500815)
(0.488377 0.176726 -0.0500492)
(0.513201 0.17465 -0.0500236)
(0.538101 0.17258 -0.0499969)
(0.563047 0.170377 -0.0499615)
(0.465947 0.203959 -0.0500893)
(0.490669 0.201708 -0.0500562)
(0.515448 0.199576 -0.0500322)
(0.540362 0.197448 -0.0500077)
(0.565326 0.19522 -0.0499717)
(0.45 0 -0.025)
(0.475 0 -0.025)
(0.5 0 -0.025)
(0.525 0 -0.025)
(0.55 0 -0.025)
(0.451676 0.0264204 -0.0250008)
(0.476057 0.0254389 -0.0250001)
(0.500863 0.0249787 -0.0250029)
(0.525961 0.0245123 -0.025006)
(0.551415 0.023498 -0.0250055)
(0.453118 0.0521897 -0.0250049)
(0.477601 0.0509078 -0.0250026)
(0.502366 0.0499556 -0.025005)
(0.527441 0.0489906 -0.0250076)
(0.552766 0.0476617 -0.0250052)
(0.454915 0.0778775 -0.025011)
(0.479448 0.0762634 -0.0250063)
(0.504223 0.0749206 -0.0250063)
(0.529243 0.0735624 -0.0250064)
(0.554468 0.0718963 -0.0250011)
(0.456928 0.103367 -0.0250184)
(0.481531 0.101509 -0.0250107)
(0.506318 0.0998709 -0.0250072)
(0.531291 0.0982192 -0.0250035)
(0.556412 0.0963157 -0.024995)
(0.459092 0.128684 -0.0250264)
(0.483757 0.126656 -0.0250155)
(0.508559 0.124809 -0.025008)
(0.533495 0.122953 -0.0250002)
(0.558531 0.120893 -0.0249883)
(0.461333 0.153858 -0.0250343)
(0.486049 0.151723 -0.0250203)
(0.510865 0.149738 -0.0250093)
(0.535776 0.147751 -0.024998)
(0.560753 0.145601 -0.0249827)
(0.4636 0.17894 -0.0250414)
(0.488349 0.176731 -0.025025)
(0.513173 0.174661 -0.0250119)
(0.538072 0.172597 -0.0249984)
(0.563019 0.170399 -0.0249804)
(0.465916 0.203961 -0.0250452)
(0.490637 0.201714 -0.0250285)
(0.515415 0.199588 -0.0250164)
(0.540329 0.197466 -0.0250041)
(0.565293 0.195243 -0.0249859)
(0.45 0 0)
(0.475 0 0)
(0.5 0 0)
(0.525 0 0)
(0.55 0 0)
(0.451675 0.0264199 0)
(0.476055 0.0254389 0)
(0.500861 0.0249791 0)
(0.52596 0.024513 0)
(0.551413 0.0234996 0)
(0.453117 0.0521887 0)
(0.477598 0.0509078 0)
(0.502363 0.0499565 0)
(0.527438 0.0489925 0)
(0.552763 0.0476647 0)
(0.454912 0.0778765 0)
(0.479444 0.0762636 0)
(0.504218 0.0749222 0)
(0.529238 0.0735654 0)
(0.554464 0.0719006 0)
(0.456923 0.103366 0)
(0.481525 0.101509 0)
(0.506312 0.0998731 0)
(0.531285 0.0982231 0)
(0.556407 0.0963212 0)
(0.459086 0.128684 0)
(0.483751 0.126657 0)
(0.508552 0.124812 0)
(0.533488 0.122958 0)
(0.558525 0.120899 0)
(0.461325 0.153858 0)
(0.486041 0.151724 0)
(0.510857 0.149741 0)
(0.535768 0.147756 0)
(0.560745 0.145608 0)
(0.463591 0.17894 0)
(0.48834 0.176733 0)
(0.513163 0.174664 0)
(0.538063 0.172603 0)
(0.56301 0.170407 0)
(0.465905 0.203961 0)
(0.490626 0.201716 0)
(0.515404 0.199592 0)
(0.540318 0.197472 0)
(0.565282 0.195251 0)
)


// ************************************************************************* //
