/*--------------------------------*- C++ -*----------------------------------*\
| =========                 |                                                 |
| \\      /  F ield         | foam-extend: Open Source CFD                    |
|  \\    /   O peration     | Version:     3.1                                |
|   \\  /    A nd           | Web:         http://www.extend-project.de       |
|    \\/     M anipulation  |                                                 |
\*---------------------------------------------------------------------------*/
FoamFile
{
    version     2.0;
    format      ascii;
    class       vectorField;
    location    "3.4/polyMesh";
    object      points;
}
// * * * * * * * * * * * * * * * * * * * * * * * * * * * * * * * * * * * * * //


405
(
(0.45 0 -0.2)
(0.475 0 -0.2)
(0.5 0 -0.2)
(0.525 0 -0.2)
(0.55 0 -0.2)
(0.450872 0.0259193 -0.199626)
(0.475537 0.0253123 -0.199766)
(0.500415 0.0249797 -0.200024)
(0.525475 0.0246406 -0.200289)
(0.55073 0.0240405 -0.200453)
(0.451745 0.0513535 -0.199758)
(0.476468 0.0505504 -0.199852)
(0.501322 0.0499768 -0.200047)
(0.526366 0.0493998 -0.200254)
(0.551537 0.0485944 -0.200388)
(0.452919 0.0767992 -0.199876)
(0.477655 0.075776 -0.199929)
(0.502511 0.0749681 -0.200069)
(0.527529 0.0741561 -0.200223)
(0.55266 0.0731221 -0.200323)
(0.454244 0.102111 -0.200031)
(0.479015 0.100935 -0.200023)
(0.503878 0.0999506 -0.20009)
(0.528873 0.0989623 -0.200171)
(0.55395 0.0977763 -0.200212)
(0.455673 0.12732 -0.200177)
(0.480474 0.126041 -0.200111)
(0.505344 0.124926 -0.200109)
(0.53032 0.12381 -0.20012)
(0.555356 0.122525 -0.200103)
(0.457144 0.152442 -0.200305)
(0.481967 0.151101 -0.200189)
(0.506844 0.149896 -0.200128)
(0.531807 0.148695 -0.200079)
(0.556813 0.147359 -0.200008)
(0.458618 0.177509 -0.200408)
(0.483451 0.176129 -0.200258)
(0.508328 0.174866 -0.200152)
(0.533281 0.173611 -0.200053)
(0.558272 0.172255 -0.199941)
(0.46009 0.202541 -0.200476)
(0.484896 0.201145 -0.20031)
(0.509736 0.199847 -0.200176)
(0.534694 0.198552 -0.200051)
(0.559697 0.197187 -0.199921)
(0.45 0 -0.175)
(0.475 0 -0.175)
(0.5 0 -0.175)
(0.525 0 -0.175)
(0.55 0 -0.175)
(0.450938 0.025874 -0.174785)
(0.475617 0.0252783 -0.174866)
(0.500519 0.0249902 -0.175019)
(0.525567 0.024703 -0.175181)
(0.55081 0.0241181 -0.175282)
(0.451813 0.0513975 -0.174836)
(0.476554 0.050586 -0.174903)
(0.501438 0.0499851 -0.17504)
(0.526469 0.049384 -0.175189)
(0.551629 0.0485704 -0.175285)
(0.452943 0.0768494 -0.17493)
(0.477703 0.0758192 -0.174964)
(0.502588 0.0749768 -0.175059)
(0.527596 0.0741324 -0.175167)
(0.552712 0.0730926 -0.175235)
(0.45422 0.10217 -0.175046)
(0.479013 0.100986 -0.175035)
(0.503904 0.0999618 -0.175077)
(0.528891 0.0989357 -0.175132)
(0.553957 0.0977426 -0.175156)
(0.455599 0.127378 -0.175162)
(0.480419 0.126091 -0.175104)
(0.505316 0.124941 -0.175094)
(0.530286 0.12379 -0.175096)
(0.555313 0.1225 -0.175074)
(0.457025 0.152494 -0.175265)
(0.481865 0.151149 -0.175168)
(0.506766 0.149916 -0.175112)
(0.531725 0.148688 -0.175068)
(0.556723 0.147349 -0.175003)
(0.458462 0.177554 -0.175348)
(0.48331 0.176171 -0.175223)
(0.508208 0.174891 -0.175134)
(0.533159 0.173619 -0.175054)
(0.558144 0.172263 -0.174955)
(0.459917 0.20258 -0.175402)
(0.484737 0.201182 -0.175263)
(0.509596 0.199873 -0.175157)
(0.534553 0.19857 -0.175061)
(0.55955 0.197207 -0.174949)
(0.45 0 -0.15)
(0.475 0 -0.15)
(0.5 0 -0.15)
(0.525 0 -0.15)
(0.55 0 -0.15)
(0.450987 0.0258836 -0.149891)
(0.475647 0.0252789 -0.149933)
(0.500543 0.0249942 -0.150017)
(0.525595 0.0247105 -0.150107)
(0.55085 0.0241128 -0.150161)
(0.451866 0.0513906 -0.149916)
(0.476591 0.0505883 -0.149955)
(0.501468 0.0499917 -0.150035)
(0.526505 0.0493944 -0.150123)
(0.551679 0.0485859 -0.150176)
(0.452972 0.07684 -0.149977)
(0.477725 0.0758265 -0.149997)
(0.502608 0.0749858 -0.150052)
(0.527618 0.0741427 -0.150115)
(0.552738 0.0731178 -0.150151)
(0.45422 0.102161 -0.150057)
(0.479008 0.100996 -0.150048)
(0.503898 0.0999737 -0.150068)
(0.528886 0.098949 -0.150096)
(0.553953 0.0977744 -0.150103)
(0.455564 0.127373 -0.15014)
(0.480383 0.126105 -0.1501)
(0.505279 0.124956 -0.150084)
(0.530249 0.123808 -0.150075)
(0.555273 0.122538 -0.15005)
(0.456957 0.152495 -0.150216)
(0.481797 0.151165 -0.150148)
(0.506698 0.149935 -0.1501)
(0.531655 0.14871 -0.150059)
(0.55665 0.14739 -0.150004)
(0.458366 0.177562 -0.150279)
(0.483215 0.17619 -0.15019)
(0.508115 0.174913 -0.15012)
(0.533063 0.173646 -0.150055)
(0.558044 0.172307 -0.149976)
(0.459806 0.202595 -0.150317)
(0.484628 0.201202 -0.15022)
(0.509489 0.199897 -0.150142)
(0.534439 0.198601 -0.150071)
(0.559428 0.197254 -0.149984)
(0.45 0 -0.125)
(0.475 0 -0.125)
(0.5 0 -0.125)
(0.525 0 -0.125)
(0.55 0 -0.125)
(0.451011 0.0258896 -0.124952)
(0.475657 0.0252794 -0.124971)
(0.500546 0.0249965 -0.125015)
(0.5256 0.0247141 -0.125062)
(0.550865 0.0241111 -0.125088)
(0.45189 0.0513812 -0.124971)
(0.476602 0.050586 -0.124987)
(0.501471 0.0499968 -0.12503)
(0.526511 0.0494064 -0.125077)
(0.551695 0.0486035 -0.125101)
(0.452985 0.0768237 -0.125012)
(0.477728 0.0758242 -0.125017)
(0.502604 0.0749938 -0.125045)
(0.527616 0.0741607 -0.125077)
(0.552744 0.0731493 -0.125089)
(0.454214 0.102144 -0.125066)
(0.478996 0.100996 -0.125053)
(0.503881 0.099985 -0.125058)
(0.528868 0.0989722 -0.125068)
(0.553939 0.097815 -0.125062)
(0.455537 0.127358 -0.125124)
(0.480351 0.126108 -0.12509)
(0.505244 0.124971 -0.125072)
(0.530212 0.123835 -0.125057)
(0.555238 0.122584 -0.125031)
(0.456908 0.152486 -0.125178)
(0.481746 0.151172 -0.125126)
(0.506644 0.149953 -0.125087)
(0.531599 0.148741 -0.12505)
(0.556592 0.14744 -0.125003)
(0.458297 0.177562 -0.125224)
(0.483147 0.176201 -0.125158)
(0.508044 0.174933 -0.125104)
(0.532989 0.173679 -0.125052)
(0.557964 0.172357 -0.124988)
(0.459725 0.202604 -0.125253)
(0.484548 0.201219 -0.125181)
(0.509405 0.19992 -0.125124)
(0.534349 0.198635 -0.125071)
(0.55933 0.197304 -0.125003)
(0.45 0 -0.1)
(0.475 0 -0.1)
(0.5 0 -0.1)
(0.525 0 -0.1)
(0.55 0 -0.1)
(0.45102 0.0258914 -0.0999834)
(0.475658 0.0252795 -0.0999904)
(0.500542 0.0249981 -0.100012)
(0.525597 0.0247173 -0.100036)
(0.550867 0.0241142 -0.100046)
(0.451898 0.0513739 -0.0999995)
(0.476601 0.050584 -0.100004)
(0.501464 0.050001 -0.100024)
(0.526506 0.0494169 -0.100047)
(0.551695 0.0486193 -0.100056)
(0.452986 0.0768109 -0.100028)
(0.477721 0.0758214 -0.100025)
(0.502592 0.0750009 -0.100036)
(0.527604 0.0741776 -0.10005)
(0.552737 0.0731761 -0.10005)
(0.454204 0.102129 -0.100065)
(0.47898 0.100994 -0.10005)
(0.50386 0.099995 -0.100047)
(0.528847 0.0989943 -0.100046)
(0.553921 0.0978502 -0.100035)
(0.455513 0.127344 -0.100105)
(0.480323 0.126108 -0.100077)
(0.505212 0.124984 -0.100059)
(0.530179 0.123861 -0.100042)
(0.555206 0.122625 -0.100017)
(0.456869 0.152476 -0.100144)
(0.481704 0.151176 -0.100104)
(0.5066 0.149969 -0.100071)
(0.531553 0.148769 -0.10004)
(0.556545 0.147483 -0.100001)
(0.458245 0.177559 -0.100178)
(0.483093 0.176209 -0.100127)
(0.507988 0.174951 -0.100086)
(0.532929 0.173709 -0.100044)
(0.557903 0.172403 -0.0999946)
(0.459663 0.202608 -0.100198)
(0.484485 0.201231 -0.100145)
(0.509338 0.199941 -0.100102)
(0.534277 0.198666 -0.100063)
(0.559254 0.19735 -0.10001)
(0.45 0 -0.075)
(0.475 0 -0.075)
(0.5 0 -0.075)
(0.525 0 -0.075)
(0.55 0 -0.075)
(0.451024 0.0258913 -0.0749977)
(0.475656 0.0252796 -0.0749991)
(0.500538 0.0249994 -0.0750089)
(0.525592 0.0247201 -0.0750198)
(0.550865 0.0241188 -0.0750235)
(0.451899 0.0513687 -0.0750109)
(0.476596 0.0505828 -0.0750095)
(0.501455 0.0500045 -0.0750181)
(0.526497 0.0494251 -0.0750283)
(0.551689 0.0486321 -0.0750294)
(0.452982 0.0768024 -0.0750312)
(0.477711 0.0758198 -0.0750244)
(0.502579 0.0750067 -0.075027)
(0.52759 0.074191 -0.075031)
(0.552726 0.0731966 -0.0750265)
(0.454192 0.102119 -0.0750563)
(0.478964 0.100993 -0.0750422)
(0.503841 0.100003 -0.0750357)
(0.528827 0.0990119 -0.0750304)
(0.553903 0.0978771 -0.0750182)
(0.455492 0.127335 -0.0750834)
(0.480299 0.126109 -0.0750609)
(0.505185 0.124994 -0.0750445)
(0.530151 0.123882 -0.075029)
(0.555179 0.122656 -0.075008)
(0.456839 0.15247 -0.07511)
(0.481672 0.151178 -0.0750794)
(0.506565 0.149981 -0.0750541)
(0.531516 0.148793 -0.0750293)
(0.556508 0.147518 -0.0749996)
(0.458206 0.177557 -0.0751334)
(0.483052 0.176214 -0.0750964)
(0.507944 0.174966 -0.0750654)
(0.532884 0.173734 -0.0750347)
(0.557855 0.172439 -0.0749975)
(0.459616 0.202609 -0.0751475)
(0.484436 0.201239 -0.0751087)
(0.509286 0.199958 -0.0750783)
(0.534221 0.198692 -0.0750495)
(0.559195 0.197387 -0.0750111)
(0.45 0 -0.05)
(0.475 0 -0.05)
(0.5 0 -0.05)
(0.525 0 -0.05)
(0.55 0 -0.05)
(0.451025 0.0258905 -0.0500025)
(0.475654 0.0252795 -0.0500019)
(0.500534 0.0250004 -0.0500058)
(0.525588 0.0247222 -0.0500104)
(0.550861 0.0241231 -0.0500111)
(0.451898 0.0513652 -0.0500118)
(0.476591 0.0505822 -0.0500091)
(0.501448 0.0500071 -0.050012)
(0.526489 0.049431 -0.0500158)
(0.551683 0.0486414 -0.0500145)
(0.452976 0.0767972 -0.050025)
(0.477702 0.0758192 -0.0500188)
(0.502567 0.075011 -0.050018)
(0.527579 0.0742004 -0.0500179)
(0.552715 0.0732109 -0.050013)
(0.454182 0.102113 -0.0500408)
(0.47895 0.100993 -0.05003)
(0.503825 0.100009 -0.0500239)
(0.528811 0.0990245 -0.0500183)
(0.553888 0.0978956 -0.0500086)
(0.455476 0.12733 -0.0500578)
(0.48028 0.12611 -0.050042)
(0.505165 0.125002 -0.0500299)
(0.53013 0.123897 -0.0500182)
(0.555158 0.122678 -0.0500032)
(0.456817 0.152466 -0.0500745)
(0.481647 0.151181 -0.0500538)
(0.506539 0.14999 -0.0500365)
(0.53149 0.148809 -0.0500193)
(0.556482 0.147542 -0.049999)
(0.458177 0.177554 -0.0500895)
(0.483021 0.176218 -0.0500648)
(0.507912 0.174976 -0.0500442)
(0.532851 0.173752 -0.0500237)
(0.557822 0.172465 -0.0499988)
(0.459582 0.202609 -0.0500985)
(0.4844 0.201245 -0.0500727)
(0.509248 0.19997 -0.0500529)
(0.534181 0.198711 -0.050034)
(0.559153 0.197414 -0.0500085)
(0.45 0 -0.025)
(0.475 0 -0.025)
(0.5 0 -0.025)
(0.525 0 -0.025)
(0.55 0 -0.025)
(0.451024 0.0258899 -0.0250023)
(0.475652 0.0252795 -0.0250016)
(0.500531 0.025001 -0.0250029)
(0.525586 0.0247235 -0.0250044)
(0.550859 0.024126 -0.0250043)
(0.451896 0.0513632 -0.0250072)
(0.476587 0.050582 -0.0250053)
(0.501443 0.0500086 -0.025006)
(0.526484 0.0494345 -0.025007)
(0.551678 0.048647 -0.0250058)
(0.452972 0.0767944 -0.0250137)
(0.477696 0.075819 -0.0250101)
(0.50256 0.0750137 -0.025009)
(0.527571 0.074206 -0.0250082)
(0.552709 0.0732193 -0.0250052)
(0.454175 0.10211 -0.0250213)
(0.478942 0.100993 -0.0250156)
(0.503815 0.100013 -0.0250119)
(0.528801 0.0990319 -0.0250086)
(0.553878 0.0979065 -0.0250033)
(0.455466 0.127327 -0.0250295)
(0.480269 0.12611 -0.0250214)
(0.505152 0.125007 -0.025015)
(0.530117 0.123906 -0.0250088)
(0.555146 0.122691 -0.025001)
(0.456803 0.152463 -0.0250377)
(0.481633 0.151182 -0.0250272)
(0.506523 0.149996 -0.0250183)
(0.531474 0.148819 -0.0250096)
(0.556465 0.147556 -0.0249993)
(0.45816 0.177553 -0.025045)
(0.483003 0.17622 -0.0250325)
(0.507893 0.174983 -0.0250222)
(0.532831 0.173763 -0.0250119)
(0.557801 0.17248 -0.0249995)
(0.459561 0.202609 -0.0250494)
(0.484378 0.201248 -0.0250365)
(0.509225 0.199977 -0.0250266)
(0.534157 0.198723 -0.0250172)
(0.559128 0.19743 -0.0250045)
(0.45 0 0)
(0.475 0 0)
(0.5 0 0)
(0.525 0 0)
(0.55 0 0)
(0.451024 0.0258896 0)
(0.475652 0.0252795 0)
(0.50053 0.0250012 0)
(0.525585 0.024724 0)
(0.550858 0.024127 0)
(0.451895 0.0513626 0)
(0.476586 0.050582 0)
(0.501441 0.0500092 0)
(0.526482 0.0494357 0)
(0.551677 0.0486489 0)
(0.452971 0.0767935 0)
(0.477694 0.075819 0)
(0.502558 0.0750146 0)
(0.527569 0.0742079 0)
(0.552706 0.0732221 0)
(0.454173 0.102109 0)
(0.478939 0.100993 0)
(0.503812 0.100014 0)
(0.528797 0.0990343 0)
(0.553875 0.0979101 0)
(0.455463 0.127326 0)
(0.480265 0.126111 0)
(0.505148 0.125008 0)
(0.530113 0.123909 0)
(0.555141 0.122695 0)
(0.456799 0.152463 0)
(0.481628 0.151183 0)
(0.506518 0.149998 0)
(0.531468 0.148823 0)
(0.55646 0.147561 0)
(0.458154 0.177553 0)
(0.482997 0.176221 0)
(0.507887 0.174985 0)
(0.532825 0.173766 0)
(0.557795 0.172485 0)
(0.459554 0.202609 0)
(0.484371 0.201249 0)
(0.509217 0.199979 0)
(0.534149 0.198727 0)
(0.55912 0.197436 0)
)


// ************************************************************************* //
