/*--------------------------------*- C++ -*----------------------------------*\
| =========                 |                                                 |
| \\      /  F ield         | foam-extend: Open Source CFD                    |
|  \\    /   O peration     | Version:     3.1                                |
|   \\  /    A nd           | Web:         http://www.extend-project.de       |
|    \\/     M anipulation  |                                                 |
\*---------------------------------------------------------------------------*/
FoamFile
{
    version     2.0;
    format      ascii;
    class       vectorField;
    location    "2/polyMesh";
    object      points;
}
// * * * * * * * * * * * * * * * * * * * * * * * * * * * * * * * * * * * * * //


405
(
(0.45 0 -0.2)
(0.475 0 -0.2)
(0.5 0 -0.2)
(0.525 0 -0.2)
(0.55 0 -0.2)
(0.450664 0.0256346 -0.199791)
(0.475427 0.0252019 -0.199858)
(0.500337 0.0249894 -0.20001)
(0.525371 0.0247759 -0.200167)
(0.550539 0.0243667 -0.200255)
(0.451299 0.0509181 -0.199928)
(0.476101 0.0503655 -0.19994)
(0.500989 0.0499921 -0.200028)
(0.526013 0.0496202 -0.200129)
(0.551125 0.0490774 -0.200178)
(0.452114 0.0762163 -0.200039)
(0.476923 0.0755261 -0.200008)
(0.501811 0.0749972 -0.200047)
(0.526818 0.0744687 -0.200098)
(0.551906 0.0737805 -0.200109)
(0.453007 0.101428 -0.200162)
(0.47784 0.100644 -0.20008)
(0.502735 0.0999988 -0.200062)
(0.527728 0.0993535 -0.200056)
(0.552782 0.0985692 -0.200018)
(0.453957 0.126576 -0.20027)
(0.47881 0.125728 -0.200143)
(0.503711 0.124997 -0.200073)
(0.528695 0.124266 -0.200015)
(0.553725 0.123419 -0.199931)
(0.454929 0.151671 -0.200358)
(0.479797 0.150783 -0.200196)
(0.504705 0.14999 -0.200084)
(0.529682 0.149203 -0.199981)
(0.554695 0.148321 -0.199855)
(0.455906 0.176735 -0.200427)
(0.48078 0.175816 -0.20024)
(0.505689 0.174983 -0.200096)
(0.530662 0.174157 -0.199957)
(0.555669 0.173258 -0.199799)
(0.456892 0.201776 -0.200469)
(0.481745 0.200842 -0.20027)
(0.506626 0.199981 -0.200108)
(0.531605 0.199125 -0.199951)
(0.556622 0.198218 -0.199779)
(0.45 0 -0.175)
(0.475 0 -0.175)
(0.5 0 -0.175)
(0.525 0 -0.175)
(0.55 0 -0.175)
(0.450679 0.0256151 -0.174894)
(0.475454 0.02519 -0.174924)
(0.500382 0.024996 -0.175008)
(0.525408 0.0248057 -0.175098)
(0.550568 0.0244064 -0.175146)
(0.451292 0.0509602 -0.174968)
(0.47611 0.0504019 -0.174968)
(0.501022 0.0500009 -0.175024)
(0.526037 0.0496034 -0.17509)
(0.551141 0.0490551 -0.175118)
(0.45206 0.0762586 -0.17506)
(0.476889 0.0755643 -0.175024)
(0.501804 0.0750062 -0.17504)
(0.526804 0.0744497 -0.175066)
(0.55188 0.0737576 -0.175061)
(0.452911 0.101472 -0.175157)
(0.477763 0.100684 -0.175081)
(0.502683 0.100009 -0.175052)
(0.527671 0.0993341 -0.175035)
(0.552715 0.0985457 -0.174991)
(0.45382 0.126615 -0.175246)
(0.478691 0.125764 -0.175132)
(0.503616 0.125007 -0.175063)
(0.528595 0.124252 -0.175004)
(0.553616 0.123402 -0.174921)
(0.454757 0.151703 -0.175321)
(0.479642 0.150814 -0.175176)
(0.504572 0.150003 -0.175073)
(0.529545 0.149197 -0.174978)
(0.55455 0.148315 -0.17486)
(0.455705 0.176759 -0.175379)
(0.480595 0.175841 -0.175212)
(0.505523 0.174998 -0.175085)
(0.530494 0.174162 -0.174963)
(0.555493 0.173267 -0.174817)
(0.456676 0.201793 -0.17541)
(0.481544 0.200861 -0.175234)
(0.506443 0.199997 -0.175097)
(0.531419 0.199139 -0.174966)
(0.556428 0.198237 -0.17481)
(0.45 0 -0.15)
(0.475 0 -0.15)
(0.5 0 -0.15)
(0.525 0 -0.15)
(0.55 0 -0.15)
(0.450692 0.0256117 -0.14996)
(0.475456 0.0251905 -0.14997)
(0.500379 0.0249991 -0.150009)
(0.525407 0.0248111 -0.150052)
(0.550573 0.0244139 -0.150071)
(0.451289 0.050947 -0.150007)
(0.476097 0.0504041 -0.149999)
(0.501006 0.0500066 -0.150022)
(0.526023 0.0496122 -0.150052)
(0.551134 0.0490761 -0.150056)
(0.452026 0.0762453 -0.150073)
(0.476852 0.0755697 -0.150039)
(0.501765 0.075014 -0.150035)
(0.526766 0.0744596 -0.150038)
(0.551843 0.0737847 -0.150018)
(0.452846 0.10146 -0.150145)
(0.477696 0.100691 -0.150082)
(0.502616 0.100018 -0.150046)
(0.527603 0.0993468 -0.150017)
(0.552648 0.0985768 -0.149969)
(0.453723 0.126606 -0.150213)
(0.478594 0.125773 -0.150122)
(0.50352 0.125019 -0.150056)
(0.528498 0.124268 -0.149996)
(0.553517 0.123438 -0.149918)
(0.454632 0.151697 -0.150272)
(0.479516 0.150823 -0.150157)
(0.504448 0.150017 -0.150065)
(0.529419 0.149217 -0.149978)
(0.554422 0.148354 -0.149873)
(0.455554 0.176757 -0.150318)
(0.480445 0.17585 -0.150185)
(0.505376 0.175013 -0.150076)
(0.530344 0.174187 -0.149971)
(0.555339 0.17331 -0.149843)
(0.456508 0.201793 -0.15034)
(0.481378 0.200869 -0.150201)
(0.506278 0.200014 -0.150089)
(0.531249 0.199168 -0.149982)
(0.556252 0.198285 -0.149849)
(0.45 0 -0.125)
(0.475 0 -0.125)
(0.5 0 -0.125)
(0.525 0 -0.125)
(0.55 0 -0.125)
(0.450691 0.0256052 -0.124996)
(0.475448 0.025189 -0.124994)
(0.500366 0.0250009 -0.125008)
(0.525395 0.0248159 -0.125025)
(0.550565 0.0244251 -0.125028)
(0.451275 0.050929 -0.125032)
(0.476075 0.0503997 -0.125016)
(0.500978 0.0500108 -0.125019)
(0.525996 0.0496246 -0.125026)
(0.551112 0.0491012 -0.125017)
(0.451991 0.0762236 -0.12508)
(0.476811 0.0755655 -0.125046)
(0.50172 0.0750207 -0.12503)
(0.526721 0.0744771 -0.125018)
(0.551802 0.0738193 -0.12499)
(0.452788 0.101439 -0.125133)
(0.477634 0.100688 -0.125077)
(0.50255 0.100028 -0.125039)
(0.527537 0.0993684 -0.125005)
(0.552583 0.0986174 -0.124956)
(0.453642 0.126588 -0.125184)
(0.47851 0.125772 -0.125108)
(0.503433 0.125031 -0.125048)
(0.52841 0.124293 -0.12499)
(0.55343 0.123482 -0.12492)
(0.454528 0.151683 -0.125229)
(0.479411 0.150825 -0.125135)
(0.504341 0.150031 -0.125056)
(0.529311 0.149245 -0.124979)
(0.554312 0.148402 -0.124888)
(0.45543 0.176747 -0.125266)
(0.480322 0.175854 -0.125157)
(0.505251 0.17503 -0.125066)
(0.530216 0.174218 -0.124977)
(0.555208 0.17336 -0.124869)
(0.456369 0.201788 -0.125281)
(0.481239 0.200876 -0.125169)
(0.506137 0.200033 -0.125079)
(0.531102 0.199201 -0.124992)
(0.5561 0.198338 -0.12488)
(0.45 0 -0.1)
(0.475 0 -0.1)
(0.5 0 -0.1)
(0.525 0 -0.1)
(0.55 0 -0.1)
(0.450685 0.0255975 -0.100012)
(0.475438 0.0251871 -0.100005)
(0.500353 0.0250022 -0.100007)
(0.525382 0.0248206 -0.100011)
(0.550552 0.0244377 -0.100006)
(0.451257 0.0509133 -0.100041)
(0.476052 0.050395 -0.100022)
(0.50095 0.0500142 -0.100016)
(0.525968 0.0496362 -0.100011)
(0.551087 0.0491243 -0.0999963)
(0.451957 0.0762043 -0.100076)
(0.476772 0.0755602 -0.100044)
(0.501677 0.0750266 -0.100024)
(0.526677 0.0744942 -0.100006)
(0.551761 0.0738507 -0.0999769)
(0.452737 0.101419 -0.100115)
(0.477579 0.100684 -0.100068)
(0.502491 0.100036 -0.100032)
(0.527477 0.09939 -0.0999972)
(0.552526 0.0986548 -0.0999527)
(0.453573 0.12657 -0.100153)
(0.478438 0.12577 -0.10009)
(0.503358 0.125042 -0.100038)
(0.528334 0.124318 -0.0999879)
(0.553355 0.123524 -0.0999275)
(0.454443 0.151668 -0.100187)
(0.479324 0.150824 -0.100111)
(0.504251 0.150045 -0.100046)
(0.529219 0.149273 -0.0999812)
(0.55422 0.148447 -0.0999057)
(0.455329 0.176737 -0.100215)
(0.480219 0.175856 -0.100128)
(0.505146 0.175045 -0.100055)
(0.530109 0.174248 -0.0999815)
(0.5551 0.173408 -0.0998935)
(0.456254 0.201781 -0.100226)
(0.481123 0.200881 -0.100137)
(0.506018 0.20005 -0.100066)
(0.530979 0.199233 -0.0999965)
(0.555974 0.198387 -0.0999065)
(0.45 0 -0.075)
(0.475 0 -0.075)
(0.5 0 -0.075)
(0.525 0 -0.075)
(0.55 0 -0.075)
(0.450677 0.0255903 -0.0750163)
(0.475429 0.0251855 -0.0750084)
(0.500342 0.0250032 -0.0750054)
(0.52537 0.0248245 -0.0750032)
(0.55054 0.0244492 -0.0749969)
(0.45124 0.050901 -0.0750381)
(0.476031 0.0503914 -0.0750215)
(0.500927 0.050017 -0.0750118)
(0.525944 0.0496457 -0.0750033)
(0.551064 0.0491432 -0.0749886)
(0.451928 0.0761894 -0.0750638)
(0.476739 0.0755561 -0.0750371)
(0.501642 0.0750315 -0.075018)
(0.526641 0.0745084 -0.0749998)
(0.551726 0.0738761 -0.0749747)
(0.452695 0.101404 -0.0750912)
(0.477533 0.10068 -0.0750538)
(0.502443 0.100043 -0.0750236)
(0.527429 0.0994079 -0.0749942)
(0.552479 0.098685 -0.0749579)
(0.453518 0.126556 -0.0751182)
(0.47838 0.125768 -0.0750701)
(0.503298 0.125051 -0.075029)
(0.528274 0.124339 -0.0749883)
(0.553295 0.123558 -0.0749408)
(0.454375 0.151656 -0.0751431)
(0.479254 0.150824 -0.0750851)
(0.504179 0.150056 -0.0750348)
(0.529147 0.149296 -0.0749845)
(0.554148 0.148483 -0.0749262)
(0.455249 0.176727 -0.0751632)
(0.480137 0.175857 -0.0750975)
(0.505063 0.175058 -0.0750419)
(0.530024 0.174273 -0.074986)
(0.555015 0.173447 -0.0749187)
(0.456163 0.201774 -0.0751707)
(0.481031 0.200884 -0.0751035)
(0.505923 0.200064 -0.0750507)
(0.530882 0.19926 -0.0749985)
(0.555875 0.198428 -0.0749301)
(0.45 0 -0.05)
(0.475 0 -0.05)
(0.5 0 -0.05)
(0.525 0 -0.05)
(0.55 0 -0.05)
(0.450671 0.0255847 -0.0500137)
(0.475422 0.0251842 -0.0500074)
(0.500334 0.025004 -0.0500036)
(0.525361 0.0248275 -0.0500002)
(0.55053 0.024458 -0.0499948)
(0.451226 0.0508922 -0.0500285)
(0.476015 0.0503889 -0.0500162)
(0.50091 0.0500191 -0.0500078)
(0.525927 0.0496527 -0.05)
(0.551047 0.0491571 -0.0499887)
(0.451905 0.076179 -0.0500453)
(0.476714 0.0755533 -0.0500265)
(0.501615 0.0750353 -0.0500119)
(0.526614 0.0745188 -0.0499978)
(0.5517 0.0738945 -0.0499796)
(0.452663 0.101394 -0.0500631)
(0.477499 0.100678 -0.0500372)
(0.502408 0.100049 -0.0500156)
(0.527393 0.0994211 -0.0499944)
(0.552444 0.0987069 -0.049969)
(0.453478 0.126546 -0.0500806)
(0.478337 0.125766 -0.0500478)
(0.503255 0.125058 -0.0500193)
(0.528229 0.124355 -0.049991)
(0.553252 0.123582 -0.0499582)
(0.454325 0.151648 -0.0500969)
(0.479202 0.150824 -0.0500577)
(0.504127 0.150064 -0.0500233)
(0.529094 0.149314 -0.0499889)
(0.554096 0.14851 -0.0499492)
(0.455191 0.17672 -0.0501101)
(0.480078 0.175858 -0.0500658)
(0.505002 0.175067 -0.0500283)
(0.529963 0.174292 -0.0499905)
(0.554953 0.173476 -0.049945)
(0.456097 0.201768 -0.0501148)
(0.480963 0.200886 -0.0500697)
(0.505854 0.200075 -0.0500343)
(0.530811 0.19928 -0.0499993)
(0.555803 0.198458 -0.0499532)
(0.45 0 -0.025)
(0.475 0 -0.025)
(0.5 0 -0.025)
(0.525 0 -0.025)
(0.55 0 -0.025)
(0.450666 0.0255812 -0.0250075)
(0.475417 0.0251835 -0.0250041)
(0.50033 0.0250045 -0.0250018)
(0.525356 0.0248294 -0.0249995)
(0.550524 0.0244635 -0.0249965)
(0.451217 0.050887 -0.0250151)
(0.476005 0.0503874 -0.0250086)
(0.500899 0.0500205 -0.0250039)
(0.525916 0.0496569 -0.0249994)
(0.551036 0.0491656 -0.0249934)
(0.451891 0.0761729 -0.0250234)
(0.476699 0.0755517 -0.0250137)
(0.501599 0.0750376 -0.0250059)
(0.526598 0.0745251 -0.0249983)
(0.551684 0.0739057 -0.0249888)
(0.452643 0.101388 -0.0250322)
(0.477479 0.100677 -0.025019)
(0.502387 0.100052 -0.0250078)
(0.527372 0.0994291 -0.0249967)
(0.552423 0.0987201 -0.0249836)
(0.453453 0.12654 -0.0250409)
(0.478311 0.125765 -0.0250242)
(0.503228 0.125063 -0.0250096)
(0.528202 0.124364 -0.0249951)
(0.553225 0.123597 -0.0249784)
(0.454295 0.151643 -0.0250489)
(0.479171 0.150824 -0.0250291)
(0.504095 0.150069 -0.0250117)
(0.529062 0.149324 -0.0249942)
(0.554064 0.148526 -0.0249742)
(0.455155 0.176715 -0.0250555)
(0.480041 0.175859 -0.0250331)
(0.504965 0.175073 -0.0250142)
(0.529926 0.174303 -0.0249951)
(0.554916 0.173493 -0.0249722)
(0.456056 0.201764 -0.0250578)
(0.480921 0.200887 -0.025035)
(0.505812 0.200082 -0.0250173)
(0.530768 0.199292 -0.0249997)
(0.55576 0.198477 -0.0249765)
(0.45 0 0)
(0.475 0 0)
(0.5 0 0)
(0.525 0 0)
(0.55 0 0)
(0.450665 0.0255801 0)
(0.475416 0.0251832 0)
(0.500328 0.0250047 0)
(0.525355 0.02483 0)
(0.550522 0.0244654 0)
(0.451214 0.0508852 0)
(0.476002 0.050387 0)
(0.500896 0.0500209 0)
(0.525912 0.0496584 0)
(0.551032 0.0491685 0)
(0.451886 0.0761709 0)
(0.476694 0.0755512 0)
(0.501594 0.0750383 0)
(0.526592 0.0745272 0)
(0.551679 0.0739094 0)
(0.452637 0.101386 0)
(0.477472 0.100676 0)
(0.50238 0.100053 0)
(0.527364 0.0994318 0)
(0.552415 0.0987245 0)
(0.453444 0.126539 0)
(0.478303 0.125765 0)
(0.503219 0.125064 0)
(0.528193 0.124367 0)
(0.553216 0.123602 0)
(0.454285 0.151641 0)
(0.479161 0.150824 0)
(0.504084 0.150071 0)
(0.529051 0.149328 0)
(0.554053 0.148531 0)
(0.455143 0.176714 0)
(0.480029 0.175859 0)
(0.504953 0.175075 0)
(0.529913 0.174307 0)
(0.554903 0.173499 0)
(0.456042 0.201763 0)
(0.480908 0.200888 0)
(0.505798 0.200084 0)
(0.530753 0.199296 0)
(0.555746 0.198483 0)
)


// ************************************************************************* //
