/*--------------------------------*- C++ -*----------------------------------*\
| =========                 |                                                 |
| \\      /  F ield         | foam-extend: Open Source CFD                    |
|  \\    /   O peration     | Version:     3.1                                |
|   \\  /    A nd           | Web:         http://www.extend-project.de       |
|    \\/     M anipulation  |                                                 |
\*---------------------------------------------------------------------------*/
FoamFile
{
    version     2.0;
    format      ascii;
    class       vectorField;
    location    "0.1/polyMesh";
    object      points;
}
// * * * * * * * * * * * * * * * * * * * * * * * * * * * * * * * * * * * * * //


405
(
(0.45 0 -0.2)
(0.475 0 -0.2)
(0.5 0 -0.2)
(0.525 0 -0.2)
(0.55 0 -0.2)
(0.450067 0.0250436 -0.199953)
(0.475044 0.0250105 -0.199959)
(0.500032 0.0249991 -0.199968)
(0.525026 0.0249891 -0.199977)
(0.550025 0.0249677 -0.199982)
(0.450102 0.0500331 -0.199949)
(0.475087 0.0500038 -0.199951)
(0.500074 0.0499863 -0.199956)
(0.525066 0.0499701 -0.199961)
(0.550062 0.0499428 -0.199964)
(0.450142 0.0750296 -0.199941)
(0.475127 0.0749991 -0.199944)
(0.500115 0.0749768 -0.199947)
(0.525106 0.0749551 -0.19995)
(0.550099 0.0749258 -0.199952)
(0.450176 0.100021 -0.199937)
(0.475163 0.0999917 -0.199939)
(0.500152 0.0999672 -0.199941)
(0.525142 0.0999429 -0.199943)
(0.550134 0.099914 -0.199944)
(0.450207 0.125011 -0.199934)
(0.475195 0.124983 -0.199936)
(0.500184 0.124958 -0.199937)
(0.525174 0.124933 -0.199938)
(0.550165 0.124905 -0.199939)
(0.450234 0.15 -0.199931)
(0.475223 0.149974 -0.199933)
(0.500213 0.149949 -0.199934)
(0.525202 0.149924 -0.199935)
(0.550193 0.149898 -0.199936)
(0.45026 0.174989 -0.199928)
(0.475249 0.174964 -0.19993)
(0.500238 0.17494 -0.199931)
(0.525228 0.174915 -0.199933)
(0.550218 0.17489 -0.199934)
(0.450284 0.199979 -0.199926)
(0.475273 0.199954 -0.199927)
(0.500262 0.199931 -0.199929)
(0.525252 0.199907 -0.19993)
(0.550242 0.199883 -0.199932)
(0.45 0 -0.175)
(0.475 0 -0.175)
(0.5 0 -0.175)
(0.525 0 -0.175)
(0.55 0 -0.175)
(0.450069 0.0250295 -0.174969)
(0.475047 0.0249963 -0.174973)
(0.500035 0.024986 -0.174978)
(0.525028 0.0249772 -0.174984)
(0.550028 0.0249561 -0.174987)
(0.450106 0.0500271 -0.174958)
(0.47509 0.049997 -0.174961)
(0.500077 0.0499781 -0.174964)
(0.525069 0.0499605 -0.174968)
(0.550064 0.0499328 -0.174971)
(0.450145 0.0750241 -0.174951)
(0.47513 0.0749935 -0.174953)
(0.500117 0.0749704 -0.174956)
(0.525108 0.0749478 -0.174958)
(0.550101 0.0749181 -0.17496)
(0.450178 0.100017 -0.174946)
(0.475165 0.0999874 -0.174948)
(0.500153 0.0999624 -0.17495)
(0.525144 0.0999376 -0.174952)
(0.550135 0.0999084 -0.174953)
(0.450209 0.125007 -0.174943)
(0.475197 0.124979 -0.174945)
(0.500186 0.124954 -0.174946)
(0.525175 0.124929 -0.174947)
(0.550166 0.124901 -0.174948)
(0.450236 0.149996 -0.17494)
(0.475225 0.149971 -0.174942)
(0.500214 0.149945 -0.174943)
(0.525204 0.14992 -0.174944)
(0.550194 0.149894 -0.174946)
(0.450261 0.174986 -0.174938)
(0.47525 0.174961 -0.174939)
(0.50024 0.174937 -0.174941)
(0.52523 0.174912 -0.174942)
(0.55022 0.174887 -0.174943)
(0.450286 0.199976 -0.174935)
(0.475275 0.199951 -0.174936)
(0.500264 0.199927 -0.174938)
(0.525254 0.199903 -0.174939)
(0.550244 0.199879 -0.174941)
(0.45 0 -0.15)
(0.475 0 -0.15)
(0.5 0 -0.15)
(0.525 0 -0.15)
(0.55 0 -0.15)
(0.450071 0.0250276 -0.149979)
(0.475048 0.0249935 -0.149981)
(0.500036 0.0249832 -0.149985)
(0.52503 0.0249745 -0.149988)
(0.550031 0.0249531 -0.14999)
(0.45011 0.0500232 -0.149968)
(0.475093 0.0499927 -0.14997)
(0.500079 0.0499738 -0.149973)
(0.52507 0.0499563 -0.149976)
(0.550065 0.0499289 -0.149977)
(0.450148 0.0750198 -0.14996)
(0.475133 0.0749893 -0.149963)
(0.500119 0.0749661 -0.149965)
(0.525109 0.0749435 -0.149967)
(0.550102 0.0749138 -0.149968)
(0.450182 0.100013 -0.149955)
(0.475168 0.0999835 -0.149958)
(0.500156 0.0999584 -0.149959)
(0.525145 0.0999335 -0.149961)
(0.550136 0.0999043 -0.149962)
(0.450212 0.125003 -0.149952)
(0.475199 0.124976 -0.149954)
(0.500188 0.12495 -0.149955)
(0.525177 0.124925 -0.149956)
(0.550167 0.124897 -0.149958)
(0.450239 0.149993 -0.149949)
(0.475227 0.149967 -0.149951)
(0.500216 0.149942 -0.149952)
(0.525205 0.149917 -0.149953)
(0.550195 0.149891 -0.149955)
(0.450264 0.174983 -0.149946)
(0.475253 0.174958 -0.149948)
(0.500242 0.174933 -0.14995)
(0.525231 0.174909 -0.149951)
(0.550221 0.174884 -0.149953)
(0.450288 0.199973 -0.149944)
(0.475277 0.199948 -0.149946)
(0.500266 0.199924 -0.149947)
(0.525256 0.1999 -0.149948)
(0.550246 0.199876 -0.14995)
(0.45 0 -0.125)
(0.475 0 -0.125)
(0.5 0 -0.125)
(0.525 0 -0.125)
(0.55 0 -0.125)
(0.450072 0.0250275 -0.124985)
(0.475049 0.0249926 -0.124987)
(0.500037 0.0249823 -0.124989)
(0.525031 0.0249735 -0.124991)
(0.550032 0.0249518 -0.124992)
(0.450113 0.0500213 -0.124976)
(0.475095 0.0499905 -0.124978)
(0.500081 0.0499716 -0.12498)
(0.525071 0.0499542 -0.124981)
(0.550067 0.0499269 -0.124983)
(0.450151 0.075017 -0.124969)
(0.475135 0.0749865 -0.124971)
(0.500121 0.0749633 -0.124973)
(0.525111 0.0749407 -0.124974)
(0.550103 0.0749111 -0.124975)
(0.450184 0.100009 -0.124964)
(0.475171 0.0999805 -0.124966)
(0.500158 0.0999554 -0.124968)
(0.525147 0.0999305 -0.124969)
(0.550137 0.0999012 -0.12497)
(0.450214 0.125 -0.12496)
(0.475202 0.124973 -0.124962)
(0.50019 0.124947 -0.124964)
(0.525179 0.124922 -0.124965)
(0.550168 0.124894 -0.124966)
(0.450241 0.14999 -0.124958)
(0.475229 0.149964 -0.12496)
(0.500218 0.149939 -0.124961)
(0.525207 0.149914 -0.124962)
(0.550197 0.149887 -0.124964)
(0.450266 0.17498 -0.124955)
(0.475255 0.174955 -0.124957)
(0.500244 0.17493 -0.124959)
(0.525233 0.174905 -0.12496)
(0.550223 0.17488 -0.124961)
(0.45029 0.19997 -0.124953)
(0.475279 0.199946 -0.124955)
(0.500268 0.199921 -0.124956)
(0.525258 0.199897 -0.124957)
(0.550248 0.199872 -0.124959)
(0.45 0 -0.1)
(0.475 0 -0.1)
(0.5 0 -0.1)
(0.525 0 -0.1)
(0.55 0 -0.1)
(0.450073 0.0250276 -0.0999898)
(0.47505 0.0249922 -0.0999907)
(0.500038 0.0249818 -0.0999919)
(0.525032 0.0249731 -0.099993)
(0.550033 0.024951 -0.0999937)
(0.450115 0.0500205 -0.0999824)
(0.475097 0.0499893 -0.0999837)
(0.500082 0.0499704 -0.0999849)
(0.525072 0.049953 -0.099986)
(0.550068 0.0499257 -0.099987)
(0.450154 0.0750153 -0.0999765)
(0.475137 0.0749846 -0.0999781)
(0.500123 0.0749615 -0.0999793)
(0.525112 0.0749389 -0.0999804)
(0.550104 0.0749092 -0.0999815)
(0.450187 0.100007 -0.0999722)
(0.475173 0.0999782 -0.0999738)
(0.500159 0.0999532 -0.0999751)
(0.525148 0.0999282 -0.0999761)
(0.550138 0.0998989 -0.0999772)
(0.450217 0.124998 -0.099969)
(0.475204 0.12497 -0.0999706)
(0.500192 0.124945 -0.0999718)
(0.52518 0.124919 -0.0999729)
(0.55017 0.124891 -0.0999741)
(0.450243 0.149988 -0.0999665)
(0.475232 0.149962 -0.0999681)
(0.50022 0.149936 -0.0999693)
(0.525209 0.149911 -0.0999704)
(0.550198 0.149884 -0.0999717)
(0.450268 0.174977 -0.0999644)
(0.475257 0.174952 -0.099966)
(0.500246 0.174928 -0.0999672)
(0.525235 0.174903 -0.0999683)
(0.550225 0.174877 -0.0999697)
(0.450293 0.199968 -0.0999623)
(0.475281 0.199943 -0.0999639)
(0.50027 0.199919 -0.0999651)
(0.52526 0.199894 -0.0999661)
(0.550249 0.19987 -0.0999675)
(0.45 0 -0.075)
(0.475 0 -0.075)
(0.5 0 -0.075)
(0.525 0 -0.075)
(0.55 0 -0.075)
(0.450074 0.0250278 -0.074993)
(0.475051 0.024992 -0.0749936)
(0.500038 0.0249816 -0.0749943)
(0.525032 0.0249728 -0.074995)
(0.550034 0.0249505 -0.0749955)
(0.450116 0.0500201 -0.0749876)
(0.475098 0.0499886 -0.0749885)
(0.500083 0.0499697 -0.0749893)
(0.525073 0.0499523 -0.0749901)
(0.550068 0.0499249 -0.0749908)
(0.450155 0.0750143 -0.0749832)
(0.475139 0.0749834 -0.0749843)
(0.500124 0.0749603 -0.0749852)
(0.525113 0.0749377 -0.074986)
(0.550105 0.074908 -0.0749868)
(0.450189 0.100006 -0.0749797)
(0.475174 0.0999767 -0.074981)
(0.500161 0.0999516 -0.0749819)
(0.52515 0.0999266 -0.0749827)
(0.55014 0.0998972 -0.0749836)
(0.450219 0.124996 -0.0749771)
(0.475206 0.124969 -0.0749784)
(0.500193 0.124943 -0.0749794)
(0.525182 0.124917 -0.0749802)
(0.550171 0.124889 -0.0749812)
(0.450245 0.149986 -0.0749751)
(0.475233 0.14996 -0.0749764)
(0.500222 0.149934 -0.0749774)
(0.52521 0.149909 -0.0749783)
(0.550199 0.149882 -0.0749793)
(0.45027 0.174975 -0.0749733)
(0.475259 0.174951 -0.0749746)
(0.500247 0.174926 -0.0749756)
(0.525237 0.1749 -0.0749766)
(0.550226 0.174875 -0.0749777)
(0.450295 0.199966 -0.0749718)
(0.475283 0.199941 -0.0749731)
(0.500272 0.199917 -0.074974)
(0.525261 0.199892 -0.0749748)
(0.550251 0.199867 -0.074976)
(0.45 0 -0.05)
(0.475 0 -0.05)
(0.5 0 -0.05)
(0.525 0 -0.05)
(0.55 0 -0.05)
(0.450075 0.025028 -0.0499956)
(0.475051 0.0249919 -0.049996)
(0.500038 0.0249814 -0.0499964)
(0.525032 0.0249726 -0.0499968)
(0.550034 0.0249502 -0.0499971)
(0.450117 0.0500199 -0.0499921)
(0.475099 0.0499882 -0.0499926)
(0.500083 0.0499692 -0.0499932)
(0.525074 0.0499518 -0.0499936)
(0.550069 0.0499244 -0.0499941)
(0.450156 0.0750137 -0.0499891)
(0.47514 0.0749827 -0.0499898)
(0.500125 0.0749595 -0.0499904)
(0.525114 0.0749369 -0.049991)
(0.550106 0.0749071 -0.0499915)
(0.45019 0.100005 -0.0499868)
(0.475176 0.0999757 -0.0499876)
(0.500162 0.0999506 -0.0499882)
(0.525151 0.0999255 -0.0499888)
(0.55014 0.0998961 -0.0499894)
(0.45022 0.124995 -0.0499849)
(0.475207 0.124967 -0.0499858)
(0.500194 0.124942 -0.0499865)
(0.525183 0.124916 -0.0499871)
(0.550172 0.124888 -0.0499878)
(0.450247 0.149984 -0.0499835)
(0.475235 0.149958 -0.0499844)
(0.500223 0.149933 -0.0499851)
(0.525212 0.149907 -0.0499857)
(0.5502 0.149881 -0.0499865)
(0.450272 0.174974 -0.0499823)
(0.47526 0.174949 -0.0499832)
(0.500249 0.174924 -0.0499839)
(0.525238 0.174899 -0.0499845)
(0.550227 0.174873 -0.0499853)
(0.450296 0.199964 -0.0499812)
(0.475285 0.19994 -0.0499821)
(0.500274 0.199915 -0.0499828)
(0.525263 0.19989 -0.0499834)
(0.550252 0.199865 -0.0499842)
(0.45 0 -0.025)
(0.475 0 -0.025)
(0.5 0 -0.025)
(0.525 0 -0.025)
(0.55 0 -0.025)
(0.450075 0.0250281 -0.0249979)
(0.475051 0.0249918 -0.0249981)
(0.500039 0.0249814 -0.0249983)
(0.525033 0.0249725 -0.0249984)
(0.550035 0.02495 -0.0249986)
(0.450118 0.0500198 -0.0249961)
(0.475099 0.049988 -0.0249964)
(0.500084 0.049969 -0.0249967)
(0.525074 0.0499516 -0.0249969)
(0.550069 0.049924 -0.0249971)
(0.450157 0.0750134 -0.0249947)
(0.47514 0.0749823 -0.024995)
(0.500126 0.0749591 -0.0249953)
(0.525114 0.0749365 -0.0249956)
(0.550106 0.0749066 -0.0249958)
(0.450191 0.100004 -0.0249935)
(0.475176 0.0999751 -0.0249939)
(0.500163 0.09995 -0.0249942)
(0.525151 0.0999249 -0.0249945)
(0.550141 0.0998954 -0.0249948)
(0.450221 0.124994 -0.0249925)
(0.475208 0.124967 -0.024993)
(0.500195 0.124941 -0.0249933)
(0.525183 0.124915 -0.0249936)
(0.550172 0.124887 -0.024994)
(0.450248 0.149984 -0.0249918)
(0.475235 0.149958 -0.0249922)
(0.500224 0.149932 -0.0249926)
(0.525212 0.149907 -0.0249929)
(0.550201 0.14988 -0.0249933)
(0.450272 0.174973 -0.0249911)
(0.475261 0.174948 -0.0249916)
(0.500249 0.174923 -0.024992)
(0.525239 0.174898 -0.0249923)
(0.550228 0.174873 -0.0249927)
(0.450297 0.199964 -0.0249906)
(0.475286 0.199939 -0.0249911)
(0.500274 0.199914 -0.0249914)
(0.525264 0.199889 -0.0249917)
(0.550253 0.199864 -0.0249921)
(0.45 0 0)
(0.475 0 0)
(0.5 0 0)
(0.525 0 0)
(0.55 0 0)
(0.450075 0.0250282 0)
(0.475051 0.0249918 0)
(0.500039 0.0249813 0)
(0.525033 0.0249725 0)
(0.550035 0.02495 0)
(0.450118 0.0500198 0)
(0.475099 0.049988 0)
(0.500084 0.0499689 0)
(0.525074 0.0499515 0)
(0.550069 0.0499239 0)
(0.450157 0.0750133 0)
(0.475141 0.0749822 0)
(0.500126 0.074959 0)
(0.525115 0.0749363 0)
(0.550106 0.0749065 0)
(0.450191 0.100004 0)
(0.475177 0.099975 0)
(0.500163 0.0999498 0)
(0.525151 0.0999247 0)
(0.550141 0.0998952 0)
(0.450221 0.124994 0)
(0.475208 0.124967 0)
(0.500195 0.124941 0)
(0.525184 0.124915 0)
(0.550173 0.124887 0)
(0.450248 0.149983 0)
(0.475236 0.149957 0)
(0.500224 0.149932 0)
(0.525212 0.149906 0)
(0.550201 0.14988 0)
(0.450273 0.174973 0)
(0.475261 0.174948 0)
(0.50025 0.174923 0)
(0.525239 0.174898 0)
(0.550228 0.174872 0)
(0.450297 0.199963 0)
(0.475286 0.199939 0)
(0.500275 0.199914 0)
(0.525264 0.199889 0)
(0.550253 0.199864 0)
)


// ************************************************************************* //
