/*--------------------------------*- C++ -*----------------------------------*\
| =========                 |                                                 |
| \\      /  F ield         | foam-extend: Open Source CFD                    |
|  \\    /   O peration     | Version:     3.1                                |
|   \\  /    A nd           | Web:         http://www.extend-project.de       |
|    \\/     M anipulation  |                                                 |
\*---------------------------------------------------------------------------*/
FoamFile
{
    version     2.0;
    format      ascii;
    class       volScalarField;
    location    "0.0015";
    object      sigmaEq;
}
// * * * * * * * * * * * * * * * * * * * * * * * * * * * * * * * * * * * * * //

dimensions      [1 -1 -2 0 0 0 0];

internalField   nonuniform List<scalar> 
6400
(
5400.08
3980.46
3554.12
4335.89
5365.32
3962.98
3553.69
4363.94
5362.92
3960.94
3552.75
4364.26
5361.8
3960.2
3552.29
4363.95
5361.34
3959.87
3551.98
4363.49
5361.21
3959.7
3551.67
4362.91
5361.25
3959.56
3551.29
4362.24
5361.36
3959.36
3550.82
4361.53
5361.47
3959.09
3550.32
4360.88
5361.46
3958.85
3549.95
4360.47
5361.46
3958.85
3549.95
4360.47
5361.47
3959.09
3550.32
4360.88
5361.36
3959.36
3550.82
4361.53
5361.25
3959.56
3551.29
4362.24
5361.21
3959.71
3551.67
4362.91
5361.34
3959.87
3551.98
4363.49
5361.8
3960.2
3552.29
4363.95
5362.92
3960.95
3552.75
4364.26
5365.33
3962.98
3553.7
4363.94
5400.08
3980.47
3554.12
4335.89
3629.93
3561.63
3183.42
2425.7
3631.99
3556.93
3172.57
2415.44
3629.55
3555.22
3171.54
2415.67
3628.37
3554.52
3171.06
2415.45
3627.72
3554.02
3170.62
2415.02
3627.35
3553.64
3170.21
2414.47
3627.17
3553.33
3169.8
2413.88
3627.14
3553.04
3169.39
2413.3
3627.25
3552.75
3169
2412.8
3627.63
3552.55
3168.73
2412.49
3627.63
3552.55
3168.73
2412.49
3627.25
3552.75
3169
2412.8
3627.14
3553.04
3169.39
2413.3
3627.17
3553.33
3169.8
2413.88
3627.35
3553.64
3170.21
2414.47
3627.72
3554.02
3170.63
2415.02
3628.37
3554.53
3171.06
2415.45
3629.56
3555.22
3171.54
2415.67
3632
3556.94
3172.57
2415.45
3629.93
3561.63
3183.42
2425.7
3910.03
3758.65
3393.08
2816.1
3918.27
3754.5
3380.72
2798.57
3917.07
3754.19
3380.02
2798.91
3916.5
3754.09
3380.01
2799.06
3916.06
3753.88
3379.94
2799.13
3915.71
3753.63
3379.79
2799.1
3915.5
3753.42
3379.61
2798.98
3915.49
3753.28
3379.42
2798.78
3915.77
3753.21
3379.24
2798.52
3916.66
3753.26
3379.11
2798.31
3916.66
3753.26
3379.11
2798.31
3915.77
3753.21
3379.24
2798.52
3915.49
3753.28
3379.42
2798.78
3915.5
3753.43
3379.61
2798.98
3915.71
3753.64
3379.79
2799.1
3916.07
3753.88
3379.94
2799.13
3916.51
3754.09
3380.01
2799.06
3917.07
3754.19
3380.03
2798.91
3918.28
3754.51
3380.73
2798.57
3910.03
3758.66
3393.08
2816.1
5181.03
4703.93
4267.34
3911.77
5183.59
4697.56
4256.71
3896.02
5182.51
4697.58
4256.32
3897.25
5182.16
4697.5
4256.32
3897.69
5181.95
4697.43
4256.39
3897.97
5181.86
4697.4
4256.45
3898.17
5181.91
4697.42
4256.48
3898.28
5182.17
4697.53
4256.5
3898.27
5182.7
4697.72
4256.49
3898.15
5183.81
4697.96
4256.47
3898.01
5183.81
4697.96
4256.47
3898.01
5182.7
4697.72
4256.49
3898.15
5182.17
4697.53
4256.5
3898.27
5181.92
4697.43
4256.48
3898.28
5181.86
4697.4
4256.45
3898.17
5181.95
4697.43
4256.4
3897.98
5182.16
4697.5
4256.33
3897.69
5182.52
4697.58
4256.33
3897.26
5183.59
4697.56
4256.71
3896.03
5181.04
4703.93
4267.35
3911.77
6283.01
5614.06
5098.11
4788.76
6283.04
5606.86
5088.26
4772.83
6282.05
5607.04
5088.01
4774.58
6281.74
5606.8
5087.81
4775.05
6281.66
5606.72
5087.83
4775.33
6281.8
5606.81
5087.93
4775.54
6282.15
5607.03
5088.05
4775.69
6282.7
5607.34
5088.18
4775.74
6283.46
5607.71
5088.28
4775.67
6284.7
5608.06
5088.33
4775.57
6284.7
5608.06
5088.33
4775.57
6283.46
5607.71
5088.28
4775.67
6282.7
5607.34
5088.18
4775.74
6282.16
5607.03
5088.05
4775.69
6281.81
5606.82
5087.93
4775.54
6281.66
5606.73
5087.83
4775.33
6281.74
5606.81
5087.82
4775.05
6282.06
5607.05
5088.01
4774.58
6283.05
5606.86
5088.26
4772.83
6283.01
5614.07
5098.12
4788.76
6946.66
6203.76
5641.28
5312.09
6946.88
6196.87
5631.83
5295.23
6946.15
6197.28
5631.64
5297.11
6946.01
6197
5631.3
5297.45
6946.13
6196.96
5631.22
5297.56
6946.56
6197.16
5631.29
5297.65
6947.23
6197.53
5631.43
5297.7
6948.08
6198.01
5631.61
5297.7
6949.07
6198.53
5631.76
5297.61
6950.42
6198.98
5631.85
5297.5
6950.42
6198.98
5631.85
5297.5
6949.07
6198.53
5631.76
5297.61
6948.08
6198.02
5631.61
5297.7
6947.24
6197.54
5631.43
5297.7
6946.57
6197.17
5631.29
5297.65
6946.14
6196.96
5631.22
5297.56
6946.01
6197.01
5631.31
5297.45
6946.16
6197.28
5631.65
5297.11
6946.88
6196.87
5631.83
5295.23
6946.66
6203.77
5641.28
5312.1
7147.81
6408.47
5837.98
5481.86
7149.39
6402.45
5828.94
5464.36
7149.04
6403.08
5828.76
5466.06
7149.23
6402.93
5828.35
5466.15
7149.7
6403.02
5828.19
5465.99
7150.51
6403.38
5828.2
5465.81
7151.56
6403.92
5828.32
5465.63
7152.74
6404.57
5828.49
5465.46
7153.99
6405.22
5828.65
5465.26
7155.45
6405.74
5828.75
5465.11
7155.45
6405.74
5828.75
5465.11
7153.99
6405.22
5828.65
5465.26
7152.75
6404.57
5828.49
5465.46
7151.56
6403.93
5828.32
5465.63
7150.52
6403.38
5828.2
5465.81
7149.71
6403.02
5828.19
5465.99
7149.24
6402.94
5828.35
5466.15
7149.05
6403.08
5828.77
5466.06
7149.4
6402.45
5828.94
5464.36
7147.81
6408.48
5837.99
5481.86
6918.12
6238.02
5695.29
5324.55
6921.5
6233.15
5686.77
5307.04
6921.54
6233.96
5686.54
5308.3
6922.17
6234.04
5686.1
5308.03
6923.11
6234.34
5685.88
5307.49
6924.37
6234.9
5685.82
5306.92
6925.85
6235.63
5685.87
5306.39
6927.4
6236.43
5685.99
5305.91
6928.92
6237.21
5686.12
5305.51
6930.49
6237.79
5686.22
5305.25
6930.49
6237.79
5686.22
5305.25
6928.92
6237.21
5686.12
5305.51
6927.41
6236.44
5685.99
5305.91
6925.85
6235.63
5685.87
5306.39
6924.37
6234.9
5685.83
5306.92
6923.11
6234.34
5685.88
5307.49
6922.18
6234.04
5686.1
5308.03
6921.55
6233.96
5686.55
5308.3
6921.51
6233.15
5686.77
5307.04
6918.12
6238.02
5695.3
5324.55
6312.24
5736.61
5252.97
4882.42
6317.66
5733.13
5245.2
4865.58
6318.08
5734.05
5244.86
4866.19
6319.17
5734.4
5244.41
4865.47
6320.58
5734.93
5244.14
4864.48
6322.29
5735.68
5243.99
4863.43
6324.19
5736.58
5243.93
4862.42
6326.1
5737.51
5243.94
4861.53
6327.87
5738.38
5244
4860.82
6329.52
5739.01
5244.05
4860.41
6329.52
5739.01
5244.05
4860.41
6327.87
5738.38
5244
4860.82
6326.1
5737.52
5243.94
4861.53
6324.19
5736.58
5243.93
4862.43
6322.29
5735.69
5243.99
4863.44
6320.58
5734.93
5244.14
4864.48
6319.18
5734.41
5244.42
4865.47
6318.09
5734.06
5244.86
4866.19
6317.67
5733.13
5245.2
4865.59
6312.24
5736.61
5252.98
4882.42
5414.56
4975.81
4575.84
4220.98
5422.2
4973.98
4569.15
4205.62
5422.95
4974.95
4568.68
4205.47
5424.43
4975.53
4568.24
4204.32
5426.21
4976.22
4567.9
4202.89
5428.26
4977.08
4567.62
4201.38
5430.45
4978.05
4567.41
4199.89
5432.62
4979.03
4567.27
4198.55
5434.56
4979.91
4567.21
4197.49
5436.22
4980.52
4567.19
4196.89
5436.22
4980.53
4567.19
4196.89
5434.56
4979.91
4567.21
4197.49
5432.62
4979.03
4567.27
4198.55
5430.46
4978.05
4567.41
4199.89
5428.26
4977.09
4567.62
4201.38
5426.21
4976.22
4567.9
4202.89
5424.43
4975.53
4568.24
4204.32
5422.96
4974.95
4568.69
4205.47
5422.21
4973.98
4569.15
4205.62
5414.57
4975.82
4575.84
4220.98
4362.7
4055.13
3749.04
3439.36
4372.09
4054.93
3743.94
3426.88
4373.06
4055.83
3743.35
3426.08
4374.76
4056.5
3742.88
3424.69
4376.74
4057.19
3742.42
3423.07
4378.94
4057.98
3741.97
3421.31
4381.25
4058.83
3741.55
3419.54
4383.48
4059.68
3741.2
3417.92
4385.44
4060.42
3740.95
3416.63
4386.99
4060.94
3740.83
3415.9
4386.99
4060.94
3740.83
3415.9
4385.44
4060.42
3740.95
3416.63
4383.48
4059.68
3741.2
3417.92
4381.25
4058.83
3741.55
3419.54
4378.95
4057.98
3741.97
3421.31
4376.75
4057.19
3742.42
3423.07
4374.77
4056.5
3742.88
3424.69
4373.07
4055.84
3743.35
3426.08
4372.1
4054.93
3743.95
3426.88
4362.7
4055.13
3749.04
3439.36
3356.57
3096.88
2868.53
2664.35
3365.44
3097.58
2865.63
2657.2
3366.43
3098.24
2864.91
2656.13
3368.13
3098.78
2864.37
2654.91
3370.1
3099.22
2863.73
2653.5
3372.22
3099.69
2863.02
2651.93
3374.4
3100.17
2862.32
2650.31
3376.46
3100.66
2861.69
2648.79
3378.23
3101.08
2861.2
2647.55
3379.54
3101.38
2860.94
2646.83
3379.54
3101.38
2860.94
2646.83
3378.23
3101.08
2861.2
2647.55
3376.47
3100.66
2861.69
2648.79
3374.4
3100.18
2862.32
2650.31
3372.22
3099.69
2863.02
2651.93
3370.1
3099.23
2863.73
2653.5
3368.14
3098.78
2864.37
2654.91
3366.44
3098.24
2864.91
2656.13
3365.45
3097.59
2865.63
2657.2
3356.58
3096.88
2868.53
2664.35
2593.85
2238.19
2039.55
2006.62
2598.35
2238.29
2039.23
2007.03
2599.06
2238.56
2038.45
2006.15
2600.46
2238.84
2037.86
2005.41
2602.12
2238.96
2037.08
2004.54
2603.9
2239.03
2036.18
2003.52
2605.69
2239.08
2035.26
2002.41
2607.35
2239.14
2034.4
2001.32
2608.71
2239.18
2033.72
2000.39
2609.65
2239.23
2033.33
1999.83
2609.65
2239.23
2033.33
1999.83
2608.71
2239.18
2033.72
2000.39
2607.35
2239.14
2034.4
2001.32
2605.69
2239.09
2035.26
2002.41
2603.9
2239.03
2036.18
2003.52
2602.12
2238.97
2037.08
2004.54
2600.46
2238.85
2037.86
2005.41
2599.06
2238.56
2038.45
2006.15
2598.36
2238.3
2039.23
2007.03
2593.86
2238.2
2039.55
2006.62
2116.63
1615.86
1388.13
1498.38
2115.6
1614.23
1389.74
1504.78
2115.84
1614.21
1389.08
1504.19
2116.69
1614.44
1388.68
1503.81
2117.8
1614.54
1388.13
1503.34
2119
1614.59
1387.46
1502.74
2120.21
1614.61
1386.74
1502.04
2121.31
1614.62
1386.05
1501.32
2122.18
1614.59
1385.49
1500.69
2122.75
1614.57
1385.16
1500.3
2122.75
1614.58
1385.16
1500.3
2122.18
1614.59
1385.49
1500.69
2121.31
1614.62
1386.06
1501.32
2120.21
1614.61
1386.74
1502.04
2119.01
1614.59
1387.46
1502.73
2117.81
1614.54
1388.13
1503.34
2116.7
1614.44
1388.69
1503.81
2115.85
1614.21
1389.08
1504.19
2115.61
1614.24
1389.74
1504.78
2116.64
1615.87
1388.13
1498.38
1778.67
1285.87
1023.7
1100.94
1775.83
1283.4
1024.91
1107.4
1775.76
1283.41
1024.54
1106.76
1776.11
1283.87
1024.62
1106.34
1776.65
1284.31
1024.69
1105.86
1777.25
1284.77
1024.72
1105.28
1777.88
1285.21
1024.72
1104.63
1778.47
1285.61
1024.7
1103.98
1778.95
1285.9
1024.66
1103.43
1779.28
1286.06
1024.62
1103.1
1779.28
1286.06
1024.62
1103.1
1778.95
1285.9
1024.66
1103.43
1778.47
1285.61
1024.7
1103.98
1777.88
1285.21
1024.72
1104.63
1777.26
1284.77
1024.72
1105.28
1776.66
1284.32
1024.69
1105.86
1776.12
1283.87
1024.62
1106.34
1775.76
1283.42
1024.54
1106.76
1775.84
1283.41
1024.91
1107.4
1778.68
1285.87
1023.7
1100.94
1461.48
1132.05
896.944
808.173
1460.64
1130.38
896.139
809.498
1460.52
1130.52
895.933
808.669
1460.6
1131.06
896.267
808.159
1460.78
1131.63
896.694
807.677
1460.97
1132.24
897.155
807.158
1461.19
1132.86
897.613
806.619
1461.44
1133.43
898.022
806.106
1461.68
1133.88
898.327
805.683
1461.91
1134.14
898.491
805.435
1461.91
1134.14
898.491
805.435
1461.68
1133.88
898.328
805.683
1461.44
1133.43
898.022
806.106
1461.19
1132.86
897.614
806.619
1460.97
1132.24
897.156
807.158
1460.78
1131.63
896.695
807.677
1460.61
1131.06
896.267
808.159
1460.52
1130.52
895.933
808.669
1460.64
1130.39
896.14
809.498
1461.48
1132.05
896.945
808.173
1183.94
1012.85
843.03
681.599
1185.6
1012.15
841.246
678.67
1185.56
1012.28
841.069
678.152
1185.59
1012.66
841.344
678.025
1185.63
1013.03
841.717
678.046
1185.66
1013.42
842.129
678.12
1185.7
1013.82
842.543
678.203
1185.78
1014.19
842.92
678.27
1185.92
1014.5
843.21
678.308
1186.11
1014.7
843.37
678.319
1186.11
1014.7
843.37
678.319
1185.92
1014.5
843.21
678.308
1185.78
1014.19
842.921
678.27
1185.7
1013.82
842.544
678.203
1185.66
1013.42
842.129
678.12
1185.64
1013.04
841.718
678.045
1185.59
1012.66
841.345
678.025
1185.57
1012.29
841.07
678.152
1185.6
1012.15
841.247
678.67
1183.95
1012.86
843.031
681.599
995.686
900.956
794.18
691.033
998.203
900.678
792.714
688.252
998.219
900.784
792.606
688.281
998.262
900.995
792.813
688.591
998.301
901.185
793.099
689.058
998.314
901.37
793.413
689.604
998.329
901.555
793.727
690.157
998.375
901.736
794.012
690.648
998.48
901.9
794.231
691.012
998.669
902.015
794.353
691.204
998.669
902.015
794.353
691.204
998.481
901.9
794.231
691.012
998.377
901.737
794.012
690.648
998.332
901.556
793.728
690.158
998.318
901.373
793.414
689.604
998.306
901.188
793.101
689.058
998.268
900.998
792.814
688.591
998.225
900.788
792.607
688.281
998.209
900.682
792.716
688.252
995.692
900.959
794.182
691.033
878.266
811.171
746.018
701.665
880.597
811.079
745.118
699.84
880.636
811.203
745.086
700.039
880.679
811.356
745.259
700.375
880.725
811.493
745.497
700.8
880.755
811.627
745.756
701.274
880.787
811.762
746.013
701.743
880.844
811.896
746.243
702.152
880.95
812.019
746.418
702.45
881.135
812.11
746.515
702.605
881.135
812.111
746.515
702.605
880.952
812.02
746.419
702.45
880.847
811.897
746.244
702.152
880.791
811.764
746.014
701.743
880.76
811.63
745.758
701.274
880.73
811.496
745.498
700.8
880.685
811.36
745.26
700.374
880.643
811.207
745.087
700.039
880.605
811.083
745.12
699.84
878.274
811.176
746.02
701.666
787.598
734.004
685.464
652.593
789.638
734.023
684.78
650.893
789.715
734.158
684.737
650.967
789.765
734.277
684.826
651.097
789.823
734.379
684.958
651.253
789.876
734.482
685.1
651.419
789.935
734.585
685.237
651.572
790.012
734.686
685.355
651.691
790.122
734.775
685.44
651.765
790.284
734.84
685.484
651.794
790.285
734.841
685.484
651.794
790.124
734.776
685.441
651.765
790.015
734.688
685.356
651.692
789.939
734.588
685.239
651.572
789.881
734.486
685.102
651.419
789.83
734.383
684.96
651.253
789.773
734.281
684.828
651.097
789.723
734.162
684.739
650.967
789.646
734.028
684.782
650.893
787.607
734.009
685.467
652.593
712.602
657.169
606.436
560.828
714.154
657.104
605.681
558.909
714.273
657.198
605.562
558.791
714.35
657.266
605.537
558.72
714.44
657.31
605.531
558.64
714.531
657.349
605.522
558.546
714.627
657.384
605.504
558.438
714.73
657.416
605.48
558.321
714.843
657.443
605.452
558.211
714.973
657.465
605.431
558.14
714.974
657.465
605.431
558.14
714.845
657.444
605.452
558.212
714.734
657.418
605.481
558.322
714.632
657.387
605.506
558.439
714.538
657.353
605.523
558.547
714.448
657.315
605.533
558.64
714.359
657.271
605.539
558.72
714.283
657.204
605.564
558.791
714.165
657.11
605.683
558.909
712.613
657.175
606.438
560.829
655.857
586.451
524.969
465.279
656.677
586.107
524.057
463.264
656.802
586.141
523.873
463.024
656.888
586.169
523.779
462.859
656.997
586.174
523.695
462.681
657.11
586.171
523.601
462.485
657.225
586.163
523.501
462.278
657.337
586.152
523.4
462.073
657.443
586.14
523.313
461.897
657.542
586.134
523.259
461.791
657.542
586.135
523.259
461.791
657.445
586.141
523.314
461.897
657.342
586.154
523.402
462.073
657.231
586.166
523.502
462.278
657.118
586.175
523.603
462.486
657.006
586.179
523.697
462.681
656.899
586.175
523.782
462.859
656.814
586.148
523.876
463.024
656.689
586.114
524.06
463.264
655.869
586.458
524.972
465.279
608.912
530.261
461.069
394.253
609.12
529.656
460.051
392.335
609.222
529.648
459.856
392.073
609.282
529.662
459.762
391.922
609.368
529.663
459.684
391.77
609.459
529.66
459.602
391.61
609.552
529.654
459.516
391.442
609.642
529.645
459.432
391.277
609.723
529.635
459.359
391.137
609.793
529.629
459.314
391.052
609.794
529.629
459.314
391.052
609.726
529.637
459.36
391.137
609.647
529.648
459.433
391.278
609.559
529.658
459.518
391.442
609.467
529.665
459.604
391.61
609.378
529.669
459.687
391.77
609.293
529.669
459.765
391.922
609.235
529.655
459.86
392.073
609.133
529.663
460.055
392.335
608.925
530.269
461.072
394.253
560.853
486.558
419.582
355.133
560.791
485.873
418.591
353.461
560.869
485.852
418.43
353.251
560.889
485.866
418.372
353.167
560.929
485.873
418.338
353.098
560.974
485.88
418.307
353.031
561.022
485.887
418.275
352.961
561.071
485.894
418.243
352.889
561.119
485.897
418.213
352.824
561.164
485.898
418.193
352.784
561.165
485.899
418.194
352.784
561.122
485.899
418.214
352.825
561.076
485.897
418.244
352.889
561.029
485.892
418.277
352.961
560.982
485.885
418.309
353.031
560.94
485.879
418.341
353.098
560.901
485.873
418.375
353.167
560.882
485.86
418.433
353.251
560.805
485.881
418.594
353.461
560.868
486.567
419.585
355.133
509.602
448.718
392.184
338.245
509.524
448.116
391.345
336.924
509.592
448.102
391.232
336.787
509.583
448.116
391.209
336.77
509.587
448.125
391.211
336.773
509.591
448.134
391.218
336.783
509.6
448.145
391.226
336.793
509.614
448.155
391.23
336.795
509.636
448.163
391.23
336.79
509.663
448.168
391.228
336.784
509.664
448.169
391.228
336.784
509.639
448.165
391.231
336.79
509.619
448.158
391.232
336.795
509.607
448.149
391.228
336.793
509.6
448.139
391.221
336.783
509.598
448.131
391.214
336.773
509.596
448.124
391.213
336.77
509.606
448.11
391.236
336.787
509.539
448.125
391.349
336.924
509.617
448.727
392.188
338.244
459.314
413.214
369.622
328.977
459.308
412.758
368.986
328.012
459.378
412.756
368.913
327.932
459.359
412.771
368.911
327.953
459.345
412.778
368.929
327.991
459.33
412.784
368.951
328.036
459.319
412.791
368.972
328.078
459.315
412.799
368.99
328.111
459.322
412.805
369
328.131
459.338
412.808
369.003
328.139
459.34
412.809
369.004
328.139
459.325
412.807
369.001
328.132
459.321
412.802
368.991
328.112
459.327
412.796
368.975
328.078
459.34
412.79
368.954
328.036
459.357
412.785
368.932
327.991
459.372
412.779
368.915
327.953
459.392
412.764
368.917
327.932
459.323
412.766
368.99
328.012
459.329
413.223
369.626
328.976
413.883
379.54
347.023
317.533
413.932
379.213
346.564
316.842
414.007
379.221
346.517
316.792
413.99
379.238
346.523
316.824
413.975
379.243
346.544
316.866
413.957
379.247
346.565
316.911
413.942
379.25
346.585
316.952
413.933
379.253
346.6
316.984
413.934
379.254
346.609
317.003
413.945
379.255
346.611
317.011
413.946
379.256
346.612
317.011
413.937
379.256
346.61
317.004
413.938
379.256
346.602
316.984
413.949
379.255
346.587
316.953
413.966
379.253
346.568
316.911
413.986
379.25
346.547
316.866
414.003
379.245
346.526
316.824
414.021
379.229
346.521
316.791
413.947
379.221
346.567
316.842
413.899
379.548
347.027
317.533
374.262
347.735
322.921
300.767
374.321
347.494
322.582
300.251
374.396
347.507
322.548
300.21
374.385
347.522
322.554
300.239
374.374
347.527
322.571
300.27
374.361
347.529
322.586
300.302
374.349
347.529
322.599
300.328
374.341
347.528
322.606
300.346
374.341
347.526
322.609
300.354
374.348
347.524
322.608
300.357
374.349
347.525
322.608
300.357
374.344
347.528
322.61
300.355
374.346
347.532
322.608
300.346
374.356
347.534
322.601
300.328
374.37
347.535
322.589
300.302
374.385
347.534
322.574
300.271
374.397
347.53
322.558
300.239
374.41
347.515
322.552
300.21
374.335
347.502
322.586
300.251
374.277
347.744
322.925
300.767
339.249
317.519
297.527
279.649
339.284
317.324
297.258
279.236
339.356
317.336
297.23
279.196
339.348
317.349
297.233
279.217
339.341
317.353
297.244
279.237
339.332
317.353
297.253
279.255
339.324
317.351
297.257
279.266
339.318
317.348
297.258
279.271
339.317
317.343
297.255
279.271
339.322
317.339
297.252
279.268
339.323
317.34
297.252
279.268
339.32
317.345
297.256
279.271
339.323
317.351
297.26
279.272
339.331
317.355
297.26
279.267
339.341
317.359
297.255
279.255
339.352
317.359
297.247
279.238
339.36
317.356
297.236
279.218
339.369
317.343
297.233
279.197
339.297
317.332
297.262
279.237
339.263
317.528
297.531
279.65
307.119
288.52
271.634
256.396
307.121
288.348
271.408
256.051
307.186
288.357
271.382
256.011
307.179
288.367
271.382
256.026
307.174
288.369
271.388
256.038
307.167
288.368
271.392
256.047
307.16
288.364
271.392
256.05
307.154
288.359
271.389
256.048
307.152
288.353
271.383
256.043
307.154
288.348
271.378
256.038
307.155
288.348
271.379
256.038
307.155
288.354
271.384
256.043
307.158
288.362
271.391
256.049
307.166
288.368
271.395
256.051
307.174
288.373
271.395
256.048
307.183
288.375
271.391
256.039
307.19
288.374
271.385
256.027
307.198
288.364
271.385
256.012
307.133
288.355
271.412
256.052
307.132
288.527
271.638
256.397
276.659
260.531
246.004
232.815
276.633
260.375
245.809
232.525
276.691
260.381
245.784
232.487
276.683
260.389
245.783
232.498
276.677
260.389
245.787
232.507
276.67
260.387
245.789
232.512
276.662
260.382
245.787
232.513
276.656
260.376
245.782
232.509
276.652
260.369
245.775
232.502
276.652
260.364
245.77
232.497
276.653
260.364
245.77
232.498
276.655
260.371
245.776
232.503
276.66
260.378
245.783
232.51
276.667
260.386
245.789
232.514
276.676
260.391
245.791
232.514
276.685
260.394
245.79
232.508
276.693
260.395
245.786
232.5
276.701
260.388
245.788
232.489
276.644
260.382
245.812
232.526
276.67
260.538
246.007
232.816
247.412
233.563
221.139
209.87
247.372
233.425
220.974
209.631
247.422
233.428
220.952
209.598
247.413
233.434
220.95
209.607
247.406
233.433
220.953
209.614
247.397
233.43
220.954
209.619
247.389
233.424
220.951
209.619
247.381
233.418
220.946
209.616
247.376
233.411
220.94
209.61
247.375
233.405
220.935
209.606
247.375
233.406
220.936
209.606
247.378
233.412
220.941
209.611
247.384
233.42
220.948
209.616
247.393
233.428
220.953
209.62
247.403
233.434
220.956
209.62
247.413
233.438
220.956
209.616
247.421
233.439
220.953
209.609
247.431
233.434
220.956
209.599
247.381
233.431
220.977
209.633
247.422
233.569
221.143
209.871
219.471
207.783
197.332
187.915
219.427
207.664
197.194
187.723
219.471
207.667
197.176
187.694
219.462
207.67
197.174
187.703
219.453
207.669
197.177
187.71
219.444
207.665
197.177
187.714
219.434
207.659
197.174
187.714
219.426
207.653
197.17
187.712
219.42
207.645
197.164
187.707
219.417
207.64
197.16
187.704
219.417
207.641
197.16
187.704
219.421
207.647
197.165
187.708
219.428
207.654
197.171
187.713
219.438
207.662
197.176
187.716
219.448
207.668
197.179
187.715
219.459
207.673
197.179
187.711
219.468
207.675
197.177
187.705
219.478
207.671
197.179
187.696
219.435
207.669
197.198
187.725
219.479
207.788
197.335
187.917
193.148
183.425
174.769
167.051
193.106
183.325
174.658
166.9
193.144
183.327
174.643
166.875
193.135
183.33
174.642
166.884
193.126
183.328
174.643
166.89
193.117
183.324
174.643
166.893
193.107
183.318
174.641
166.894
193.098
183.311
174.636
166.891
193.092
183.304
174.631
166.888
193.088
183.299
174.627
166.885
193.089
183.3
174.627
166.885
193.093
183.305
174.632
166.888
193.1
183.313
174.637
166.893
193.11
183.32
174.642
166.895
193.12
183.326
174.645
166.895
193.131
183.331
174.646
166.891
193.14
183.333
174.644
166.886
193.15
183.331
174.646
166.877
193.112
183.329
174.661
166.902
193.155
183.429
174.772
167.053
168.736
160.708
153.609
147.353
168.697
160.625
153.52
147.236
168.731
160.627
153.508
147.215
168.722
160.63
153.507
147.222
168.714
160.627
153.508
147.227
168.705
160.623
153.508
147.23
168.696
160.617
153.505
147.23
168.688
160.611
153.501
147.228
168.681
160.604
153.496
147.224
168.677
160.6
153.492
147.222
168.677
160.6
153.492
147.222
168.682
160.605
153.496
147.225
168.689
160.612
153.502
147.229
168.698
160.619
153.506
147.232
168.708
160.625
153.509
147.232
168.718
160.63
153.51
147.229
168.726
160.632
153.509
147.224
168.735
160.631
153.511
147.217
168.702
160.629
153.523
147.238
168.741
160.711
153.612
147.355
146.412
139.792
133.99
128.936
146.377
139.725
133.919
128.845
146.406
139.726
133.909
128.827
146.398
139.728
133.908
128.833
146.391
139.726
133.909
128.837
146.383
139.722
133.908
128.839
146.374
139.716
133.905
128.839
146.366
139.71
133.901
128.836
146.36
139.704
133.896
128.833
146.356
139.7
133.893
128.831
146.356
139.7
133.893
128.831
146.361
139.705
133.897
128.834
146.367
139.711
133.902
128.837
146.376
139.718
133.906
128.84
146.385
139.723
133.909
128.841
146.394
139.728
133.91
128.839
146.401
139.73
133.91
128.835
146.409
139.729
133.911
128.829
146.38
139.727
133.921
128.847
146.416
139.795
133.992
128.938
126.231
120.763
116.017
111.929
126.2
120.708
115.96
111.858
126.226
120.709
115.952
111.842
126.219
120.711
115.951
111.848
126.213
120.709
115.951
111.851
126.205
120.705
115.95
111.852
126.198
120.7
115.947
111.851
126.19
120.694
115.943
111.848
126.184
120.688
115.939
111.845
126.181
120.685
115.936
111.843
126.181
120.685
115.936
111.843
126.185
120.689
115.94
111.846
126.191
120.695
115.944
111.849
126.199
120.701
115.948
111.852
126.207
120.706
115.951
111.853
126.214
120.71
115.953
111.852
126.221
120.712
115.953
111.849
126.228
120.711
115.954
111.844
126.203
120.71
115.962
111.859
126.235
120.766
116.018
111.931
108.167
103.64
99.7483
96.4332
108.14
103.594
99.7032
96.3775
108.161
103.595
99.6965
96.3645
108.156
103.596
99.6954
96.3689
108.15
103.594
99.6955
96.3713
108.144
103.591
99.6943
96.3718
108.137
103.586
99.6915
96.3705
108.13
103.581
99.6878
96.3678
108.125
103.576
99.6838
96.3647
108.122
103.573
99.6811
96.3626
108.122
103.573
99.6812
96.3628
108.125
103.576
99.6842
96.3652
108.131
103.582
99.6884
96.3686
108.138
103.587
99.6923
96.3715
108.145
103.592
99.6953
96.373
108.152
103.595
99.6967
96.3725
108.158
103.598
99.6967
96.3703
108.164
103.597
99.6979
96.3659
108.142
103.596
99.7046
96.3789
108.17
103.642
99.7498
96.4347
92.1393
88.3859
85.1909
82.4982
92.1149
88.348
85.1547
82.4544
92.1333
88.3492
85.1492
82.4433
92.1284
88.3499
85.1482
82.447
92.1236
88.3481
85.1481
82.4488
92.118
88.345
85.1468
82.449
92.1122
88.3409
85.1442
82.4475
92.1065
88.3363
85.1408
82.445
92.1017
88.3318
85.1372
82.4421
92.0986
88.3287
85.1348
82.4402
92.0987
88.3288
85.1349
82.4403
92.102
88.3321
85.1375
82.4425
92.107
88.3368
85.1412
82.4455
92.113
88.3416
85.1448
82.4482
92.1192
88.3458
85.1475
82.4498
92.1251
88.3491
85.1489
82.4497
92.1303
88.3511
85.1491
82.448
92.1357
88.3506
85.1502
82.4443
92.1175
88.3495
85.1558
82.4553
92.1421
88.3875
85.192
82.4992
78.0369
74.926
72.3023
70.115
78.0155
74.8947
72.2732
70.0805
78.0311
74.8957
72.2686
70.0713
78.0268
74.8963
72.2677
70.0743
78.0227
74.8946
72.2675
70.0756
78.018
74.8919
72.2663
70.0756
78.0129
74.8883
72.2639
70.0742
78.008
74.8843
72.2608
70.0718
78.0038
74.8803
72.2577
70.0693
78.001
74.8776
72.2556
70.0676
78.0011
74.8777
72.2557
70.0676
78.0041
74.8806
72.2579
70.0695
78.0086
74.8847
72.2612
70.0721
78.0139
74.8889
72.2644
70.0746
78.0193
74.8927
72.2668
70.076
78.0245
74.8956
72.2681
70.0761
78.0291
74.8974
72.2684
70.0748
78.0337
74.897
72.2693
70.0717
78.0185
74.8961
72.2739
70.081
78.04
74.9276
72.3031
70.1155
65.73
63.155
61.0022
59.2274
65.7115
63.1292
60.9788
59.2002
65.7246
63.13
60.975
59.1925
65.721
63.1304
60.9742
59.195
65.7175
63.129
60.974
59.196
65.7134
63.1266
60.9728
59.1958
65.7091
63.1235
60.9707
59.1945
65.7049
63.12
60.968
59.1924
65.7012
63.1166
60.9653
59.1902
65.6988
63.1142
60.9635
59.1887
65.699
63.1143
60.9635
59.1887
65.7017
63.1168
60.9655
59.1903
65.7056
63.1204
60.9683
59.1925
65.7103
63.1241
60.9711
59.1947
65.7151
63.1275
60.9732
59.196
65.7197
63.1301
60.9744
59.1961
65.7237
63.1317
60.9747
59.195
65.7278
63.1314
60.9755
59.1924
65.715
63.1307
60.9793
59.2001
65.7337
63.1567
61.0027
59.2273
55.0754
52.9476
51.1834
49.7452
55.0596
52.9263
51.1645
49.7238
55.0705
52.927
51.1614
49.7174
55.0674
52.9273
51.1608
49.7195
55.0645
52.9261
51.1605
49.7203
55.061
52.924
51.1595
49.7201
55.0574
52.9213
51.1577
49.7189
55.0538
52.9184
51.1554
49.717
55.0507
52.9155
51.153
49.7151
55.0487
52.9135
51.1514
49.7138
55.0488
52.9136
51.1515
49.7138
55.0513
52.9158
51.1531
49.7151
55.0548
52.9189
51.1556
49.717
55.0589
52.9221
51.1579
49.7188
55.0631
52.925
51.1598
49.7199
55.0672
52.9273
51.1609
49.72
55.0707
52.9288
51.1612
49.7191
55.0742
52.9286
51.1618
49.7169
55.0636
52.928
51.1649
49.7233
55.0797
52.9494
51.1838
49.7447
45.9214
44.166
42.7221
41.558
45.9079
44.1485
42.7069
41.5412
45.9171
44.1491
42.7044
41.5358
45.9145
44.1493
42.7039
41.5376
45.912
44.1483
42.7036
41.5382
45.9091
44.1465
42.7027
41.538
45.9061
44.1443
42.7012
41.5369
45.9031
44.1418
42.6992
41.5353
45.9005
44.1393
42.6972
41.5336
45.8988
44.1377
42.6959
41.5325
45.899
44.1378
42.6959
41.5325
45.9012
44.1397
42.6973
41.5335
45.9044
44.1424
42.6994
41.5351
45.908
44.1452
42.7014
41.5366
45.9117
44.1478
42.703
41.5376
45.9152
44.1498
42.704
41.5377
45.9183
44.151
42.7042
41.5369
45.9214
44.151
42.7048
41.535
45.9127
44.1505
42.7073
41.5403
45.9264
44.1681
42.7225
41.5571
38.1131
36.667
35.4864
34.5446
38.1017
36.6526
35.4742
34.5314
38.1093
36.6531
35.4722
34.527
38.1072
36.6534
35.4717
34.5285
38.1051
36.6525
35.4715
34.5289
38.1028
36.651
35.4707
34.5287
38.1003
36.6492
35.4694
34.5277
38.0978
36.647
35.4677
34.5263
38.0956
36.645
35.4661
34.5249
38.0943
36.6437
35.465
34.524
38.0946
36.6438
35.465
34.5239
38.0965
36.6455
35.4662
34.5248
38.0993
36.6478
35.468
34.5261
38.1025
36.6503
35.4697
34.5274
38.1057
36.6525
35.4711
34.5282
38.1088
36.6542
35.4719
34.5283
38.1116
36.6554
35.4721
34.5276
38.1143
36.6554
35.4726
34.526
38.1071
36.655
35.4747
34.5303
38.1187
36.6695
35.4869
34.5436
31.4972
30.3074
29.3428
28.5809
31.4877
30.2956
29.333
28.5703
31.494
30.2961
29.3313
28.5667
31.4923
30.2963
29.3309
28.568
31.4906
30.2955
29.3307
28.5683
31.4887
30.2944
29.3301
28.5681
31.4867
30.2928
29.329
28.5672
31.4846
30.2911
29.3276
28.5661
31.4829
30.2894
29.3262
28.5648
31.4819
30.2883
29.3253
28.564
31.4822
30.2885
29.3253
28.564
31.4839
30.29
29.3263
28.5647
31.4864
30.292
29.3278
28.5658
31.4892
30.2941
29.3293
28.5669
31.492
30.296
29.3305
28.5676
31.4947
30.2975
29.3312
28.5677
31.4971
30.2986
29.3315
28.5671
31.4994
30.2986
29.3319
28.5658
31.4936
30.2983
29.3335
28.5693
31.5033
30.3102
29.3434
28.5798
25.9265
24.9485
24.1607
23.544
25.9186
24.9389
24.1528
23.5357
25.9238
24.9393
24.1514
23.5327
25.9224
24.9395
24.1511
23.5337
25.9211
24.9389
24.151
23.534
25.9196
24.938
24.1504
23.5337
25.918
24.9367
24.1495
23.533
25.9164
24.9353
24.1483
23.532
25.9151
24.934
24.1472
23.531
25.9142
24.9331
24.1465
23.5303
25.9146
24.9333
24.1465
23.5303
25.9162
24.9346
24.1474
23.5309
25.9183
24.9364
24.1487
23.5318
25.9207
24.9382
24.15
23.5327
25.9232
24.9398
24.151
23.5333
25.9255
24.9412
24.1517
23.5334
25.9276
24.9421
24.1519
23.533
25.9296
24.9421
24.1522
23.5319
25.9248
24.9419
24.1536
23.5348
25.933
24.9517
24.1616
23.5431
21.2628
20.4597
19.8164
19.3169
21.2563
20.4519
19.81
19.3102
21.2606
20.4522
19.8089
19.3078
21.2595
20.4524
19.8087
19.3086
21.2585
20.452
19.8085
19.3088
21.2573
20.4512
19.8081
19.3086
21.2561
20.4502
19.8073
19.3079
21.2549
20.4491
19.8064
19.3071
21.2538
20.448
19.8054
19.3062
21.2532
20.4474
19.8048
19.3057
21.2536
20.4476
19.8049
19.3057
21.255
20.4487
19.8057
19.3062
21.2568
20.4502
19.8068
19.307
21.2589
20.4518
19.8079
19.3078
21.261
20.4532
19.8088
19.3083
21.263
20.4544
19.8094
19.3084
21.2648
20.4552
19.8096
19.3081
21.2665
20.4553
19.8099
19.3072
21.2626
20.4551
19.811
19.3096
21.2695
20.4632
19.8175
19.3163
17.3792
16.7203
16.195
15.79
17.3738
16.7138
16.1898
15.7846
17.3774
16.7141
16.1889
15.7827
17.3766
16.7143
16.1887
15.7833
17.3758
16.714
16.1886
15.7834
17.375
16.7134
16.1882
15.7832
17.374
16.7126
16.1876
15.7827
17.3731
16.7118
16.1868
15.7819
17.3723
16.7109
16.1861
15.7812
17.3719
16.7104
16.1856
15.7808
17.3723
16.7107
16.1857
15.7808
17.3735
16.7117
16.1864
15.7813
17.375
16.713
16.1874
15.782
17.3768
16.7143
16.1883
15.7827
17.3786
16.7155
16.1891
15.7832
17.3803
16.7165
16.1896
15.7833
17.3818
16.7172
16.1899
15.7831
17.3832
16.7173
16.1901
15.7824
17.3801
16.7172
16.1911
15.7843
17.3858
16.7238
16.1963
15.7897
14.1611
13.6208
13.1918
12.8631
14.1567
13.6155
13.1876
12.8588
14.1596
13.6158
13.1869
12.8572
14.159
13.616
13.1867
12.8577
14.1585
13.6157
13.1866
12.8578
14.1578
13.6153
13.1863
12.8576
14.1571
13.6147
13.1858
12.8571
14.1564
13.614
13.1852
12.8565
14.1558
13.6134
13.1846
12.8559
14.1555
13.613
13.1843
12.8556
14.1559
13.6133
13.1844
12.8556
14.1569
13.6141
13.185
12.856
14.1583
13.6152
13.1858
12.8567
14.1598
13.6164
13.1867
12.8573
14.1613
13.6174
13.1874
12.8578
14.1627
13.6183
13.1879
12.8579
14.1639
13.6189
13.1881
12.8578
14.1652
13.619
13.1883
12.8572
14.1627
13.6189
13.1891
12.8588
14.1674
13.6244
13.1934
12.8632
11.5065
11.0637
10.7133
10.4461
11.5029
11.0594
10.7098
10.4426
11.5053
11.0596
10.7093
10.4413
11.5048
11.0598
10.7092
10.4418
11.5044
11.0596
10.7091
10.4418
11.504
11.0593
10.7089
10.4416
11.5035
11.0588
10.7085
10.4413
11.5029
11.0583
10.708
10.4408
11.5025
11.0578
10.7075
10.4403
11.5023
11.0575
10.7073
10.4401
11.5026
11.0578
10.7074
10.4401
11.5034
11.0585
10.7079
10.4405
11.5046
11.0595
10.7087
10.4411
11.5058
11.0604
10.7094
10.4417
11.507
11.0613
10.71
10.4421
11.5082
11.0621
10.7104
10.4423
11.5093
11.0626
10.7106
10.4422
11.5103
11.0627
10.7109
10.4417
11.5083
11.0627
10.7115
10.443
11.5122
11.0671
10.715
10.4466
9.32581
8.96308
8.67676
8.45935
9.32287
8.95957
8.67395
8.45648
9.32484
8.95978
8.6735
8.45545
9.32449
8.95993
8.67342
8.4558
9.3242
8.95981
8.67338
8.45585
9.32385
8.95955
8.67319
8.45571
9.32345
8.95919
8.67286
8.4554
9.32303
8.95877
8.67247
8.45501
9.32268
8.95838
8.67211
8.45466
9.32251
8.95818
8.67193
8.45447
9.32276
8.95839
8.67207
8.45457
9.32346
8.95901
8.67255
8.45493
9.32438
8.95981
8.67318
8.45544
9.32541
8.96065
8.67382
8.45595
9.32644
8.96141
8.67436
8.45634
9.32743
8.96204
8.67473
8.45653
9.32833
8.96248
8.67492
8.45649
9.3292
8.9626
8.67511
8.45615
9.3276
8.96258
8.67564
8.45719
9.33075
8.96622
8.67851
8.46009
7.54124
7.24415
7.01009
6.83291
7.53885
7.24128
7.00778
6.83056
7.54046
7.24146
7.00742
6.82974
7.54018
7.24159
7.00737
6.83003
7.53996
7.2415
7.00734
6.83008
7.53968
7.24129
7.00719
6.82997
7.53935
7.24099
7.00693
6.82973
7.539
7.24066
7.00662
6.82944
7.5387
7.24034
7.00634
6.82917
7.53854
7.24018
7.00621
6.82905
7.53872
7.24036
7.00635
6.82916
7.53927
7.24087
7.00676
6.8295
7.54
7.24154
7.00731
6.82995
7.54082
7.24223
7.00786
6.8304
7.54167
7.24287
7.00832
6.83075
7.54249
7.2434
7.00864
6.83093
7.54323
7.24378
7.00881
6.83091
7.54396
7.24389
7.00897
6.83064
7.54269
7.24388
7.00941
6.83148
7.54525
7.24686
7.01176
6.83386
6.08585
5.84248
5.65101
5.50641
6.08391
5.84014
5.64912
5.50448
6.0852
5.84029
5.64883
5.50383
6.08497
5.84039
5.64879
5.50408
6.08479
5.84031
5.64877
5.50413
6.08455
5.84013
5.64865
5.50405
6.08426
5.83988
5.64844
5.50388
6.08395
5.8396
5.6482
5.50366
6.08366
5.83933
5.64798
5.50347
6.08349
5.83919
5.64789
5.5034
6.08359
5.83932
5.64801
5.50351
6.08398
5.83973
5.64836
5.50382
6.08454
5.84027
5.64882
5.50421
6.08519
5.84083
5.64928
5.5046
6.08586
5.84135
5.64967
5.50491
6.08652
5.84179
5.64994
5.50507
6.08713
5.8421
5.65008
5.50506
6.08773
5.84219
5.65021
5.50484
6.08672
5.84219
5.65057
5.50551
6.0888
5.84463
5.6525
5.50747
4.90253
4.70308
4.54631
4.42811
4.90095
4.70116
4.54476
4.42652
4.90198
4.70128
4.54453
4.42601
4.90179
4.70135
4.5445
4.42622
4.90162
4.70128
4.54448
4.42628
4.9014
4.70112
4.54438
4.42623
4.90113
4.70089
4.54422
4.4261
4.90082
4.70064
4.54402
4.42594
4.90053
4.7004
4.54384
4.42581
4.90033
4.70026
4.54376
4.42577
4.90034
4.70034
4.54387
4.42589
4.9006
4.70064
4.54415
4.42616
4.90099
4.70106
4.54452
4.4265
4.90147
4.7015
4.5449
4.42683
4.90198
4.70192
4.54522
4.42709
4.9025
4.70226
4.54544
4.42722
4.90299
4.70251
4.54555
4.42722
4.90348
4.70258
4.54565
4.42703
4.90267
4.70258
4.54593
4.42756
4.90436
4.70457
4.54752
4.42917
3.94298
3.77942
3.65094
3.55413
3.9417
3.77784
3.64966
3.55282
3.94252
3.77793
3.64947
3.55242
3.94234
3.77798
3.64944
3.5526
3.94218
3.7779
3.64943
3.55266
3.94196
3.77775
3.64934
3.55263
3.94169
3.77754
3.6492
3.55254
3.94138
3.7773
3.64903
3.55242
3.94107
3.77707
3.64888
3.55233
3.94083
3.77691
3.64881
3.55232
3.94075
3.77694
3.64889
3.55244
3.94087
3.77714
3.64911
3.55267
3.94111
3.77744
3.6494
3.55296
3.94143
3.77777
3.6497
3.55323
3.94181
3.77809
3.64995
3.55344
3.9422
3.77835
3.65011
3.55354
3.94257
3.77853
3.65019
3.55353
3.94296
3.77858
3.65026
3.55337
3.94232
3.77857
3.65048
3.55378
3.94368
3.7802
3.65178
3.55511
3.16669
3.03246
2.92705
2.84762
3.16565
3.03117
2.926
2.84653
3.16628
3.03123
2.92585
2.84622
3.16612
3.03125
2.92582
2.84638
3.16595
3.03117
2.9258
2.84643
3.16573
3.03101
2.92572
2.84642
3.16545
3.0308
2.92559
2.84635
3.16512
3.03057
2.92544
2.84627
3.16479
3.03033
2.92531
2.84621
3.16449
3.03016
2.92524
2.84621
3.16433
3.03012
2.92528
2.84631
3.16432
3.03024
2.92544
2.84651
3.16443
3.03044
2.92566
2.84675
3.16462
3.03066
2.92588
2.84697
3.16487
3.03088
2.92607
2.84713
3.16514
3.03107
2.92618
2.84721
3.16542
3.0312
2.92623
2.84718
3.16572
3.03122
2.92627
2.84703
3.1652
3.0312
2.92643
2.84734
3.1663
3.03252
2.92749
2.84844
2.53991
2.42973
2.34318
2.27788
2.53906
2.42866
2.3423
2.27698
2.53954
2.4287
2.34218
2.27675
2.53938
2.42871
2.34216
2.27688
2.53921
2.42861
2.34214
2.27693
2.53897
2.42845
2.34206
2.27692
2.53868
2.42823
2.34194
2.27687
2.53832
2.42799
2.34179
2.27681
2.53795
2.42774
2.34166
2.27676
2.53761
2.42754
2.34157
2.27677
2.53737
2.42745
2.34159
2.27686
2.53726
2.42749
2.3417
2.27702
2.53725
2.4276
2.34185
2.27721
2.53733
2.42774
2.34201
2.27739
2.53748
2.42788
2.34213
2.27751
2.53766
2.42799
2.3422
2.27755
2.53786
2.42807
2.34222
2.27751
2.53809
2.42806
2.34222
2.27736
2.53766
2.42803
2.34234
2.2776
2.53854
2.42911
2.34321
2.2785
2.03476
1.94437
1.87328
1.81953
2.03406
1.94348
1.87255
1.81878
2.03443
1.9435
1.87245
1.8186
2.03427
1.94349
1.87242
1.81872
2.03408
1.94338
1.87239
1.81876
2.03383
1.94321
1.87231
1.81876
2.03351
1.94299
1.87219
1.81872
2.03313
1.94273
1.87205
1.81866
2.03273
1.94246
1.87191
1.81862
2.03234
1.94223
1.87181
1.81863
2.03203
1.9421
1.87179
1.8187
2.03184
1.94207
1.87185
1.81882
2.03175
1.94211
1.87196
1.81897
2.03175
1.94218
1.87206
1.81911
2.03181
1.94225
1.87213
1.81919
2.03193
1.94231
1.87216
1.8192
2.03206
1.94235
1.87214
1.81914
2.03223
1.94232
1.87213
1.819
2.03188
1.94228
1.8722
1.81916
2.03259
1.94315
1.87291
1.8199
1.62835
1.55427
1.49587
1.45158
1.62777
1.55353
1.49525
1.45095
1.62805
1.55354
1.49517
1.45082
1.62789
1.55351
1.49515
1.45093
1.62769
1.5534
1.49512
1.45097
1.62743
1.55322
1.49504
1.45096
1.62709
1.55299
1.49491
1.45093
1.62669
1.55272
1.49477
1.45088
1.62625
1.55244
1.49462
1.45084
1.62583
1.55218
1.49451
1.45084
1.62548
1.55201
1.49447
1.45089
1.62523
1.55193
1.49449
1.45098
1.62508
1.55191
1.49454
1.4511
1.62502
1.55193
1.4946
1.45119
1.62503
1.55195
1.49463
1.45124
1.62509
1.55197
1.49463
1.45122
1.62519
1.55197
1.49458
1.45114
1.62531
1.55193
1.49454
1.451
1.62503
1.55188
1.49458
1.45111
1.62559
1.55258
1.49516
1.45171
1.30195
1.24128
1.19328
1.15674
1.30148
1.24067
1.19278
1.15622
1.30168
1.24067
1.19271
1.15612
1.30153
1.24064
1.19269
1.15622
1.30133
1.24052
1.19265
1.15626
1.30106
1.24034
1.19257
1.15625
1.30071
1.24011
1.19245
1.15622
1.3003
1.23984
1.19231
1.15618
1.29986
1.23955
1.19216
1.15614
1.29941
1.23929
1.19204
1.15613
1.29903
1.23909
1.19197
1.15617
1.29875
1.23897
1.19196
1.15623
1.29857
1.23891
1.19198
1.15631
1.29847
1.23889
1.192
1.15637
1.29844
1.23887
1.192
1.15638
1.29847
1.23886
1.19196
1.15634
1.29853
1.23883
1.1919
1.15624
1.29862
1.23877
1.19184
1.1561
1.29839
1.23872
1.19185
1.15617
1.29884
1.23928
1.19232
1.15666
1.04026
0.990551
0.951032
0.920786
1.03986
0.990046
0.950607
0.920353
1.04002
0.990041
0.950554
0.92028
1.03988
0.990004
0.950537
0.920359
1.0397
0.989896
0.950503
0.920394
1.03944
0.989728
0.950426
0.920396
1.03911
0.989507
0.950315
0.920373
1.03871
0.989248
0.950182
0.920339
1.03827
0.988969
0.950043
0.920308
1.03783
0.988704
0.949922
0.920297
1.03744
0.988495
0.949844
0.920317
1.03714
0.988356
0.94981
0.920362
1.03693
0.988267
0.949799
0.92041
1.03681
0.988208
0.949787
0.920437
1.03675
0.988164
0.949758
0.920424
1.03675
0.988122
0.949702
0.920363
1.03678
0.988075
0.949623
0.92026
1.03684
0.988007
0.949553
0.920122
1.03665
0.987946
0.949546
0.920157
1.03702
0.988403
0.949923
0.920559
0.830721
0.789897
0.757256
0.732079
0.830398
0.78948
0.756901
0.731717
0.830522
0.789477
0.75686
0.731662
0.830411
0.789447
0.756847
0.731728
0.830259
0.789356
0.756818
0.731759
0.830038
0.789211
0.756754
0.731764
0.829744
0.789017
0.756659
0.731751
0.829382
0.788786
0.756545
0.731729
0.828975
0.788533
0.756423
0.73171
0.828558
0.788285
0.756312
0.731704
0.828183
0.78808
0.756233
0.731721
0.827883
0.787929
0.756187
0.731753
0.82766
0.787821
0.756157
0.731783
0.827513
0.787739
0.756126
0.731792
0.827432
0.787673
0.75608
0.731766
0.827401
0.787611
0.756012
0.731699
0.827406
0.787548
0.755927
0.731598
0.827442
0.787473
0.755852
0.731472
0.827281
0.78741
0.755832
0.731486
0.827584
0.787781
0.75614
0.731818
0.663042
0.62941
0.602358
0.581267
0.662779
0.629068
0.60206
0.58096
0.662892
0.629072
0.60203
0.580917
0.662822
0.629056
0.602023
0.58097
0.66272
0.628991
0.602003
0.580995
0.662557
0.62888
0.601954
0.581001
0.662326
0.628727
0.601881
0.580997
0.662028
0.62854
0.601793
0.580989
0.661679
0.628327
0.601697
0.580985
0.661309
0.628112
0.601606
0.580992
0.660962
0.627923
0.601537
0.581014
0.66067
0.627775
0.601491
0.581046
0.660441
0.627658
0.601456
0.581074
0.660276
0.627563
0.601418
0.581081
0.66017
0.627482
0.601367
0.581059
0.660112
0.627407
0.601299
0.581003
0.660089
0.627334
0.601218
0.580918
0.660098
0.627256
0.601145
0.580812
0.659959
0.627194
0.601121
0.58082
0.660209
0.627499
0.601378
0.581101
0.528785
0.501071
0.478648
0.460939
0.528575
0.500791
0.478398
0.460677
0.528692
0.500807
0.478377
0.46064
0.528674
0.500811
0.478376
0.460678
0.528635
0.500778
0.478366
0.460693
0.528547
0.500709
0.478334
0.460698
0.528397
0.500605
0.478286
0.460699
0.528182
0.50047
0.478226
0.460703
0.527911
0.500309
0.47816
0.460715
0.527605
0.500137
0.478097
0.460739
0.527303
0.499978
0.478049
0.460776
0.527033
0.499845
0.478016
0.460821
0.526808
0.499733
0.477989
0.460862
0.526634
0.499637
0.477959
0.460887
0.526509
0.499552
0.477917
0.460887
0.526427
0.499474
0.477861
0.460856
0.52638
0.499399
0.477794
0.460801
0.526367
0.499325
0.477734
0.460725
0.526243
0.499267
0.477713
0.460738
0.526449
0.499519
0.477931
0.460981
0.421109
0.398447
0.380009
0.365264
0.420952
0.398224
0.379801
0.36504
0.421081
0.398253
0.379789
0.365006
0.421119
0.398279
0.379794
0.365029
0.421149
0.39828
0.379794
0.365035
0.421142
0.398255
0.379779
0.365035
0.421081
0.398202
0.379754
0.365037
0.420958
0.398122
0.379722
0.365049
0.420775
0.398016
0.379687
0.365074
0.420547
0.397894
0.379655
0.365115
0.420304
0.397776
0.379634
0.365173
0.420073
0.397671
0.379625
0.365242
0.419869
0.397579
0.37962
0.365309
0.4197
0.397497
0.379611
0.365364
0.419571
0.397423
0.379591
0.365398
0.419479
0.397353
0.379557
0.365404
0.41942
0.397287
0.379513
0.365386
0.419393
0.397223
0.379472
0.365346
0.419284
0.397174
0.379461
0.365371
0.419452
0.397381
0.379646
0.365584
0.334595
0.316426
0.301563
0.28958
0.334489
0.316255
0.301396
0.289394
0.334635
0.316298
0.301392
0.289362
0.334724
0.316347
0.301405
0.289375
0.334818
0.31638
0.301415
0.289374
0.334887
0.316396
0.301416
0.28937
0.334911
0.31639
0.301412
0.289373
0.334878
0.316361
0.301405
0.289389
0.334784
0.316308
0.301399
0.289425
0.334639
0.316239
0.301398
0.289483
0.334468
0.316167
0.301408
0.289562
0.334294
0.316103
0.301429
0.289657
0.334131
0.316046
0.301454
0.289755
0.333992
0.315993
0.301475
0.289844
0.333881
0.315943
0.301485
0.289914
0.333801
0.315895
0.30148
0.289957
0.333748
0.315848
0.301462
0.289973
0.333723
0.315802
0.301443
0.289966
0.333634
0.315766
0.301444
0.290004
0.333767
0.315934
0.301599
0.290189
0.265082
0.250972
0.239363
0.230005
0.265028
0.250851
0.239237
0.22986
0.265186
0.250907
0.239243
0.229836
0.265316
0.250975
0.239266
0.229847
0.265462
0.251037
0.239289
0.229847
0.265592
0.251087
0.239306
0.229846
0.265687
0.251121
0.239322
0.229854
0.265731
0.251137
0.239338
0.229878
0.26572
0.251133
0.239358
0.229923
0.265658
0.251114
0.239386
0.229995
0.265566
0.251093
0.239427
0.230092
0.265465
0.251077
0.23948
0.230209
0.265368
0.251065
0.239538
0.230332
0.265284
0.251053
0.23959
0.230447
0.265219
0.25104
0.239629
0.230543
0.265176
0.251024
0.239651
0.230612
0.265152
0.251004
0.239658
0.230652
0.265147
0.250981
0.239659
0.230667
0.265087
0.250961
0.23967
0.23071
0.265189
0.251094
0.239795
0.230863
0.209477
0.198904
0.19015
0.183175
0.209469
0.19883
0.190065
0.183073
0.209633
0.198896
0.190083
0.183063
0.209791
0.198981
0.190119
0.183084
0.20997
0.199065
0.190158
0.183097
0.210144
0.199144
0.190195
0.183111
0.210292
0.199211
0.190232
0.183133
0.210398
0.199265
0.190272
0.183171
0.210457
0.199304
0.190318
0.18323
0.210474
0.199332
0.190373
0.183315
0.210464
0.19936
0.190441
0.183424
0.210447
0.199394
0.190522
0.183553
0.210433
0.199432
0.190606
0.183687
0.210426
0.199467
0.190684
0.183813
0.210431
0.199497
0.190746
0.183917
0.210448
0.199518
0.190789
0.183992
0.210474
0.19953
0.190813
0.184037
0.210507
0.199531
0.190826
0.184056
0.210485
0.199528
0.190841
0.184094
0.210565
0.199632
0.190937
0.184212
0.165481
0.1577
0.151218
0.146162
0.165508
0.157664
0.151169
0.1461
0.16567
0.157739
0.151201
0.146111
0.165841
0.157836
0.151253
0.146151
0.166039
0.157939
0.151312
0.146188
0.16624
0.15804
0.151371
0.146228
0.166422
0.158136
0.151433
0.146275
0.166575
0.158223
0.151498
0.146336
0.166694
0.158299
0.151569
0.146413
0.166782
0.15837
0.151648
0.14651
0.166853
0.158443
0.151739
0.146627
0.166923
0.158525
0.151841
0.146756
0.166998
0.158609
0.151943
0.146887
0.167081
0.15869
0.152036
0.147004
0.167169
0.158761
0.152111
0.147096
0.16726
0.158818
0.152163
0.147157
0.167349
0.15886
0.152193
0.147189
0.16743
0.158885
0.152209
0.147196
0.167451
0.158898
0.152224
0.147218
0.167521
0.158982
0.152295
0.147302
0.131241
0.125322
0.120371
0.11657
0.131286
0.125311
0.120348
0.116538
0.131441
0.125392
0.120393
0.116572
0.131615
0.125498
0.120461
0.116635
0.131821
0.125615
0.120539
0.1167
0.132037
0.125735
0.120622
0.116771
0.132245
0.125855
0.120709
0.116849
0.132434
0.12597
0.120799
0.116936
0.132602
0.126079
0.120893
0.117033
0.132754
0.126187
0.120993
0.117141
0.132899
0.126299
0.1211
0.117258
0.133049
0.126419
0.121213
0.11738
0.133209
0.126542
0.121324
0.117494
0.133377
0.12666
0.121421
0.117589
0.133547
0.126765
0.121498
0.117656
0.133712
0.126852
0.121549
0.117691
0.133864
0.126919
0.121577
0.117697
0.133995
0.126963
0.12159
0.117683
0.134059
0.126989
0.1216
0.117684
0.134134
0.127064
0.121655
0.117741
0.10502
0.100062
0.0959139
0.0926861
0.105068
0.100062
0.0959028
0.0926702
0.105214
0.100147
0.0959572
0.0927199
0.105387
0.100257
0.0960359
0.0927995
0.105599
0.100385
0.0961289
0.0928865
0.105827
0.10052
0.0962294
0.0929809
0.106056
0.10066
0.0963352
0.0930823
0.106277
0.100799
0.0964446
0.0931889
0.10649
0.100936
0.0965564
0.093299
0.106698
0.101074
0.0966703
0.0934114
0.106905
0.101216
0.0967868
0.0935239
0.107122
0.101363
0.0969033
0.0936307
0.10735
0.101513
0.0970126
0.0937228
0.107587
0.101656
0.0971059
0.093791
0.107824
0.101784
0.0971765
0.0938287
0.108049
0.101892
0.0972215
0.0938344
0.108254
0.101976
0.0972429
0.0938142
0.108426
0.102033
0.0972487
0.0937783
0.108526
0.102069
0.0972523
0.0937591
0.108616
0.102145
0.0973006
0.0938023
0.0850302
0.0804423
0.0766007
0.0734965
0.0850721
0.0804428
0.0765902
0.0734814
0.0852129
0.0805263
0.0766459
0.0735336
0.0853902
0.0806396
0.0767266
0.073614
0.0856109
0.0807733
0.0768232
0.0737032
0.0858551
0.0809199
0.0769295
0.0738006
0.0861081
0.0810739
0.0770425
0.0739044
0.0863624
0.0812313
0.0771592
0.0740111
0.0866178
0.0813898
0.077277
0.074117
0.0868743
0.0815492
0.0773941
0.0742197
0.0871324
0.0817105
0.0775095
0.0743162
0.0873984
0.0818746
0.0776205
0.0744016
0.0876753
0.0820377
0.0777214
0.0744688
0.087958
0.0821928
0.077805
0.0745109
0.0882373
0.0823324
0.0778661
0.0745236
0.0885022
0.0824507
0.0779028
0.0745068
0.0887401
0.0825437
0.0779172
0.0744675
0.0889388
0.0826089
0.077917
0.0744169
0.089063
0.0826511
0.0779161
0.0743851
0.0891716
0.0827331
0.0779653
0.074425
0.0695312
0.065184
0.061516
0.0584586
0.0695695
0.0651812
0.0614995
0.0584346
0.0697116
0.0652612
0.061547
0.0584724
0.0698998
0.0653733
0.0616174
0.0585313
0.0701373
0.0655087
0.0617029
0.058596
0.0704051
0.0656605
0.0617983
0.058667
0.0706888
0.065823
0.0619011
0.058743
0.0709803
0.0659915
0.0620081
0.0588207
0.0712776
0.0661626
0.0621159
0.0588967
0.0715774
0.0663341
0.0622222
0.0589684
0.0718758
0.0665049
0.0623249
0.0590337
0.0721762
0.066675
0.062422
0.0590888
0.0724818
0.0668412
0.0625087
0.0591283
0.0727883
0.0669979
0.0625796
0.0591468
0.0730871
0.0671393
0.0626306
0.0591411
0.0733683
0.06726
0.0626605
0.0591113
0.0736196
0.0673561
0.0626708
0.0590636
0.0738285
0.0674246
0.0626682
0.0590085
0.073964
0.0674703
0.062666
0.0589729
0.0740865
0.0675587
0.0627195
0.0590151
0.0571277
0.0532523
0.0499094
0.0471033
0.0571709
0.0532478
0.0498858
0.0470682
0.0573203
0.053322
0.0499173
0.0470773
0.0575246
0.0534291
0.0499664
0.0470955
0.0577837
0.0535607
0.050027
0.0471126
0.0580792
0.0537106
0.0500959
0.047131
0.058396
0.0538733
0.0501719
0.047152
0.0587243
0.0540439
0.0502527
0.0471744
0.0590594
0.0542178
0.0503353
0.0471967
0.0593947
0.0543914
0.0504176
0.0472184
0.0597226
0.0545624
0.050498
0.0472389
0.0600439
0.0547299
0.0505748
0.0472562
0.060362
0.0548916
0.0506445
0.0472662
0.0606738
0.0550431
0.0507025
0.0472643
0.0609727
0.05518
0.0507456
0.0472472
0.061251
0.0552981
0.0507722
0.0472139
0.0614981
0.0553933
0.050783
0.0471681
0.0617025
0.0554624
0.0507828
0.0471183
0.0618376
0.0555098
0.0507832
0.0470867
0.0619635
0.0556006
0.0508403
0.0471316
0.047006
0.0438794
0.0410607
0.0387284
0.0470602
0.043877
0.0410329
0.0386853
0.047217
0.0439444
0.0410467
0.0386625
0.0474342
0.0440433
0.041071
0.0386358
0.0477093
0.0441661
0.041102
0.0385996
0.0480241
0.0443073
0.0411386
0.0385591
0.0483632
0.0444619
0.0411811
0.0385184
0.0487148
0.0446249
0.0412287
0.0384792
0.0490717
0.0447914
0.04128
0.0384433
0.0494244
0.0449572
0.0413336
0.0384127
0.0497636
0.0451197
0.0413891
0.0383893
0.0500881
0.0452776
0.0414456
0.0383728
0.0504007
0.0454291
0.0415003
0.0383601
0.0506995
0.0455707
0.0415493
0.0383468
0.0509803
0.0456989
0.041589
0.0383286
0.0512379
0.0458104
0.0416175
0.0383024
0.0514643
0.0459014
0.0416337
0.0382692
0.0516504
0.0459687
0.0416406
0.0382338
0.0517743
0.0460159
0.0416471
0.0382132
0.0518918
0.0461033
0.041705
0.0382586
0.0388724
0.0365423
0.0342836
0.0324356
0.0389341
0.0365435
0.0342559
0.032391
0.0390902
0.0366043
0.0342578
0.0323481
0.0393061
0.0366933
0.0342646
0.0322927
0.0395775
0.0368037
0.0342741
0.0322229
0.0398876
0.0369309
0.0342867
0.0321455
0.0402211
0.0370703
0.0343038
0.0320662
0.0405659
0.0372172
0.034326
0.0319894
0.0409126
0.0373672
0.0343531
0.0319192
0.0412511
0.0375162
0.0343855
0.0318602
0.0415721
0.0376622
0.0344238
0.0318159
0.0418732
0.0378041
0.0344678
0.0317872
0.0421561
0.0379399
0.0345152
0.0317718
0.0424199
0.0380667
0.0345621
0.0317649
0.0426623
0.0381818
0.0346048
0.0317612
0.0428805
0.038282
0.03464
0.0317555
0.0430695
0.0383645
0.0346657
0.0317459
0.0432237
0.0384264
0.0346828
0.0317335
0.0433261
0.038471
0.0346977
0.0317299
0.0434254
0.0385495
0.0347538
0.0317749
0.0326207
0.0308852
0.0290396
0.0274512
0.0326785
0.0308884
0.0290149
0.0274106
0.0328201
0.0309425
0.0290147
0.0273682
0.033014
0.0310208
0.0290173
0.0273135
0.0332551
0.0311166
0.0290209
0.0272452
0.0335289
0.0312262
0.0290263
0.0271699
0.0338221
0.0313457
0.0290354
0.0270933
0.0341233
0.0314711
0.0290493
0.0270206
0.0344234
0.0315987
0.0290689
0.0269568
0.034713
0.0317255
0.0290953
0.0269072
0.0349846
0.0318502
0.02913
0.0268758
0.035236
0.031972
0.0291731
0.0268638
0.0354669
0.0320885
0.0292224
0.026869
0.0356769
0.0321972
0.0292741
0.0268865
0.0358651
0.0322956
0.029324
0.0269102
0.0360305
0.0323811
0.0293685
0.0269342
0.0361711
0.0324513
0.0294047
0.0269542
0.0362844
0.0325048
0.0294325
0.0269688
0.0363588
0.0325445
0.029456
0.0269846
0.0364356
0.0326111
0.0295094
0.02703
0.0279625
0.0265888
0.0249705
0.0233448
0.0280061
0.0265908
0.0249485
0.0233079
0.0281216
0.0266382
0.0249544
0.0232824
0.0282774
0.0267062
0.0249656
0.0232528
0.0284681
0.0267878
0.0249787
0.0232157
0.0286828
0.02688
0.0249939
0.023175
0.0289117
0.02698
0.0250126
0.0231347
0.0291461
0.0270849
0.025036
0.0230989
0.0293787
0.027192
0.0250649
0.023072
0.0296022
0.0272993
0.0251006
0.023058
0.029812
0.0274061
0.0251443
0.0230598
0.0300057
0.0275113
0.0251961
0.0230782
0.0301815
0.0276125
0.0252535
0.0231113
0.0303383
0.027707
0.0253133
0.0231549
0.0304756
0.0277922
0.0253714
0.0232035
0.0305928
0.0278658
0.0254244
0.0232517
0.0306896
0.027926
0.0254693
0.0232948
0.0307662
0.0279724
0.0255057
0.0233302
0.0308138
0.0280068
0.0255354
0.0233614
0.0308685
0.0280599
0.0255852
0.0234107
0.0241773
0.0229615
0.0214467
0.019712
0.0241975
0.0229548
0.0214277
0.0196812
0.0242739
0.0229901
0.0214427
0.0196826
0.0243762
0.0230432
0.0214686
0.019692
0.0245001
0.0231067
0.0214994
0.0197022
0.0246392
0.0231782
0.0215338
0.0197133
0.0247888
0.0232564
0.0215721
0.0197263
0.0249447
0.0233401
0.0216148
0.0197424
0.0251031
0.0234279
0.0216618
0.0197632
0.02526
0.0235187
0.0217135
0.0197899
0.0254129
0.0236118
0.0217701
0.0198236
0.0255594
0.0237059
0.0218311
0.0198646
0.0256955
0.023798
0.0218947
0.0199121
0.0258186
0.0238851
0.0219585
0.0199642
0.0259261
0.0239642
0.0220198
0.0200184
0.0260165
0.0240328
0.0220756
0.0200712
0.0260893
0.0240892
0.0221239
0.0201197
0.026145
0.0241325
0.0221635
0.0201608
0.0261768
0.024162
0.022193
0.0201956
0.026217
0.0242037
0.0222346
0.0202459
0.0196582
0.0171043
0.0155036
0.0145998
0.019601
0.0170737
0.0154975
0.0146235
0.0195953
0.0170787
0.0155231
0.0146795
0.0195906
0.0170892
0.0155596
0.0147557
0.019588
0.017103
0.0156033
0.0148449
0.0195898
0.017121
0.0156526
0.0149424
0.0196001
0.0171451
0.0157064
0.0150431
0.019623
0.0171768
0.0157632
0.0151417
0.0196621
0.0172169
0.0158211
0.0152327
0.0197196
0.0172659
0.015878
0.015311
0.019797
0.0173234
0.0159323
0.0153735
0.0198916
0.0173881
0.015983
0.0154198
0.0199968
0.0174568
0.01603
0.0154529
0.0201045
0.0175257
0.0160735
0.015477
0.0202067
0.0175912
0.0161136
0.0154969
0.0202966
0.0176497
0.01615
0.0155159
0.0203704
0.0176991
0.0161821
0.015535
0.020428
0.0177382
0.0162088
0.0155525
0.020466
0.0177644
0.016226
0.015564
0.0205395
0.0178062
0.0162473
0.015567
)
;

boundaryField
{
    inlet
    {
        type            calculated;
        value           nonuniform List<scalar> 
80
(
6457.68
6453
6450.51
6449.27
6448.73
6448.57
6448.58
6448.69
6448.85
6449.1
6449.1
6448.85
6448.69
6448.58
6448.57
6448.74
6449.27
6450.51
6453
6457.68
3991.53
3988.27
3986.83
3986.25
3986.06
3985.98
3985.88
3985.7
3985.44
3985.17
3985.17
3985.44
3985.7
3985.89
3985.98
3986.06
3986.26
3986.83
3988.27
3991.53
3469.89
3465.21
3464.13
3463.93
3463.87
3463.73
3463.43
3462.96
3462.39
3461.9
3461.9
3462.39
3462.96
3463.43
3463.73
3463.87
3463.93
3464.13
3465.21
3469.89
5058.81
5055.23
5054.57
5054.42
5054.21
5053.81
5053.23
5052.51
5051.76
5051.21
5051.21
5051.76
5052.51
5053.23
5053.81
5054.21
5054.42
5054.57
5055.23
5058.81
)
;
    }
    outlet
    {
        type            calculated;
        value           nonuniform List<scalar> 
80
(
0.0174601
0.0174213
0.0173464
0.0172627
0.0171675
0.0170704
0.0169817
0.0169112
0.016868
0.0168597
0.0168903
0.0169582
0.0170543
0.0171669
0.0172834
0.0173917
0.017484
0.0175596
0.0176208
0.017653
0.0131736
0.0131675
0.0131427
0.0131151
0.0130845
0.0130562
0.0130346
0.0130231
0.0130247
0.013041
0.0130722
0.0131167
0.0131711
0.0132312
0.0132921
0.0133488
0.013398
0.0134393
0.0134729
0.0134794
0.0114205
0.0114417
0.0114734
0.0115144
0.0115638
0.0116214
0.0116857
0.0117537
0.0118215
0.0118849
0.0119404
0.0119861
0.0120228
0.0120526
0.0120777
0.0120994
0.0121185
0.0121345
0.0121448
0.0121392
0.0116365
0.0116967
0.0117962
0.011924
0.0120744
0.0122399
0.0124114
0.0125788
0.0127308
0.0128568
0.0129496
0.0130079
0.0130366
0.0130444
0.013041
0.013035
0.0130313
0.013028
0.0130175
0.0129991
)
;
    }
    inner-wall
    {
        type            calculated;
        value           nonuniform List<scalar> 
1600
(
7187.82
7131.41
7128.03
7126.45
7125.77
7125.65
7125.93
7126.51
7127.32
7128.17
7128.17
7127.32
7126.51
7125.93
7125.65
7125.77
7126.45
7128.03
7131.41
7187.82
3710.69
3724.84
3719.21
3717.79
3717.04
3716.69
3716.66
3716.9
3717.43
3718.93
3718.93
3717.43
3716.91
3716.66
3716.7
3717.05
3717.8
3719.21
3724.84
3710.69
3950.82
3970.82
3965.53
3964.74
3964.15
3963.75
3963.58
3963.73
3964.31
3966.37
3966.37
3964.31
3963.73
3963.59
3963.76
3964.16
3964.75
3965.54
3970.83
3950.83
5440.01
5451.43
5446.96
5446.55
5446.27
5446.15
5446.24
5446.61
5447.35
5449.41
5449.41
5447.35
5446.61
5446.24
5446.16
5446.27
5446.56
5446.97
5451.43
5440.02
6668.44
6676.37
6672.17
6671.93
6671.86
6672.05
6672.48
6673.15
6674.11
6676.22
6676.22
6674.11
6673.16
6672.48
6672.05
6671.86
6671.94
6672.18
6676.37
6668.45
7378.92
7387.18
7383.26
7383.3
7383.52
7384.09
7384.92
7385.96
7387.18
7389.38
7389.38
7387.19
7385.96
7384.93
7384.09
7383.53
7383.3
7383.27
7387.19
7378.93
7576.99
7587.17
7583.6
7584.09
7584.78
7585.84
7587.17
7588.64
7590.17
7592.48
7592.48
7590.17
7588.64
7587.17
7585.84
7584.79
7584.1
7583.61
7587.17
7577
7309.58
7322.18
7319.07
7320.11
7321.39
7323.04
7324.94
7326.91
7328.79
7331.23
7331.23
7328.8
7326.91
7324.95
7323.05
7321.39
7320.12
7319.08
7322.19
7309.59
6638.36
6653.66
6651.04
6652.64
6654.53
6656.79
6659.26
6661.73
6663.97
6666.51
6666.51
6663.98
6661.73
6659.27
6656.8
6654.54
6652.65
6651.04
6653.66
6638.36
5656.39
5674.74
5672.59
5674.68
5677.1
5679.86
5682.8
5685.67
5688.21
5690.78
5690.78
5688.21
5685.67
5682.8
5679.87
5677.11
5674.69
5672.6
5674.75
5656.4
4529.23
4550.32
4548.59
4551.04
4553.85
4556.98
4560.24
4563.37
4566.08
4568.55
4568.55
4566.08
4563.37
4560.24
4556.99
4553.86
4551.05
4548.6
4550.33
4529.24
3515.07
3536.01
3534.63
3537.24
3540.28
3543.59
3546.98
3550.18
3552.86
3555.03
3555.03
3552.86
3550.19
3546.99
3543.6
3540.28
3537.25
3534.64
3536.02
3515.08
2842.46
2857.67
2856.46
2858.74
2861.48
2864.48
2867.51
2870.32
2872.58
2874.22
2874.22
2872.58
2870.32
2867.52
2864.48
2861.49
2858.75
2856.47
2857.68
2842.47
2453.27
2460.7
2459.38
2460.75
2462.5
2464.45
2466.44
2468.27
2469.73
2470.73
2470.73
2469.73
2468.27
2466.44
2464.46
2462.51
2460.75
2459.39
2460.71
2453.27
2087.71
2091.42
2089.9
2090.29
2090.89
2091.6
2092.36
2093.11
2093.75
2094.28
2094.28
2093.75
2093.11
2092.37
2091.61
2090.9
2090.29
2089.91
2091.42
2087.72
1654.62
1659.07
1657.51
1657.36
1657.25
1657.16
1657.12
1657.16
1657.3
1657.63
1657.63
1657.3
1657.17
1657.12
1657.16
1657.25
1657.36
1657.52
1659.08
1654.62
1267.54
1274.03
1272.62
1272.43
1272.2
1271.95
1271.72
1271.58
1271.59
1271.93
1271.93
1271.6
1271.58
1271.72
1271.95
1272.21
1272.44
1272.63
1274.03
1267.55
1031.19
1038.07
1036.88
1036.83
1036.75
1036.63
1036.52
1036.47
1036.52
1036.9
1036.9
1036.52
1036.47
1036.52
1036.64
1036.76
1036.84
1036.89
1038.08
1031.2
903.871
909.885
908.858
908.866
908.851
908.812
908.773
908.771
908.847
909.198
909.199
908.849
908.775
908.777
908.818
908.858
908.874
908.867
909.894
903.88
811.005
816.233
815.374
815.416
815.446
815.468
815.497
815.553
815.656
815.953
815.953
815.659
815.557
815.502
815.475
815.454
815.426
815.385
816.244
811.016
741.429
745.814
745.15
745.267
745.393
745.527
745.67
745.823
745.984
746.237
746.238
745.987
745.828
745.676
745.535
745.403
745.278
745.163
745.828
741.442
695.254
698.546
698.036
698.187
698.364
698.558
698.761
698.961
699.142
699.351
699.352
699.145
698.966
698.768
698.568
698.375
698.2
698.05
698.561
695.27
653.311
655.642
655.215
655.322
655.458
655.61
655.769
655.927
656.069
656.226
656.227
656.072
655.933
655.777
655.62
655.47
655.336
655.23
655.658
653.328
601.274
603.03
602.648
602.686
602.742
602.808
602.882
602.962
603.043
603.153
603.154
603.046
602.968
602.89
602.819
602.755
602.701
602.664
603.047
601.291
541.334
542.817
542.476
542.467
542.462
542.461
542.468
542.488
542.521
542.598
542.6
542.525
542.495
542.477
542.472
542.475
542.483
542.494
542.836
541.353
482.46
483.793
483.499
483.472
483.441
483.411
483.388
483.379
483.388
483.444
483.446
483.392
483.386
483.398
483.423
483.455
483.488
483.517
483.812
482.479
430.787
431.979
431.733
431.707
431.675
431.643
431.617
431.602
431.604
431.647
431.649
431.608
431.609
431.626
431.655
431.689
431.723
431.751
431.998
430.806
387.372
388.4
388.197
388.178
388.155
388.131
388.112
388.102
388.103
388.138
388.139
388.107
388.108
388.121
388.142
388.168
388.194
388.214
388.419
387.391
350.197
351.052
350.884
350.871
350.855
350.839
350.827
350.821
350.824
350.852
350.853
350.827
350.827
350.835
350.85
350.867
350.885
350.9
351.07
350.215
316.662
317.358
317.216
317.205
317.193
317.181
317.172
317.168
317.17
317.191
317.192
317.173
317.173
317.179
317.19
317.204
317.219
317.231
317.374
316.678
285.002
285.566
285.445
285.433
285.42
285.409
285.4
285.395
285.394
285.411
285.411
285.397
285.399
285.406
285.417
285.431
285.445
285.458
285.579
285.016
254.568
255.028
254.925
254.912
254.898
254.885
254.875
254.868
254.865
254.876
254.877
254.867
254.871
254.88
254.892
254.906
254.922
254.936
255.04
254.581
225.472
225.851
225.762
225.749
225.734
225.72
225.709
225.7
225.695
225.703
225.704
225.697
225.703
225.713
225.726
225.741
225.757
225.771
225.86
225.481
198.098
198.414
198.339
198.325
198.311
198.297
198.285
198.276
198.27
198.275
198.276
198.271
198.278
198.288
198.301
198.316
198.331
198.346
198.421
198.106
172.791
173.054
172.991
172.978
172.965
172.952
172.941
172.932
172.925
172.929
172.929
172.926
172.933
172.943
172.955
172.968
172.983
172.996
173.06
172.797
149.733
149.952
149.899
149.887
149.875
149.864
149.854
149.845
149.839
149.841
149.841
149.84
149.846
149.855
149.866
149.878
149.891
149.903
149.957
149.738
128.96
129.143
129.097
129.088
129.077
129.067
129.058
129.051
129.045
129.046
129.046
129.045
129.051
129.059
129.069
129.079
129.09
129.101
129.146
128.964
110.416
110.567
110.529
110.52
110.511
110.503
110.495
110.488
110.483
110.483
110.483
110.483
110.489
110.496
110.504
110.513
110.523
110.532
110.57
110.419
93.9937
94.1185
94.0868
94.0794
94.0718
94.0644
94.0577
94.0518
94.0472
94.0472
94.0472
94.0473
94.0522
94.0585
94.0657
94.0737
94.082
94.09
94.1221
93.9974
79.5654
79.6683
79.6418
79.6355
79.629
79.6227
79.617
79.6119
79.6078
79.6076
79.6076
79.6081
79.6125
79.618
79.6244
79.6313
79.6385
79.6454
79.6724
79.5696
66.9878
67.0726
67.0505
67.0451
67.0396
67.0343
67.0294
67.025
67.0215
67.0212
67.0213
67.0219
67.0259
67.0309
67.0364
67.0425
67.0488
67.0548
67.0774
66.9928
56.1085
56.1782
56.1598
56.1553
56.1506
56.1462
56.1421
56.1384
56.1353
56.135
56.1353
56.136
56.1397
56.144
56.149
56.1543
56.1598
56.1651
56.184
56.1144
46.7685
46.8258
46.8106
46.8067
46.8029
46.7992
46.7958
46.7927
46.7901
46.7899
46.7902
46.7911
46.7943
46.7982
46.8026
46.8072
46.812
46.8167
46.8325
46.7754
38.8069
38.8539
38.8413
38.8381
38.8349
38.8319
38.8291
38.8266
38.8245
38.8243
38.8247
38.8256
38.8285
38.832
38.8358
38.8399
38.8441
38.8481
38.8613
38.8146
32.0649
32.1034
32.093
32.0904
32.0879
32.0855
32.0832
32.0812
32.0795
32.0795
32.0799
32.0808
32.0834
32.0865
32.0898
32.0934
32.097
32.1005
32.1115
32.0733
26.3908
26.4222
26.4137
26.4117
26.4096
26.4078
26.406
26.4044
26.4032
26.4032
26.4036
26.4045
26.4068
26.4095
26.4124
26.4154
26.4185
26.4215
26.4307
26.3995
21.6423
21.668
21.6611
21.6595
21.6579
21.6565
21.6552
21.654
21.653
21.6531
21.6536
21.6544
21.6564
21.6587
21.6612
21.6638
21.6664
21.669
21.6766
21.6511
17.6893
17.7103
17.7047
17.7034
17.7023
17.7012
17.7002
17.6994
17.6987
17.6988
17.6993
17.7001
17.7017
17.7037
17.7057
17.7079
17.7102
17.7123
17.7186
17.6979
14.4144
14.4316
14.427
14.426
14.4252
14.4244
14.4237
14.4231
14.4226
14.4228
14.4232
14.4239
14.4253
14.4269
14.4286
14.4305
14.4323
14.4342
14.4394
14.4225
11.7135
11.7274
11.7237
11.723
11.7224
11.7218
11.7213
11.7209
11.7205
11.7206
11.721
11.7216
11.7227
11.724
11.7255
11.727
11.7286
11.7301
11.7344
11.7206
9.49492
9.50629
9.5033
9.50273
9.50226
9.50187
9.50149
9.50114
9.50083
9.50096
9.50122
9.50166
9.50259
9.50366
9.50483
9.50608
9.50739
9.50868
9.51221
9.50103
7.67952
7.68877
7.68634
7.68589
7.68553
7.68522
7.68492
7.68461
7.68433
7.6844
7.68456
7.68486
7.68558
7.68643
7.68737
7.6884
7.68948
7.69055
7.69346
7.68437
6.19905
6.20658
6.20459
6.20422
6.20393
6.20367
6.2034
6.2031
6.20282
6.2028
6.20286
6.20303
6.20355
6.20419
6.20492
6.20575
6.20663
6.20753
6.20992
6.20252
4.99536
5.00149
4.99985
4.99954
4.99929
4.99905
4.99878
4.99848
4.99816
4.99807
4.99801
4.99804
4.99837
4.99882
4.99937
5.00002
5.00073
5.00146
5.00343
4.99741
4.01926
4.02424
4.02288
4.02261
4.02238
4.02215
4.02187
4.02154
4.02119
4.021
4.02084
4.02073
4.02089
4.02117
4.02155
4.02203
4.02259
4.02318
4.0248
4.01989
3.22944
3.23349
3.23235
3.23211
3.23188
3.23165
3.23135
3.23099
3.23059
3.23032
3.23004
3.22982
3.22982
3.22995
3.23019
3.23053
3.23096
3.23143
3.23275
3.22875
2.59153
2.59481
2.59386
2.59363
2.59341
2.59315
2.59282
2.59243
2.59198
2.59162
2.59126
2.59093
2.59082
2.59082
2.59094
2.59118
2.5915
2.59187
2.59294
2.5897
2.07717
2.07982
2.07902
2.0788
2.07856
2.07828
2.07792
2.07749
2.07699
2.07656
2.07612
2.07572
2.07552
2.07544
2.07548
2.07563
2.07588
2.07618
2.07705
2.07442
1.66311
1.66525
1.66458
1.66435
1.66411
1.66381
1.66342
1.66295
1.66241
1.66192
1.66143
1.66099
1.66073
1.6606
1.66059
1.66069
1.66089
1.66113
1.66184
1.65972
1.3304
1.33212
1.33155
1.33134
1.33109
1.33078
1.33038
1.32988
1.32933
1.3288
1.32828
1.32783
1.32754
1.32738
1.32734
1.32741
1.32756
1.32777
1.32835
1.32664
1.06356
1.06494
1.06447
1.06427
1.06404
1.06375
1.06335
1.06286
1.06231
1.06178
1.06125
1.0608
1.0605
1.06032
1.06026
1.0603
1.06042
1.06059
1.06106
1.05969
0.849875
0.850977
0.850598
0.850447
0.85026
0.850005
0.849653
0.849209
0.848694
0.84818
0.847675
0.84723
0.846921
0.846725
0.846638
0.846646
0.846731
0.846859
0.847234
0.846146
0.67886
0.679739
0.679456
0.679364
0.679246
0.679066
0.678793
0.678426
0.677982
0.67752
0.677051
0.676626
0.676312
0.676095
0.675976
0.675945
0.675985
0.67607
0.67636
0.675496
0.541851
0.542555
0.542368
0.542349
0.542321
0.54224
0.542072
0.541811
0.541465
0.541081
0.540667
0.540274
0.539962
0.539728
0.539577
0.539506
0.539502
0.539546
0.539761
0.539076
0.431786
0.432359
0.432264
0.432324
0.43239
0.432419
0.432369
0.432228
0.431996
0.431707
0.431367
0.431023
0.430731
0.430496
0.430329
0.430231
0.430197
0.430209
0.430367
0.429821
0.343082
0.343562
0.343547
0.343679
0.343833
0.343962
0.344025
0.344002
0.343886
0.343701
0.34345
0.343179
0.342934
0.342728
0.342575
0.34248
0.342442
0.342445
0.342567
0.342126
0.271533
0.271946
0.271994
0.272181
0.272402
0.272612
0.272766
0.272843
0.272834
0.272754
0.272603
0.272427
0.272263
0.272124
0.272024
0.27197
0.271961
0.271983
0.272096
0.271737
0.214128
0.214493
0.214581
0.214801
0.215063
0.215325
0.215543
0.215697
0.215778
0.215797
0.215753
0.21569
0.215634
0.215595
0.215586
0.215611
0.215664
0.215734
0.215863
0.21557
0.168735
0.169058
0.169166
0.169397
0.169677
0.169965
0.170221
0.17043
0.170584
0.170694
0.170757
0.170812
0.170878
0.170962
0.171068
0.171194
0.171334
0.171471
0.171636
0.171403
0.133643
0.133923
0.134036
0.134265
0.134548
0.134847
0.135126
0.135374
0.135589
0.135782
0.135945
0.136111
0.136297
0.136502
0.136725
0.136958
0.137189
0.137398
0.137606
0.137431
0.10711
0.107346
0.10746
0.107685
0.107968
0.108275
0.108575
0.10886
0.10913
0.109398
0.109648
0.109908
0.110194
0.110501
0.110821
0.111144
0.111452
0.111721
0.111969
0.111847
0.0871477
0.0873472
0.0874656
0.0876944
0.0879876
0.0883134
0.0886429
0.0889709
0.0892986
0.0896363
0.0899593
0.0902919
0.0906507
0.091027
0.0914115
0.0917922
0.0921501
0.0924589
0.0927303
0.0926555
0.0717001
0.0718762
0.0720104
0.0722577
0.0725772
0.0729383
0.0733133
0.0736963
0.0740864
0.0744902
0.0748756
0.0752613
0.0756659
0.0760801
0.0764952
0.0769002
0.0772772
0.0776
0.0778769
0.0778358
0.0591168
0.0592854
0.0594451
0.0597228
0.0600808
0.0604888
0.0609191
0.0613629
0.0618154
0.0622782
0.0627137
0.0631356
0.0635633
0.0639888
0.0644054
0.0648052
0.0651735
0.0654865
0.0657511
0.0657303
0.048551
0.0487198
0.048905
0.0492102
0.0496005
0.0500464
0.0505197
0.0510084
0.0515032
0.0520002
0.0524615
0.0528959
0.0533208
0.0537305
0.0541212
0.0544885
0.0548223
0.0551034
0.0553391
0.0553271
0.0398942
0.0400564
0.0402526
0.0405623
0.0409538
0.0414001
0.0418745
0.0423626
0.0428518
0.0433345
0.0437771
0.044185
0.0445706
0.0449308
0.0452646
0.0455712
0.045845
0.0460731
0.0462642
0.0462528
0.0332662
0.0334046
0.0335882
0.0338682
0.0342169
0.0346118
0.0350307
0.035459
0.0358837
0.0362955
0.0366693
0.037008
0.0373181
0.0375987
0.0378505
0.0380754
0.038272
0.0384334
0.0385698
0.0385563
0.0284403
0.0285407
0.0286908
0.0289141
0.0291866
0.0294922
0.0298153
0.0301443
0.0304681
0.0307785
0.0310595
0.0313126
0.0315386
0.031737
0.0319094
0.0320577
0.0321831
0.0322833
0.0323679
0.032356
0.0244626
0.0245323
0.0246308
0.0247752
0.0249492
0.0251431
0.0253498
0.0255629
0.0257763
0.0259848
0.0261799
0.0263616
0.0265257
0.0266703
0.0267939
0.0268971
0.0269805
0.0270442
0.0270934
0.027078
0.02339
0.0233313
0.0233265
0.0233284
0.0233342
0.0233462
0.0233695
0.0234092
0.0234692
0.0235524
0.0236586
0.0237854
0.023923
0.0240612
0.0241901
0.0243021
0.0243934
0.0244639
0.0245166
0.024595
)
;
    }
    outer-wall
    {
        type            calculated;
        value           nonuniform List<scalar> 
1600
(
5455.73
5520.62
5520.71
5520.4
5519.77
5518.97
5518.09
5517.23
5516.51
5516.08
5516.08
5516.51
5517.23
5518.09
5518.97
5519.77
5520.4
5520.7
5520.62
5455.73
2258.65
2267.88
2268.13
2267.92
2267.47
2266.82
2266.11
2265.42
2264.82
2264.45
2264.45
2264.82
2265.42
2266.11
2266.82
2267.47
2267.92
2268.13
2267.88
2258.65
2621.48
2607.43
2608.91
2609.1
2609.25
2609.29
2609.21
2609
2608.69
2608.41
2608.41
2608.69
2609
2609.21
2609.29
2609.25
2609.1
2608.91
2607.43
2621.48
3871.34
3851.58
3855.04
3855.64
3856.06
3856.35
3856.52
3856.53
3856.37
3856.17
3856.17
3856.37
3856.53
3856.52
3856.35
3856.06
3855.64
3855.04
3851.58
3871.34
4781.53
4757.97
4762.59
4763.35
4763.8
4764.13
4764.35
4764.42
4764.32
4764.16
4764.16
4764.32
4764.42
4764.35
4764.13
4763.8
4763.35
4762.59
4757.98
4781.53
5286.66
5260.35
5265.39
5266.04
5266.33
5266.51
5266.61
5266.62
5266.48
5266.32
5266.32
5266.48
5266.62
5266.61
5266.51
5266.33
5266.04
5265.39
5260.35
5286.66
5426.59
5399.01
5403.88
5404.22
5404.16
5404.01
5403.81
5403.58
5403.3
5403.07
5403.07
5403.3
5403.58
5403.81
5404.01
5404.16
5404.22
5403.88
5399.01
5426.59
5241.38
5214.1
5218.29
5218.12
5217.54
5216.85
5216.16
5215.51
5214.94
5214.57
5214.57
5214.94
5215.51
5216.16
5216.85
5217.54
5218.13
5218.29
5214.11
5241.38
4773.73
4748.23
4751.29
4750.46
4749.2
4747.81
4746.44
4745.19
4744.18
4743.58
4743.58
4744.18
4745.19
4746.44
4747.81
4749.2
4750.46
4751.29
4748.23
4773.74
4087.59
4065.35
4067.02
4065.51
4063.58
4061.48
4059.38
4057.48
4055.96
4055.09
4055.09
4055.96
4057.48
4059.38
4061.48
4063.58
4065.51
4067.02
4065.35
4087.59
3297.86
3281.06
3281.42
3279.57
3277.37
3274.96
3272.51
3270.24
3268.43
3267.38
3267.38
3268.43
3270.24
3272.51
3274.96
3277.37
3279.57
3281.42
3281.06
3297.86
2577.48
2569.42
2569.08
2567.66
2566.02
2564.19
2562.26
2560.41
2558.87
2557.96
2557.96
2558.87
2560.41
2562.26
2564.19
2566.02
2567.66
2569.08
2569.42
2577.48
2057.98
2060.45
2060.16
2059.67
2059.13
2058.44
2057.62
2056.74
2055.94
2055.43
2055.43
2055.94
2056.74
2057.62
2058.43
2059.13
2059.67
2060.16
2060.45
2057.98
1673.57
1682.66
1682.45
1682.35
1682.22
1681.97
1681.61
1681.17
1680.73
1680.44
1680.44
1680.73
1681.17
1681.61
1681.97
1682.22
1682.34
1682.45
1682.66
1673.57
1266.37
1275.3
1274.69
1274.13
1273.5
1272.74
1271.9
1271.08
1270.38
1269.96
1269.96
1270.38
1271.08
1271.9
1272.74
1273.5
1274.13
1274.68
1275.3
1266.37
845.933
849.773
848.733
847.716
846.66
845.51
844.332
843.235
842.355
841.852
841.852
842.355
843.235
844.332
845.51
846.659
847.715
848.733
849.773
845.933
624.13
622.058
621.634
621.236
621.012
620.841
620.684
620.533
620.395
620.305
620.305
620.395
620.533
620.684
620.84
621.011
621.235
621.634
622.057
624.13
662.507
659.383
659.954
660.4
661.07
661.849
662.639
663.34
663.86
664.132
664.132
663.86
663.34
662.639
661.849
661.069
660.399
659.953
659.382
662.506
703.612
701.029
701.77
702.212
702.775
703.396
704.009
704.542
704.928
705.127
705.127
704.928
704.541
704.008
703.396
702.774
702.212
701.769
701.028
703.612
649.446
646.835
647.345
647.471
647.623
647.779
647.915
648.014
648.063
648.074
648.074
648.063
648.013
647.915
647.778
647.623
647.47
647.344
646.834
649.445
540.351
537.544
537.784
537.656
537.511
537.342
537.152
536.955
536.776
536.662
536.662
536.776
536.955
537.152
537.341
537.51
537.655
537.783
537.543
540.35
432.803
430.036
430.111
429.89
429.651
429.386
429.104
428.827
428.588
428.443
428.443
428.588
428.827
429.104
429.386
429.65
429.889
430.109
430.035
432.801
358.015
355.525
355.545
355.357
355.169
354.967
354.753
354.543
354.362
354.251
354.251
354.362
354.543
354.753
354.966
355.168
355.356
355.544
355.523
358.014
321.595
319.514
319.555
319.457
319.379
319.3
319.216
319.129
319.049
318.997
318.997
319.049
319.129
319.216
319.299
319.377
319.456
319.553
319.512
321.593
311.786
310.174
310.259
310.247
310.262
310.285
310.306
310.316
310.315
310.309
310.309
310.315
310.316
310.305
310.284
310.261
310.245
310.257
310.172
311.784
310.369
309.178
309.29
309.324
309.381
309.446
309.508
309.557
309.588
309.6
309.6
309.587
309.557
309.508
309.446
309.38
309.322
309.288
309.176
310.368
304.737
303.847
303.961
304.005
304.063
304.124
304.181
304.225
304.252
304.263
304.263
304.252
304.224
304.18
304.124
304.062
304.003
303.96
303.845
304.735
291.253
290.553
290.653
290.688
290.73
290.771
290.805
290.828
290.84
290.844
290.844
290.84
290.828
290.804
290.77
290.729
290.687
290.652
290.551
291.252
271.746
271.165
271.246
271.27
271.295
271.317
271.332
271.338
271.337
271.335
271.335
271.338
271.338
271.331
271.317
271.295
271.269
271.245
271.164
271.745
249.412
248.919
248.983
248.999
249.014
249.025
249.03
249.027
249.021
249.016
249.016
249.021
249.028
249.03
249.025
249.014
248.999
248.983
248.919
249.411
226.634
226.218
226.27
226.282
226.293
226.3
226.301
226.297
226.29
226.285
226.285
226.29
226.298
226.302
226.3
226.293
226.282
226.27
226.218
226.634
204.553
204.208
204.251
204.262
204.272
204.278
204.279
204.276
204.271
204.266
204.266
204.271
204.277
204.28
204.279
204.273
204.263
204.252
204.209
204.554
183.482
183.201
183.238
183.248
183.258
183.264
183.266
183.264
183.26
183.257
183.257
183.26
183.265
183.267
183.265
183.259
183.25
183.239
183.203
183.484
163.436
163.209
163.241
163.25
163.259
163.264
163.266
163.265
163.262
163.259
163.259
163.262
163.266
163.267
163.266
163.26
163.252
163.243
163.211
163.438
144.431
144.249
144.276
144.285
144.292
144.296
144.298
144.296
144.293
144.291
144.291
144.294
144.297
144.299
144.298
144.294
144.287
144.279
144.252
144.434
126.573
126.427
126.45
126.457
126.463
126.466
126.466
126.464
126.461
126.459
126.459
126.462
126.465
126.468
126.467
126.464
126.459
126.452
126.429
126.576
110.009
109.89
109.91
109.915
109.92
109.922
109.922
109.919
109.916
109.914
109.915
109.917
109.92
109.923
109.923
109.922
109.917
109.911
109.892
110.011
94.8654
94.7696
94.7857
94.7906
94.7938
94.795
94.7942
94.7919
94.7891
94.7872
94.7873
94.7896
94.7927
94.7953
94.7963
94.7952
94.792
94.7872
94.7711
94.867
81.2153
81.1375
81.151
81.155
81.1574
81.1581
81.157
81.1548
81.1521
81.1504
81.1505
81.1525
81.1553
81.1578
81.159
81.1584
81.1559
81.152
81.1385
81.2163
69.0654
69.0024
69.0136
69.0169
69.0188
69.0191
69.0179
69.0158
69.0135
69.0119
69.0119
69.0137
69.0161
69.0183
69.0195
69.0192
69.0172
69.014
69.0027
69.0657
58.3698
58.3188
58.3282
58.3309
58.3323
58.3324
58.3313
58.3294
58.3273
58.3259
58.326
58.3274
58.3295
58.3314
58.3324
58.3323
58.3307
58.3279
58.3185
58.3695
49.0458
49.0045
49.0123
49.0145
49.0157
49.0157
49.0146
49.0129
49.0111
49.0099
49.0099
49.011
49.0128
49.0144
49.0153
49.0151
49.0138
49.0115
49.0036
49.0448
40.9881
40.9548
40.9613
40.9631
40.964
40.9639
40.963
40.9615
40.9599
40.9589
40.9588
40.9597
40.9612
40.9625
40.9632
40.9631
40.962
40.96
40.9534
40.9867
34.0806
34.0537
34.059
34.0606
34.0612
34.0611
34.0603
34.059
34.0576
34.0567
34.0566
34.0574
34.0585
34.0596
34.0602
34.0601
34.0592
34.0575
34.052
34.079
28.203
28.1812
28.1856
28.1869
28.1874
28.1872
28.1865
28.1854
28.1842
28.1834
28.1833
28.1839
28.1849
28.1858
28.1863
28.1862
28.1855
28.184
28.1795
28.2012
23.2363
23.2186
23.2223
23.2232
23.2236
23.2234
23.2227
23.2218
23.2208
23.2201
23.22
23.2205
23.2213
23.2221
23.2226
23.2225
23.2219
23.2208
23.217
23.2346
19.0661
19.0518
19.0548
19.0556
19.0558
19.0556
19.055
19.0542
19.0533
19.0528
19.0527
19.0531
19.0538
19.0545
19.0549
19.0549
19.0545
19.0535
19.0504
19.0647
15.5855
15.5739
15.5763
15.5769
15.5771
15.5769
15.5763
15.5756
15.5749
15.5745
15.5744
15.5748
15.5754
15.576
15.5764
15.5765
15.5762
15.5754
15.5729
15.5845
12.6962
12.6868
12.6888
12.6893
12.6894
12.6892
12.6887
12.6881
12.6876
12.6872
12.6872
12.6875
12.6881
12.6887
12.689
12.6892
12.6889
12.6883
12.6863
12.6957
10.3099
10.3023
10.3039
10.3043
10.3044
10.3042
10.3038
10.3033
10.3028
10.3026
10.3026
10.3029
10.3034
10.304
10.3043
10.3045
10.3043
10.3039
10.3022
10.3099
8.34808
8.34186
8.34322
8.34354
8.3436
8.34344
8.34312
8.34274
8.34238
8.34218
8.34225
8.34258
8.34304
8.34351
8.34386
8.34401
8.34392
8.34356
8.3422
8.34844
6.74197
6.73692
6.73804
6.73831
6.73837
6.73825
6.73801
6.73772
6.73745
6.73733
6.73742
6.73773
6.73815
6.73857
6.73889
6.73905
6.73899
6.73871
6.73759
6.74267
5.43205
5.42795
5.42888
5.42911
5.42918
5.42909
5.42892
5.42871
5.42853
5.42846
5.42858
5.42886
5.42924
5.42961
5.42989
5.43003
5.42999
5.42977
5.42885
5.43298
4.36726
4.36394
4.36471
4.36491
4.36498
4.36493
4.36481
4.36467
4.36455
4.36453
4.36466
4.36492
4.36525
4.36557
4.36581
4.36593
4.3659
4.36571
4.36496
4.36831
3.50428
3.50158
3.50223
3.50241
3.50247
3.50245
3.50238
3.50229
3.50222
3.50223
3.50236
3.50259
3.50288
3.50315
3.50336
3.50345
3.50342
3.50325
3.50263
3.50535
2.80671
2.80453
2.80506
2.80523
2.80529
2.80529
2.80525
2.80519
2.80516
2.80519
2.80531
2.80552
2.80577
2.80599
2.80616
2.80623
2.80619
2.80604
2.80551
2.80773
2.24427
2.2425
2.24295
2.24309
2.24316
2.24317
2.24315
2.24312
2.2431
2.24314
2.24325
2.24344
2.24364
2.24383
2.24396
2.244
2.24395
2.2438
2.24336
2.24515
1.79188
1.79044
1.79082
1.79095
1.79102
1.79104
1.79103
1.79101
1.791
1.79104
1.79114
1.79129
1.79146
1.79161
1.7917
1.79172
1.79165
1.79151
1.79113
1.79258
1.42883
1.42767
1.42799
1.42811
1.42817
1.42819
1.42819
1.42818
1.42817
1.42821
1.42829
1.42842
1.42855
1.42866
1.42872
1.4287
1.42862
1.42847
1.42815
1.42932
1.13802
1.13708
1.13734
1.13745
1.13751
1.13754
1.13754
1.13753
1.13754
1.13756
1.13763
1.13773
1.13783
1.1379
1.13792
1.13788
1.13778
1.13764
1.13735
1.1383
0.905323
0.90456
0.904783
0.904879
0.904937
0.904965
0.904976
0.904978
0.904986
0.905013
0.905066
0.905138
0.905205
0.905245
0.905241
0.905183
0.905074
0.904933
0.904685
0.905448
0.719222
0.718604
0.718788
0.718868
0.71892
0.718949
0.718967
0.718981
0.718999
0.71903
0.719079
0.719136
0.719184
0.719205
0.719188
0.719125
0.71902
0.718892
0.718681
0.719299
0.570478
0.569972
0.57012
0.570183
0.570222
0.570248
0.57027
0.570295
0.570325
0.570367
0.57042
0.570477
0.570524
0.570546
0.570535
0.570487
0.570403
0.570299
0.57013
0.570639
0.451835
0.451417
0.451529
0.451571
0.451593
0.451609
0.45163
0.451659
0.451701
0.451756
0.451824
0.451896
0.451959
0.452004
0.452021
0.452005
0.451959
0.451892
0.451767
0.452194
0.357634
0.357286
0.357366
0.357386
0.35739
0.357391
0.357403
0.357432
0.35748
0.357549
0.357635
0.357732
0.357827
0.357908
0.357967
0.357996
0.357995
0.35797
0.357891
0.358256
0.283351
0.283064
0.283119
0.283122
0.28311
0.283099
0.283101
0.283126
0.283177
0.283256
0.283361
0.283485
0.283613
0.283734
0.283835
0.283907
0.283947
0.283959
0.283919
0.28423
0.225151
0.224924
0.224965
0.224962
0.224947
0.224932
0.224933
0.224957
0.225011
0.225098
0.225217
0.22536
0.225513
0.22566
0.225788
0.225886
0.22595
0.225984
0.225969
0.226226
0.179604
0.179436
0.179477
0.179484
0.179482
0.179481
0.179494
0.179528
0.179591
0.179685
0.179811
0.179961
0.180119
0.18027
0.1804
0.180498
0.180561
0.180595
0.180585
0.180787
0.143634
0.143523
0.143577
0.143607
0.143633
0.143663
0.143704
0.143762
0.14384
0.143943
0.14407
0.144212
0.144357
0.144488
0.144594
0.144666
0.144705
0.144718
0.144696
0.144844
0.11471
0.114644
0.114716
0.114776
0.114838
0.114906
0.114983
0.115071
0.11517
0.115282
0.115404
0.11553
0.115647
0.115743
0.11581
0.115841
0.115841
0.115822
0.11578
0.115882
0.0910915
0.0910542
0.0911396
0.0912223
0.0913115
0.0914094
0.0915158
0.091627
0.0917403
0.0918545
0.0919668
0.0920702
0.0921554
0.0922137
0.0922392
0.0922299
0.0921933
0.0921435
0.0920818
0.0921525
0.0719068
0.0718802
0.0719634
0.0720481
0.0721408
0.0722424
0.0723513
0.0724616
0.0725683
0.0726688
0.0727598
0.0728355
0.0728888
0.0729137
0.072907
0.0728682
0.0728066
0.0727373
0.0726651
0.0727184
0.0568604
0.0568307
0.0568906
0.0569483
0.0570097
0.0570769
0.0571492
0.0572211
0.0572882
0.0573483
0.0573995
0.0574375
0.0574569
0.0574534
0.0574249
0.0573707
0.0572991
0.0572243
0.0571525
0.0571974
0.0456651
0.045626
0.0456447
0.0456503
0.0456501
0.045649
0.0456491
0.0456483
0.0456449
0.0456396
0.045633
0.0456231
0.0456058
0.0455775
0.0455355
0.0454775
0.0454086
0.0453402
0.0452777
0.0453176
0.0376064
0.0375586
0.0375324
0.03748
0.0374112
0.037334
0.0372539
0.0371731
0.0370941
0.0370212
0.0369581
0.036905
0.0368591
0.0368165
0.0367732
0.0367241
0.0366705
0.0366195
0.0365737
0.0366097
0.0316143
0.0315639
0.0315091
0.0314209
0.0313105
0.0311875
0.0310598
0.0309329
0.0308128
0.0307064
0.0306196
0.030554
0.0305075
0.0304754
0.0304521
0.0304302
0.0304072
0.0303853
0.0303636
0.0303983
0.0267485
0.026703
0.0266483
0.0265639
0.0264597
0.0263446
0.0262263
0.0261113
0.0260068
0.0259204
0.0258578
0.0258207
0.025807
0.0258118
0.0258282
0.0258476
0.0258652
0.025879
0.0258849
0.0259217
0.0225613
0.0225218
0.0224879
0.0224382
0.0223774
0.0223109
0.0222438
0.0221817
0.0221303
0.0220954
0.022081
0.0220881
0.0221149
0.0221569
0.022208
0.0222606
0.0223089
0.0223496
0.0223773
0.0224214
0.0186448
0.0185998
0.0185968
0.0185948
0.0185916
0.0185881
0.0185856
0.0185861
0.018592
0.0186055
0.0186281
0.0186605
0.0187022
0.0187518
0.0188064
0.0188616
0.0189136
0.0189593
0.0189945
0.0190594
0.0158963
0.0159305
0.0160104
0.0161139
0.0162348
0.0163662
0.0165005
0.0166303
0.0167482
0.0168478
0.0169256
0.016982
0.0170209
0.0170487
0.0170717
0.0170945
0.0171183
0.0171408
0.0171534
0.0171575
)
;
    }
    symmetry-x
    {
        type            symmetryPlane;
    }
    symmetry-y
    {
        type            symmetryPlane;
    }
}


// ************************************************************************* //
