/*--------------------------------*- C++ -*----------------------------------*\
| =========                 |                                                 |
| \\      /  F ield         | foam-extend: Open Source CFD                    |
|  \\    /   O peration     | Version:     3.1                                |
|   \\  /    A nd           | Web:         http://www.extend-project.de       |
|    \\/     M anipulation  |                                                 |
\*---------------------------------------------------------------------------*/
FoamFile
{
    version     2.0;
    format      ascii;
    class       volScalarField;
    location    "0.0017";
    object      sigmaEq;
}
// * * * * * * * * * * * * * * * * * * * * * * * * * * * * * * * * * * * * * //

dimensions      [1 -1 -2 0 0 0 0];

internalField   nonuniform List<scalar> 
6400
(
5482.63
3992.07
3553.71
4398.38
5446.55
3973.72
3553.66
4427.79
5444.07
3971.57
3552.6
4427.99
5442.86
3970.73
3552.05
4427.6
5442.31
3970.31
3551.66
4427.08
5442.11
3970.09
3551.31
4426.48
5442.1
3969.91
3550.91
4425.82
5442.18
3969.71
3550.45
4425.14
5442.28
3969.44
3549.96
4424.52
5442.28
3969.21
3549.62
4424.14
5442.28
3969.21
3549.62
4424.14
5442.28
3969.44
3549.96
4424.52
5442.18
3969.71
3550.45
4425.14
5442.1
3969.91
3550.91
4425.82
5442.11
3970.09
3551.31
4426.48
5442.31
3970.31
3551.66
4427.08
5442.86
3970.73
3552.05
4427.6
5444.07
3971.57
3552.6
4427.99
5446.56
3973.72
3553.66
4427.79
5482.64
3992.07
3553.71
4398.38
3733.78
3585.26
3188.59
2494.28
3734.49
3579.68
3178.05
2486.26
3731.97
3577.81
3176.9
2486.45
3730.75
3577.03
3176.34
2486.19
3730.08
3576.45
3175.83
2485.74
3729.68
3576.02
3175.36
2485.2
3729.48
3575.67
3174.93
2484.64
3729.44
3575.37
3174.52
2484.11
3729.54
3575.09
3174.13
2483.65
3729.93
3574.9
3173.87
2483.36
3729.93
3574.9
3173.87
2483.36
3729.54
3575.09
3174.13
2483.65
3729.44
3575.37
3174.52
2484.11
3729.49
3575.67
3174.93
2484.64
3729.68
3576.02
3175.36
2485.2
3730.08
3576.45
3175.83
2485.74
3730.75
3577.03
3176.34
2486.19
3731.97
3577.81
3176.9
2486.45
3734.49
3579.68
3178.05
2486.26
3733.78
3585.26
3188.59
2494.28
4000.79
3818.75
3439.66
2868.65
4009.42
3814.43
3427.35
2851.41
4008.19
3814.03
3426.51
2851.53
4007.63
3813.91
3426.45
2851.58
4007.2
3813.67
3426.32
2851.6
4006.82
3813.39
3426.14
2851.54
4006.55
3813.15
3425.95
2851.43
4006.48
3812.98
3425.76
2851.25
4006.72
3812.9
3425.58
2851.03
4007.59
3812.95
3425.46
2850.83
4007.59
3812.95
3425.46
2850.83
4006.72
3812.9
3425.58
2851.03
4006.48
3812.98
3425.76
2851.26
4006.55
3813.15
3425.95
2851.43
4006.82
3813.39
3426.14
2851.54
4007.2
3813.67
3426.32
2851.6
4007.64
3813.92
3426.45
2851.58
4008.19
3814.03
3426.52
2851.53
4009.42
3814.43
3427.35
2851.41
4000.79
3818.75
3439.66
2868.66
5305.73
4833.93
4387.12
3998.63
5309.94
4828.03
4376.39
3981.94
5308.89
4828.04
4375.86
3982.84
5308.58
4827.98
4375.8
3983.11
5308.35
4827.89
4375.83
3983.3
5308.17
4827.81
4375.86
3983.46
5308.09
4827.77
4375.87
3983.56
5308.19
4827.82
4375.88
3983.59
5308.6
4827.95
4375.87
3983.5
5309.67
4828.16
4375.86
3983.38
5309.67
4828.16
4375.86
3983.38
5308.6
4827.95
4375.87
3983.5
5308.19
4827.82
4375.88
3983.59
5308.09
4827.77
4375.87
3983.57
5308.17
4827.81
4375.86
3983.46
5308.35
4827.89
4375.83
3983.31
5308.58
4827.98
4375.81
3983.12
5308.89
4828.04
4375.86
3982.85
5309.94
4828.03
4376.39
3981.95
5305.73
4833.93
4387.12
3998.63
6497.18
5844.84
5316.25
4953.62
6499.58
5838.47
5306.26
4936.2
6498.63
5838.7
5305.86
4937.59
6498.34
5838.47
5305.61
4937.87
6498.18
5838.35
5305.57
4938.04
6498.14
5838.35
5305.63
4938.23
6498.24
5838.45
5305.74
4938.4
6498.52
5838.64
5305.85
4938.51
6499.08
5838.91
5305.94
4938.5
6500.23
5839.21
5305.99
4938.42
6500.23
5839.21
5305.99
4938.42
6499.08
5838.91
5305.94
4938.5
6498.53
5838.64
5305.85
4938.51
6498.24
5838.45
5305.74
4938.4
6498.15
5838.35
5305.63
4938.23
6498.18
5838.35
5305.58
4938.04
6498.34
5838.48
5305.61
4937.87
6498.63
5838.7
5305.86
4937.59
6499.58
5838.47
5306.26
4936.2
6497.18
5844.84
5316.25
4953.62
7302.98
6570.35
5987.15
5594.09
7305.95
6564.45
5977.58
5575.46
7305.25
6564.92
5977.26
5577.03
7305.07
6564.65
5976.86
5577.21
7305.03
6564.51
5976.73
5577.25
7305.17
6564.56
5976.75
5577.36
7305.46
6564.76
5976.87
5577.5
7305.93
6565.06
5977.03
5577.61
7306.62
6565.43
5977.17
5577.62
7307.85
6565.8
5977.25
5577.57
7307.85
6565.8
5977.25
5577.57
7306.62
6565.44
5977.17
5577.63
7305.93
6565.06
5977.03
5577.61
7305.46
6564.76
5976.87
5577.5
7305.17
6564.56
5976.75
5577.36
7305.03
6564.51
5976.73
5577.25
7305.07
6564.65
5976.86
5577.21
7305.25
6564.92
5977.26
5577.03
7305.95
6564.45
5977.58
5575.46
7302.98
6570.35
5987.15
5594.09
7698.09
6947.09
6341.71
5917.2
7702.46
6942.02
6332.52
5897.79
7702.09
6942.72
6332.24
5899.3
7702.18
6942.53
6331.77
5899.31
7702.39
6942.47
6331.57
5899.17
7702.8
6942.63
6331.55
5899.11
7703.37
6942.95
6331.66
5899.13
7704.07
6943.37
6331.83
5899.16
7704.95
6943.85
6331.99
5899.14
7706.26
6944.27
6332.09
5899.08
7706.26
6944.27
6332.09
5899.08
7704.95
6943.85
6331.99
5899.14
7704.07
6943.37
6331.83
5899.16
7703.37
6942.95
6331.66
5899.13
7702.8
6942.63
6331.55
5899.11
7702.4
6942.48
6331.57
5899.17
7702.18
6942.53
6331.78
5899.31
7702.09
6942.73
6332.25
5899.3
7702.46
6942.02
6332.52
5897.79
7698.09
6947.09
6341.71
5917.2
7705.64
6977.77
6380.06
5941.24
7711.43
6973.57
6371.3
5921.71
7711.41
6974.46
6371.02
5922.98
7711.88
6974.45
6370.53
5922.75
7712.48
6974.56
6370.28
5922.36
7713.28
6974.89
6370.22
5922.06
7714.22
6975.37
6370.3
5921.86
7715.26
6975.95
6370.45
5921.72
7716.37
6976.54
6370.61
5921.58
7717.78
6977.03
6370.72
5921.47
7717.78
6977.03
6370.72
5921.47
7716.37
6976.54
6370.61
5921.58
7715.26
6975.95
6370.45
5921.72
7714.22
6975.37
6370.3
5921.86
7713.28
6974.89
6370.22
5922.06
7712.48
6974.56
6370.28
5922.37
7711.88
6974.45
6370.53
5922.75
7711.41
6974.46
6371.02
5922.98
7711.43
6973.57
6371.3
5921.72
7705.64
6977.77
6380.06
5941.24
7358.36
6687.74
6124.78
5691.14
7365.37
6684.39
6116.55
5672.18
7365.7
6685.4
6116.19
5673.02
7366.61
6685.62
6115.7
5672.48
7367.7
6685.97
6115.42
5671.77
7369
6686.52
6115.31
5671.13
7370.41
6687.2
6115.33
5670.59
7371.85
6687.94
6115.44
5670.16
7373.25
6688.66
6115.57
5669.82
7374.78
6689.22
6115.66
5669.6
7374.78
6689.22
6115.66
5669.6
7373.25
6688.66
6115.57
5669.82
7371.85
6687.94
6115.44
5670.16
7370.41
6687.2
6115.33
5670.59
7369
6686.52
6115.31
5671.13
7367.71
6685.97
6115.42
5671.78
7366.61
6685.63
6115.7
5672.49
7365.7
6685.41
6116.19
5673.02
7365.37
6684.39
6116.55
5672.18
7358.36
6687.74
6124.79
5691.15
6698.25
6116.6
5612.97
5200.86
6706.4
6114.19
5605.42
5183.07
6707.06
6115.25
5604.96
5183.34
6708.43
6115.72
5604.46
5182.42
6710.03
6116.31
5604.14
5181.31
6711.84
6117.07
5603.95
5180.23
6713.75
6117.95
5603.88
5179.24
6715.61
6118.86
5603.89
5178.41
6717.33
6119.7
5603.95
5177.77
6718.98
6120.3
5604.01
5177.4
6718.98
6120.3
5604.01
5177.4
6717.33
6119.7
5603.95
5177.77
6715.61
6118.86
5603.89
5178.41
6713.75
6117.95
5603.88
5179.25
6711.84
6117.07
5603.96
5180.23
6710.03
6116.31
5604.14
5181.32
6708.43
6115.72
5604.46
5182.42
6707.06
6115.25
5604.96
5183.34
6706.4
6114.19
5605.43
5183.07
6698.25
6116.6
5612.97
5200.86
5788.85
5321.94
4897.93
4521.11
5798.2
5320.65
4891.37
4505.18
5799.14
5321.72
4890.77
4504.78
5800.9
5322.4
4890.27
4503.47
5802.94
5323.17
4889.89
4501.95
5805.19
5324.1
4889.59
4500.4
5807.51
5325.1
4889.37
4498.93
5809.74
5326.11
4889.24
4497.63
5811.73
5327
4889.18
4496.63
5813.44
5327.63
4889.18
4496.06
5813.44
5327.63
4889.18
4496.06
5811.73
5327
4889.18
4496.63
5809.74
5326.11
4889.24
4497.63
5807.51
5325.1
4889.37
4498.93
5805.19
5324.1
4889.59
4500.4
5802.94
5323.17
4889.89
4501.95
5800.9
5322.4
4890.27
4503.47
5799.14
5321.72
4890.77
4504.78
5798.2
5320.65
4891.37
4505.18
5788.85
5321.94
4897.93
4521.11
4735.51
4385.2
4051.01
3729.22
4745.82
4385.13
4045.85
3716.19
4746.97
4386.11
4045.13
3715.19
4748.97
4386.91
4044.61
3713.62
4751.28
4387.74
4044.13
3711.84
4753.79
4388.67
4043.67
3709.97
4756.35
4389.65
4043.27
3708.13
4758.79
4390.61
4042.94
3706.48
4760.9
4391.45
4042.72
3705.18
4762.58
4392.01
4042.62
3704.44
4762.58
4392.01
4042.62
3704.44
4760.9
4391.45
4042.72
3705.18
4758.79
4390.61
4042.94
3706.48
4756.35
4389.65
4043.27
3708.13
4753.78
4388.67
4043.67
3709.97
4751.28
4387.74
4044.13
3711.84
4748.97
4386.91
4044.61
3713.62
4746.97
4386.11
4045.13
3715.19
4745.82
4385.12
4045.85
3716.2
4735.51
4385.2
4051.01
3729.22
3699.73
3411.12
3156.52
2930.12
3709.53
3411.85
3153.28
2921.84
3710.72
3412.63
3152.46
2920.52
3712.77
3413.34
3151.89
2919.01
3715.12
3414
3151.25
2917.33
3717.65
3414.7
3150.57
2915.51
3720.21
3415.42
3149.91
2913.67
3722.62
3416.12
3149.33
2911.98
3724.66
3416.72
3148.88
2910.61
3726.16
3417.12
3148.65
2909.83
3726.16
3417.12
3148.65
2909.83
3724.66
3416.72
3148.88
2910.61
3722.62
3416.12
3149.32
2911.98
3720.21
3415.42
3149.91
2913.67
3717.64
3414.7
3150.57
2915.51
3715.12
3414
3151.25
2917.33
3712.76
3413.34
3151.89
2919.01
3710.72
3412.62
3152.46
2920.52
3709.53
3411.85
3153.28
2921.84
3699.73
3411.12
3156.52
2930.13
2865.09
2519.25
2305.64
2229.5
2871.27
2519.64
2304.73
2228.03
2872.26
2520.04
2303.84
2226.85
2874.06
2520.5
2303.18
2225.78
2876.17
2520.82
2302.37
2224.58
2878.44
2521.11
2301.45
2223.24
2880.71
2521.4
2300.53
2221.82
2882.81
2521.67
2299.68
2220.47
2884.53
2521.89
2299.01
2219.35
2885.71
2522.05
2298.63
2218.69
2885.71
2522.05
2298.63
2218.69
2884.53
2521.89
2299.01
2219.35
2882.81
2521.67
2299.68
2220.47
2880.71
2521.4
2300.52
2221.82
2878.43
2521.11
2301.45
2223.23
2876.17
2520.82
2302.37
2224.58
2874.05
2520.49
2303.18
2225.78
2872.26
2520.03
2303.83
2226.85
2871.27
2519.63
2304.73
2228.03
2865.09
2519.25
2305.64
2229.5
2316.1
1832.27
1603.65
1678.89
2316.72
1831.11
1604.8
1683.91
2317.26
1831.16
1603.95
1683.08
2318.54
1831.43
1603.38
1682.48
2320.13
1831.57
1602.62
1681.8
2321.85
1831.65
1601.73
1680.98
2323.56
1831.71
1600.81
1680.08
2325.11
1831.74
1599.95
1679.17
2326.34
1831.74
1599.25
1678.39
2327.14
1831.75
1598.85
1677.92
2327.14
1831.75
1598.85
1677.91
2326.34
1831.74
1599.25
1678.39
2325.11
1831.74
1599.95
1679.17
2323.56
1831.7
1600.81
1680.07
2321.84
1831.65
1601.73
1680.98
2320.13
1831.57
1602.62
1681.8
2318.54
1831.43
1603.37
1682.48
2317.26
1831.15
1603.95
1683.08
2316.72
1831.11
1604.79
1683.9
2316.1
1832.26
1603.65
1678.88
1951.12
1429.1
1163.12
1255.32
1948.76
1426.79
1164.54
1262.07
1948.91
1426.79
1163.97
1261.33
1949.62
1427.23
1163.82
1260.84
1950.58
1427.62
1163.6
1260.27
1951.64
1428.01
1163.31
1259.59
1952.71
1428.38
1162.99
1258.84
1953.69
1428.7
1162.67
1258.1
1954.46
1428.92
1162.39
1257.46
1954.96
1429.03
1162.22
1257.08
1954.96
1429.03
1162.22
1257.08
1954.46
1428.92
1162.39
1257.46
1953.68
1428.7
1162.67
1258.1
1952.71
1428.38
1162.99
1258.84
1951.64
1428.01
1163.31
1259.59
1950.58
1427.62
1163.6
1260.27
1949.61
1427.22
1163.82
1260.83
1948.9
1426.79
1163.97
1261.33
1948.75
1426.78
1164.54
1262.06
1951.12
1429.1
1163.12
1255.32
1630.99
1247.01
994.445
938.405
1629.88
1245.25
994.109
940.938
1629.89
1245.44
993.839
940.025
1630.22
1246.07
994.124
939.402
1630.7
1246.76
994.486
938.77
1631.24
1247.49
994.869
938.076
1631.8
1248.22
995.243
937.351
1632.34
1248.88
995.568
936.66
1632.81
1249.39
995.803
936.091
1633.15
1249.68
995.923
935.759
1633.15
1249.68
995.923
935.759
1632.8
1249.39
995.802
936.091
1632.34
1248.88
995.567
936.659
1631.79
1248.21
995.241
937.35
1631.23
1247.48
994.867
938.075
1630.7
1246.76
994.483
938.769
1630.22
1246.07
994.121
939.4
1629.89
1245.43
993.836
940.023
1629.88
1245.24
994.106
940.937
1630.98
1247.01
994.441
938.403
1342.35
1136.43
946.225
779.691
1344.01
1135.74
944.535
777.031
1344.04
1135.98
944.37
776.325
1344.21
1136.52
944.715
775.998
1344.44
1137.1
945.178
775.783
1344.68
1137.71
945.686
775.595
1344.94
1138.33
946.198
775.411
1345.22
1138.91
946.66
775.231
1345.51
1139.37
947.013
775.074
1345.79
1139.65
947.206
774.977
1345.79
1139.65
947.205
774.976
1345.51
1139.37
947.012
775.074
1345.22
1138.91
946.659
775.231
1344.93
1138.33
946.196
775.41
1344.67
1137.71
945.684
775.594
1344.43
1137.1
945.175
775.781
1344.2
1136.52
944.712
775.996
1344.03
1135.97
944.366
776.323
1344
1135.73
944.532
777.028
1342.34
1136.42
946.221
779.689
1139.04
1031.47
908.325
781.584
1141.98
1031.28
906.684
778.246
1142.03
1031.45
906.576
778.198
1142.15
1031.76
906.84
778.463
1142.28
1032.08
907.203
778.896
1142.41
1032.4
907.604
779.409
1142.55
1032.73
908.006
779.927
1142.71
1033.04
908.37
780.385
1142.91
1033.31
908.651
780.721
1143.17
1033.49
908.806
780.896
1143.17
1033.49
908.806
780.896
1142.91
1033.31
908.65
780.721
1142.71
1033.04
908.368
780.384
1142.54
1032.73
908.004
779.926
1142.4
1032.4
907.601
779.408
1142.28
1032.07
907.2
778.894
1142.14
1031.76
906.837
778.461
1142.02
1031.44
906.572
778.196
1141.97
1031.27
906.68
778.243
1139.03
1031.46
908.32
781.582
1015.06
939.253
864.392
811.467
1017.8
939.191
863.35
809.327
1017.84
939.34
863.326
809.62
1017.91
939.531
863.548
810.079
1018
939.715
863.854
810.66
1018.08
939.906
864.189
811.305
1018.18
940.1
864.523
811.943
1018.29
940.292
864.824
812.502
1018.46
940.466
865.056
812.915
1018.7
940.591
865.184
813.131
1018.7
940.591
865.184
813.131
1018.46
940.465
865.055
812.914
1018.29
940.289
864.823
812.502
1018.17
940.096
864.521
811.942
1018.08
939.901
864.186
811.303
1018
939.711
863.85
810.658
1017.9
939.525
863.544
810.077
1017.83
939.334
863.322
809.618
1017.79
939.185
863.346
809.326
1015.05
939.246
864.388
811.464
916.979
857.464
805.719
776.833
919.411
857.526
805
775.045
919.465
857.692
804.994
775.257
919.517
857.844
805.148
775.532
919.583
857.99
805.366
775.856
919.651
858.145
805.604
776.205
919.73
858.304
805.839
776.538
919.835
858.462
806.046
776.819
919.981
858.603
806.202
777.014
920.19
858.703
806.287
777.109
920.189
858.702
806.286
777.109
919.979
858.601
806.201
777.014
919.832
858.459
806.045
776.818
919.726
858.301
805.837
776.538
919.646
858.141
805.601
776.204
919.577
857.985
805.363
775.855
919.511
857.839
805.145
775.531
919.459
857.686
804.991
775.255
919.404
857.52
804.997
775.044
916.971
857.458
805.715
776.832
827.046
771.891
721.254
679.042
829.115
771.951
720.494
676.964
829.228
772.09
720.406
676.926
829.305
772.192
720.428
676.921
829.398
772.276
720.482
676.912
829.496
772.361
720.541
676.896
829.604
772.447
720.593
676.863
829.726
772.529
720.632
676.811
829.866
772.6
720.653
676.75
830.035
772.651
720.659
676.704
830.035
772.65
720.659
676.704
829.864
772.599
720.652
676.75
829.723
772.527
720.63
676.811
829.6
772.444
720.591
676.862
829.492
772.357
720.538
676.895
829.393
772.271
720.48
676.911
829.3
772.187
720.424
676.92
829.222
772.085
720.403
676.924
829.109
771.946
720.49
676.963
827.039
771.886
721.251
679.041
757.875
687.158
623.546
561.132
759.165
686.933
622.585
558.816
759.314
686.998
622.391
558.565
759.427
687.041
622.289
558.371
759.566
687.058
622.2
558.156
759.711
687.068
622.101
557.919
759.86
687.074
621.995
557.669
760.006
687.076
621.89
557.424
760.144
687.075
621.797
557.215
760.275
687.077
621.74
557.089
760.274
687.077
621.74
557.089
760.143
687.074
621.797
557.215
760.004
687.074
621.889
557.424
759.857
687.071
621.994
557.669
759.708
687.065
622.099
557.919
759.562
687.055
622.198
558.155
759.423
687.037
622.287
558.371
759.31
686.994
622.388
558.564
759.16
686.928
622.582
558.815
757.87
687.153
623.544
561.131
708.557
619.017
540.887
464.818
708.975
618.401
539.732
462.513
709.113
618.399
539.485
462.173
709.217
618.413
539.344
461.936
709.357
618.409
539.216
461.686
709.505
618.398
539.08
461.421
709.654
618.384
538.94
461.15
709.791
618.366
538.807
460.891
709.91
618.347
538.694
460.675
710.007
618.336
538.626
460.548
710.007
618.335
538.626
460.548
709.909
618.346
538.693
460.676
709.79
618.365
538.806
460.891
709.652
618.382
538.939
461.15
709.503
618.396
539.079
461.421
709.355
618.406
539.214
461.686
709.215
618.41
539.342
461.936
709.11
618.396
539.483
462.173
708.972
618.397
539.73
462.512
708.554
619.014
540.885
464.818
663.131
571.045
489.301
410.392
663.058
570.222
488.09
408.291
663.166
570.193
487.865
407.983
663.225
570.205
487.76
407.811
663.317
570.209
487.679
407.648
663.415
570.215
487.6
407.484
663.514
570.219
487.522
407.321
663.607
570.222
487.448
407.166
663.689
570.221
487.386
407.037
663.754
570.219
487.347
406.96
663.754
570.219
487.347
406.961
663.689
570.22
487.385
407.038
663.607
570.221
487.448
407.167
663.513
570.218
487.521
407.321
663.414
570.213
487.599
407.485
663.316
570.208
487.678
407.648
663.224
570.203
487.759
407.811
663.165
570.191
487.864
407.983
663.057
570.22
488.088
408.291
663.13
571.043
489.3
410.392
612.928
534.492
462.382
392.944
612.776
533.716
461.305
391.223
612.866
533.691
461.142
391.01
612.879
533.707
461.09
390.937
612.913
533.719
461.068
390.888
612.95
533.734
461.055
390.85
612.99
533.751
461.045
390.816
613.031
533.767
461.036
390.782
613.073
533.78
461.025
390.751
613.113
533.786
461.017
390.729
613.113
533.786
461.017
390.729
613.073
533.78
461.025
390.751
613.031
533.767
461.036
390.783
612.99
533.751
461.045
390.817
612.951
533.733
461.055
390.851
612.914
533.718
461.068
390.889
612.88
533.707
461.089
390.938
612.867
533.691
461.141
391.01
612.777
533.715
461.305
391.224
612.929
534.492
462.382
392.945
561.225
501.979
445.979
393.169
561.181
501.384
445.152
391.91
561.271
501.377
445.049
391.786
561.26
501.396
445.035
391.789
561.258
501.407
445.048
391.814
561.255
501.42
445.07
391.855
561.254
501.435
445.094
391.898
561.26
501.451
445.116
391.934
561.276
501.464
445.131
391.958
561.299
501.471
445.137
391.969
561.299
501.471
445.137
391.969
561.276
501.464
445.131
391.959
561.261
501.451
445.117
391.935
561.256
501.436
445.095
391.898
561.257
501.421
445.07
391.855
561.261
501.408
445.048
391.815
561.263
501.397
445.035
391.79
561.274
501.378
445.049
391.787
561.184
501.385
445.153
391.911
561.228
501.98
445.98
393.17
514.348
471.643
430.915
393.893
514.415
471.235
430.337
393.025
514.513
471.245
430.275
392.955
514.499
471.266
430.279
392.99
514.486
471.276
430.304
393.041
514.469
471.285
430.335
393.103
514.454
471.295
430.366
393.164
514.446
471.304
430.393
393.217
514.45
471.312
430.411
393.253
514.464
471.317
430.42
393.271
514.464
471.317
430.42
393.271
514.451
471.313
430.412
393.254
514.448
471.306
430.394
393.218
514.457
471.296
430.367
393.165
514.473
471.287
430.336
393.104
514.49
471.278
430.306
393.042
514.503
471.268
430.28
392.991
514.518
471.247
430.276
392.956
514.421
471.238
430.339
393.027
514.353
471.646
430.917
393.894
475.143
443.507
413.634
387.25
475.252
443.228
413.231
386.634
475.356
443.247
413.189
386.582
475.347
443.268
413.198
386.62
475.338
443.278
413.221
386.665
475.323
443.284
413.247
386.715
475.31
443.289
413.271
386.762
475.301
443.294
413.29
386.8
475.302
443.297
413.302
386.825
475.311
443.298
413.306
386.837
475.312
443.298
413.307
386.837
475.303
443.298
413.303
386.826
475.303
443.296
413.291
386.801
475.313
443.292
413.272
386.763
475.328
443.287
413.249
386.716
475.343
443.281
413.223
386.666
475.353
443.272
413.2
386.622
475.363
443.251
413.192
386.584
475.259
443.232
413.233
386.636
475.151
443.511
413.637
387.252
442.467
417.073
393.556
372.811
442.551
416.857
393.248
372.329
442.655
416.877
393.213
372.277
442.651
416.896
393.218
372.304
442.648
416.904
393.234
372.333
442.64
416.908
393.25
372.363
442.632
416.911
393.263
372.388
442.626
416.911
393.272
372.406
442.627
416.91
393.275
372.415
442.634
416.908
393.275
372.418
442.634
416.908
393.275
372.418
442.629
416.911
393.276
372.416
442.629
416.913
393.273
372.407
442.636
416.913
393.265
372.389
442.646
416.912
393.252
372.364
442.655
416.909
393.237
372.335
442.659
416.901
393.221
372.307
442.663
416.882
393.216
372.28
442.56
416.863
393.251
372.331
442.476
417.079
393.559
372.813
413.437
391.409
371.351
353.341
413.467
391.215
371.088
352.932
413.565
391.23
371.054
352.876
413.563
391.246
371.054
352.892
413.562
391.251
371.063
352.908
413.558
391.253
371.071
352.922
413.553
391.253
371.075
352.931
413.549
391.25
371.076
352.935
413.549
391.246
371.073
352.933
413.553
391.242
371.07
352.931
413.554
391.242
371.07
352.931
413.551
391.247
371.074
352.934
413.553
391.253
371.078
352.936
413.558
391.256
371.078
352.933
413.565
391.258
371.074
352.924
413.57
391.256
371.066
352.91
413.572
391.252
371.058
352.895
413.574
391.236
371.059
352.879
413.477
391.222
371.093
352.935
413.447
391.416
371.355
353.344
385.474
365.736
347.92
331.662
385.453
365.55
347.685
331.307
385.542
365.56
347.652
331.249
385.538
365.571
347.647
331.26
385.537
365.574
347.652
331.268
385.532
365.573
347.655
331.274
385.527
365.571
347.655
331.277
385.522
365.566
347.652
331.274
385.52
365.56
347.646
331.269
385.521
365.555
347.642
331.265
385.522
365.555
347.642
331.265
385.523
365.561
347.648
331.27
385.526
365.569
347.654
331.276
385.532
365.574
347.658
331.279
385.539
365.578
347.658
331.277
385.545
365.579
347.656
331.27
385.547
365.577
347.652
331.262
385.552
365.566
347.656
331.253
385.464
365.557
347.69
331.31
385.485
365.743
347.925
331.666
357.195
339.664
323.88
309.387
357.142
339.489
323.671
309.086
357.221
339.495
323.64
309.031
357.214
339.502
323.634
309.038
357.21
339.503
323.637
309.045
357.203
339.501
323.638
309.05
357.195
339.496
323.636
309.051
357.188
339.49
323.632
309.048
357.184
339.483
323.626
309.043
357.182
339.478
323.621
309.038
357.183
339.478
323.622
309.039
357.186
339.485
323.627
309.043
357.192
339.493
323.634
309.049
357.201
339.5
323.639
309.053
357.21
339.506
323.641
309.052
357.218
339.509
323.641
309.048
357.224
339.509
323.639
309.042
357.231
339.502
323.645
309.034
357.152
339.497
323.676
309.089
357.206
339.671
323.885
309.39
328.36
313.186
299.526
287.025
328.293
313.029
299.349
286.779
328.363
313.032
299.321
286.729
328.354
313.037
299.315
286.737
328.347
313.036
299.317
286.743
328.337
313.032
299.317
286.748
328.327
313.027
299.315
286.75
328.317
313.02
299.311
286.748
328.311
313.012
299.305
286.744
328.308
313.007
299.301
286.74
328.309
313.007
299.301
286.741
328.313
313.014
299.307
286.745
328.321
313.023
299.313
286.749
328.332
313.031
299.318
286.752
328.344
313.037
299.321
286.75
328.355
313.042
299.321
286.746
328.363
313.044
299.32
286.74
328.373
313.039
299.326
286.732
328.303
313.036
299.354
286.782
328.37
313.193
299.531
287.028
299.385
286.562
275.035
264.58
299.318
286.428
274.889
264.386
299.381
286.43
274.865
264.342
299.37
286.434
274.86
264.351
299.361
286.431
274.862
264.357
299.35
286.427
274.862
264.362
299.338
286.42
274.859
264.363
299.327
286.413
274.855
264.362
299.319
286.405
274.85
264.359
299.314
286.399
274.845
264.356
299.315
286.4
274.846
264.356
299.321
286.407
274.851
264.36
299.331
286.415
274.857
264.364
299.343
286.424
274.862
264.365
299.356
286.431
274.865
264.364
299.369
286.437
274.865
264.36
299.379
286.44
274.865
264.354
299.39
286.437
274.87
264.346
299.327
286.435
274.894
264.39
299.395
286.569
275.04
264.583
270.871
260.181
250.614
242.039
270.807
260.069
250.498
241.89
270.864
260.071
250.478
241.852
270.854
260.074
250.474
241.86
270.844
260.071
250.474
241.865
270.832
260.065
250.474
241.869
270.819
260.058
250.471
241.871
270.808
260.05
250.466
241.869
270.799
260.042
250.461
241.866
270.793
260.037
250.457
241.863
270.794
260.037
250.457
241.863
270.801
260.044
250.462
241.866
270.811
260.053
250.468
241.87
270.824
260.062
250.473
241.872
270.837
260.07
250.477
241.871
270.85
260.076
250.478
241.868
270.861
260.079
250.477
241.862
270.872
260.077
250.482
241.855
270.816
260.075
250.502
241.893
270.879
260.187
250.618
242.042
243.323
234.438
226.548
219.562
243.266
234.346
226.456
219.449
243.317
234.348
226.44
219.415
243.306
234.35
226.436
219.423
243.296
234.346
226.436
219.427
243.285
234.341
226.435
219.43
243.272
234.333
226.431
219.43
243.261
234.325
226.426
219.427
243.252
234.317
226.42
219.424
243.246
234.311
226.416
219.421
243.247
234.312
226.417
219.421
243.253
234.318
226.421
219.424
243.264
234.327
226.428
219.428
243.276
234.336
226.433
219.431
243.289
234.344
226.437
219.431
243.302
234.35
226.439
219.429
243.312
234.354
226.439
219.425
243.323
234.353
226.443
219.417
243.272
234.351
226.46
219.451
243.33
234.444
226.552
219.564
217.09
209.678
203.162
197.461
217.038
209.601
203.089
197.375
217.083
209.603
203.076
197.345
217.074
209.604
203.072
197.351
217.064
209.601
203.071
197.355
217.053
209.595
203.07
197.356
217.041
209.588
203.066
197.355
217.03
209.579
203.06
197.351
217.021
209.571
203.054
197.347
217.015
209.566
203.05
197.344
217.016
209.566
203.05
197.345
217.022
209.572
203.055
197.348
217.032
209.581
203.061
197.352
217.044
209.59
203.067
197.356
217.056
209.597
203.071
197.357
217.068
209.604
203.074
197.356
217.078
209.608
203.074
197.353
217.088
209.606
203.078
197.346
217.042
209.605
203.092
197.376
217.095
209.681
203.164
197.462
192.39
186.172
180.77
176.096
192.342
186.109
180.712
176.03
192.382
186.11
180.7
176.004
192.374
186.111
180.697
176.009
192.365
186.107
180.696
176.012
192.354
186.102
180.693
176.012
192.344
186.094
180.689
176.01
192.333
186.086
180.684
176.006
192.324
186.079
180.678
176.002
192.318
186.073
180.674
175.999
192.318
186.073
180.674
175.999
192.325
186.079
180.678
176.002
192.334
186.087
180.684
176.006
192.345
186.096
180.69
176.01
192.356
186.103
180.694
176.013
192.367
186.109
180.697
176.012
192.376
186.113
180.698
176.01
192.385
186.112
180.701
176.005
192.345
186.111
180.713
176.031
192.393
186.174
180.771
176.097
169.364
164.129
159.635
155.793
169.32
164.076
159.589
155.743
169.355
164.077
159.579
155.72
169.347
164.078
159.576
155.724
169.339
164.074
159.574
155.726
169.329
164.068
159.572
155.725
169.319
164.061
159.567
155.723
169.309
164.054
159.562
155.718
169.301
164.046
159.556
155.714
169.295
164.041
159.552
155.711
169.295
164.041
159.552
155.711
169.301
164.046
159.556
155.714
169.309
164.054
159.562
155.718
169.319
164.062
159.567
155.722
169.33
164.069
159.572
155.725
169.339
164.074
159.574
155.725
169.347
164.078
159.576
155.724
169.355
164.077
159.579
155.719
169.32
164.076
159.589
155.742
169.364
164.129
159.635
155.792
148.105
143.695
139.953
136.796
148.065
143.65
139.916
136.758
148.096
143.651
139.908
136.738
148.088
143.651
139.905
136.741
148.081
143.647
139.903
136.742
148.072
143.642
139.9
136.741
148.062
143.635
139.896
136.738
148.053
143.628
139.891
136.734
148.045
143.621
139.885
136.73
148.04
143.616
139.881
136.727
148.039
143.616
139.881
136.727
148.045
143.621
139.885
136.73
148.052
143.628
139.89
136.734
148.061
143.635
139.895
136.738
148.071
143.641
139.9
136.74
148.079
143.646
139.902
136.741
148.087
143.65
139.903
136.74
148.094
143.649
139.906
136.736
148.063
143.648
139.915
136.756
148.103
143.693
139.951
136.794
128.671
124.96
121.849
119.262
128.635
124.922
121.82
119.233
128.661
124.923
121.812
119.216
128.654
124.923
121.81
119.219
128.647
124.919
121.808
119.22
128.639
124.914
121.805
119.218
128.631
124.908
121.801
119.216
128.622
124.901
121.796
119.212
128.614
124.895
121.791
119.208
128.609
124.89
121.788
119.205
128.609
124.89
121.787
119.205
128.613
124.894
121.79
119.207
128.62
124.9
121.795
119.211
128.628
124.906
121.8
119.214
128.636
124.912
121.804
119.217
128.644
124.917
121.806
119.218
128.651
124.92
121.807
119.217
128.657
124.92
121.81
119.214
128.631
124.919
121.817
119.231
128.666
124.956
121.846
119.26
111.079
107.964
105.385
103.274
111.048
107.933
105.362
103.252
111.07
107.933
105.356
103.237
111.064
107.933
105.353
103.24
111.058
107.93
105.352
103.24
111.05
107.925
105.349
103.239
111.042
107.92
105.345
103.236
111.034
107.913
105.34
103.232
111.027
107.907
105.336
103.229
111.022
107.903
105.332
103.226
111.022
107.903
105.332
103.226
111.026
107.906
105.335
103.228
111.032
107.912
105.339
103.231
111.039
107.917
105.343
103.234
111.046
107.922
105.346
103.237
111.053
107.926
105.349
103.238
111.058
107.929
105.35
103.237
111.064
107.929
105.352
103.234
111.041
107.928
105.358
103.249
111.073
107.959
105.381
103.27
95.3105
92.7024
90.5693
88.8525
95.2828
92.6761
90.551
88.8366
95.3019
92.6766
90.5456
88.8239
95.2964
92.6761
90.5434
88.8261
95.2907
92.6732
90.5419
88.8261
95.2839
92.6689
90.5393
88.8248
95.2766
92.6637
90.5356
88.8222
95.2694
92.658
90.5313
88.8188
95.2629
92.6525
90.527
88.8153
95.2582
92.6486
90.5241
88.813
95.2576
92.6481
90.5237
88.8128
95.261
92.6511
90.526
88.8145
95.2662
92.6556
90.5295
88.8174
95.2724
92.6605
90.5332
88.8203
95.2786
92.6649
90.5363
88.8225
95.2845
92.6685
90.5383
88.8233
95.2895
92.6708
90.5393
88.8229
95.2944
92.6708
90.5412
88.8205
95.2749
92.67
90.5463
88.833
95.3023
92.6961
90.5645
88.8487
81.3065
79.1273
77.367
75.9752
81.2825
79.1055
77.3526
75.9636
81.2986
79.1058
77.3481
75.9529
81.2937
79.1052
77.3461
75.9546
81.2885
79.1025
77.3446
75.9546
81.2824
79.0986
77.3422
75.9533
81.2759
79.0938
77.3389
75.9508
81.2693
79.0887
77.3349
75.9477
81.2634
79.0837
77.3311
75.9447
81.259
79.0801
77.3284
75.9426
81.2583
79.0796
77.328
75.9423
81.2612
79.0821
77.3299
75.9438
81.2656
79.086
77.333
75.9463
81.2709
79.0901
77.3362
75.9489
81.2763
79.094
77.3389
75.9508
81.2813
79.097
77.3407
75.9517
81.2856
79.0991
77.3415
75.9513
81.2899
79.0991
77.3431
75.9493
81.2733
79.0984
77.3473
75.9598
81.297
79.12
77.3617
75.9712
68.9782
67.1605
65.7103
64.5841
68.9575
67.1424
65.6989
64.5758
68.971
67.1426
65.6951
64.5667
68.9666
67.142
65.6933
64.5682
68.962
67.1394
65.692
64.568
68.9565
67.1359
65.6898
64.5668
68.9507
67.1316
65.6867
64.5646
68.9448
67.127
65.6832
64.5618
68.9395
67.1226
65.6798
64.5591
68.9354
67.1193
65.6774
64.5573
68.9346
67.1187
65.677
64.557
68.937
67.1208
65.6785
64.5583
68.9408
67.1241
65.6811
64.5605
68.9453
67.1276
65.6839
64.5627
68.9499
67.1309
65.6863
64.5644
68.9542
67.1336
65.6878
64.5652
68.9579
67.1354
65.6886
64.565
68.9615
67.1354
65.6899
64.5633
68.9475
67.1347
65.6934
64.5721
68.9679
67.1526
65.7047
64.5803
58.2135
56.6996
55.5064
54.5964
58.1958
56.6846
55.4974
54.5905
58.2071
56.6847
55.4942
54.5828
58.2032
56.6841
55.4926
54.5841
58.199
56.6818
55.4914
54.5838
58.1942
56.6786
55.4894
54.5827
58.189
56.6748
55.4867
54.5807
58.1837
56.6707
55.4836
54.5783
58.179
56.6668
55.4805
54.5759
58.1753
56.6639
55.4784
54.5743
58.1745
56.6633
55.478
54.5741
58.1764
56.665
55.4793
54.5752
58.1796
56.6677
55.4815
54.5771
58.1834
56.6708
55.4839
54.5791
58.1873
56.6736
55.486
54.5806
58.191
56.6758
55.4873
54.5814
58.1941
56.6774
55.488
54.5812
58.1973
56.6774
55.4892
54.5798
58.1854
56.6769
55.4921
54.5872
58.2029
56.6916
55.5009
54.593
48.8856
47.6267
46.6459
45.9112
48.8705
47.6143
46.6388
45.9071
48.8799
47.6143
46.6361
45.9007
48.8765
47.6137
46.6348
45.9017
48.8728
47.6116
46.6337
45.9015
48.8685
47.6088
46.6319
45.9004
48.864
47.6055
46.6295
45.8987
48.8593
47.6018
46.6267
45.8966
48.8551
47.5984
46.6241
45.8945
48.8519
47.5958
46.6223
45.8932
48.8511
47.5953
46.6219
45.893
48.8527
47.5966
46.623
45.894
48.8553
47.599
46.6249
45.8956
48.8585
47.6016
46.6269
45.8974
48.8618
47.6039
46.6287
45.8988
48.8649
47.6059
46.6299
45.8995
48.8676
47.6072
46.6305
45.8994
48.8703
47.6073
46.6315
45.8982
48.8604
47.6068
46.6339
45.9044
48.8752
47.619
46.6408
45.9085
40.8603
39.815
39.0097
38.417
40.8475
39.8048
39.0041
38.4141
40.8552
39.8048
39.0019
38.4088
40.8522
39.8041
39.0007
38.4096
40.849
39.8023
38.9997
38.4094
40.8453
39.7999
38.9981
38.4085
40.8413
39.7969
38.996
38.407
40.8373
39.7938
38.9937
38.4052
40.8337
39.7908
38.9914
38.4034
40.8308
39.7886
38.9898
38.4023
40.8301
39.7881
38.9895
38.4022
40.8314
39.7892
38.9905
38.4031
40.8336
39.7912
38.9921
38.4045
40.8363
39.7934
38.9939
38.4061
40.8391
39.7954
38.9954
38.4073
40.8417
39.7971
38.9965
38.408
40.844
39.7982
38.997
38.408
40.8463
39.7983
38.9979
38.407
40.838
39.7979
38.9999
38.4122
40.8506
39.808
39.0053
38.415
34.0016
33.1352
32.4747
31.9968
33.9908
33.1267
32.4702
31.9948
33.9972
33.1267
32.4684
31.9904
33.9946
33.1262
32.4674
31.9911
33.9919
33.1246
32.4665
31.9909
33.9887
33.1225
32.4652
31.9901
33.9853
33.12
32.4634
31.9888
33.9818
33.1173
32.4614
31.9873
33.9787
33.1147
32.4595
31.9858
33.9763
33.1128
32.4581
31.9849
33.9756
33.1124
32.4579
31.9849
33.9767
33.1134
32.4587
31.9857
33.9786
33.115
32.4601
31.987
33.9808
33.1169
32.4617
31.9883
33.9832
33.1187
32.463
31.9895
33.9854
33.1201
32.464
31.9901
33.9874
33.1211
32.4645
31.9902
33.9893
33.1212
32.4652
31.9894
33.9825
33.1209
32.4668
31.9937
33.993
33.1291
32.4712
31.9957
28.1767
27.4598
26.9186
26.5334
28.1676
27.4528
26.915
26.532
28.1729
27.4527
26.9135
26.5284
28.1707
27.4522
26.9127
26.529
28.1684
27.4509
26.9119
26.5288
28.1657
27.4491
26.9108
26.5281
28.1628
27.447
26.9093
26.5271
28.1599
27.4447
26.9076
26.5258
28.1573
27.4426
26.906
26.5246
28.1552
27.441
26.9049
26.5239
28.1547
27.4407
26.9047
26.5239
28.1556
27.4415
26.9055
26.5247
28.1572
27.443
26.9067
26.5258
28.1591
27.4445
26.908
26.5271
28.1611
27.4461
26.9092
26.5281
28.163
27.4473
26.9101
26.5287
28.1647
27.4482
26.9106
26.5288
28.1663
27.4483
26.9112
26.5282
28.1607
27.448
26.9126
26.5318
28.1695
27.4549
26.916
26.5331
23.2586
22.6664
22.2234
21.9131
23.2511
22.6606
22.2206
21.9122
23.2554
22.6606
22.2194
21.9092
23.2536
22.6602
22.2187
21.9097
23.2516
22.6591
22.2181
21.9096
23.2494
22.6576
22.2171
21.909
23.247
22.6558
22.2159
21.9081
23.2446
22.654
22.2145
21.9071
23.2425
22.6522
22.2132
21.9062
23.2408
22.651
22.2123
21.9056
23.2404
22.6507
22.2122
21.9057
23.2412
22.6514
22.2129
21.9064
23.2426
22.6527
22.214
21.9074
23.2442
22.6541
22.2152
21.9085
23.2459
22.6554
22.2162
21.9094
23.2475
22.6565
22.217
21.91
23.2489
22.6572
22.2174
21.9102
23.2503
22.6573
22.218
21.9097
23.2457
22.6572
22.2191
21.9127
23.2531
22.6628
22.2219
21.9136
19.1291
18.6406
18.2784
18.0284
19.1228
18.6359
18.2761
18.0278
19.1264
18.6358
18.2751
18.0254
19.1249
18.6355
18.2746
18.0258
19.1233
18.6346
18.2741
18.0257
19.1214
18.6334
18.2733
18.0253
19.1195
18.632
18.2723
18.0245
19.1176
18.6305
18.2712
18.0237
19.1159
18.6291
18.2702
18.023
19.1145
18.6281
18.2695
18.0226
19.1142
18.6279
18.2695
18.0227
19.115
18.6286
18.2701
18.0233
19.1162
18.6297
18.2711
18.0242
19.1176
18.6309
18.2721
18.0252
19.119
18.632
18.273
18.0261
19.1204
18.633
18.2737
18.0266
19.1217
18.6337
18.2741
18.0268
19.1229
18.6338
18.2746
18.0264
19.1191
18.6337
18.2756
18.0289
19.1252
18.6383
18.2777
18.0295
15.6794
15.2771
14.9812
14.7798
15.6743
15.2732
14.9794
14.7793
15.6772
15.2732
14.9786
14.7774
15.6759
15.2729
14.9781
14.7777
15.6746
15.2722
14.9777
14.7777
15.6731
15.2712
14.9771
14.7773
15.6716
15.2701
14.9763
14.7767
15.6701
15.2689
14.9754
14.7761
15.6687
15.2678
14.9746
14.7755
15.6677
15.2671
14.9741
14.7752
15.6675
15.267
14.9742
14.7753
15.6682
15.2676
14.9747
14.7759
15.6693
15.2686
14.9756
14.7768
15.6705
15.2697
14.9765
14.7776
15.6718
15.2707
14.9773
14.7784
15.673
15.2715
14.978
14.7789
15.674
15.2721
14.9783
14.7791
15.6751
15.2723
14.9788
14.7788
15.672
15.2722
14.9796
14.7808
15.6771
15.276
14.9813
14.7813
12.8115
12.4806
12.239
12.0765
12.8073
12.4774
12.2375
12.0762
12.8096
12.4774
12.2369
12.0747
12.8086
12.4772
12.2365
12.075
12.8075
12.4766
12.2362
12.0749
12.8063
12.4758
12.2357
12.0747
12.8051
12.475
12.2351
12.0742
12.8039
12.474
12.2344
12.0737
12.8029
12.4732
12.2338
12.0733
12.8021
12.4726
12.2334
12.0731
12.802
12.4726
12.2335
12.0732
12.8027
12.4732
12.2341
12.0737
12.8036
12.4741
12.2348
12.0745
12.8047
12.475
12.2356
12.0752
12.8058
12.4759
12.2364
12.0759
12.8069
12.4767
12.2369
12.0763
12.8078
12.4772
12.2372
12.0765
12.8087
12.4774
12.2376
12.0763
12.8063
12.4773
12.2383
12.0779
12.8105
12.4805
12.2397
12.0782
10.4378
10.166
9.96877
9.83764
10.4343
10.1634
9.96761
9.83743
10.4362
10.1634
9.96709
9.83617
10.4354
10.1632
9.96682
9.83644
10.4345
10.1628
9.96658
9.83642
10.4335
10.1621
9.96621
9.83622
10.4325
10.1614
9.96572
9.83588
10.4316
10.1607
9.96519
9.83548
10.4308
10.1601
9.96472
9.83514
10.4302
10.1597
9.96447
9.835
10.4302
10.1597
9.96458
9.83515
10.4308
10.1603
9.96506
9.8356
10.4316
10.1611
9.96573
9.83623
10.4326
10.1619
9.96643
9.83688
10.4336
10.1627
9.96706
9.83743
10.4345
10.1633
9.96754
9.8378
10.4354
10.1638
9.96785
9.83796
10.4362
10.164
9.96817
9.83778
10.4343
10.164
9.96872
9.83911
10.4377
10.1666
9.96989
9.83934
8.48119
8.25825
8.09732
7.9913
8.47831
8.25613
8.09638
7.99114
8.47983
8.25613
8.09596
7.99013
8.4791
8.25598
8.09574
7.99037
8.47836
8.25559
8.09556
7.99037
8.47755
8.25509
8.09526
7.99022
8.47675
8.25452
8.09488
7.98995
8.47598
8.25396
8.09447
7.98965
8.47533
8.25346
8.09412
7.98938
8.4749
8.25317
8.09394
7.98928
8.47494
8.25327
8.09406
7.98942
8.47547
8.25376
8.09447
7.9898
8.47621
8.25443
8.09504
7.99031
8.47706
8.25515
8.09564
7.99084
8.47793
8.25583
8.09618
7.99129
8.47878
8.25641
8.09658
7.99159
8.47953
8.25685
8.09685
7.99171
8.48025
8.25702
8.09712
7.99155
8.47872
8.25703
8.09757
7.99261
8.48159
8.25916
8.09853
7.99279
6.87442
6.69182
6.56054
6.47472
6.87205
6.69009
6.55978
6.47459
6.87325
6.69008
6.55944
6.47379
6.87261
6.68994
6.55926
6.47399
6.87195
6.6896
6.55911
6.474
6.87125
6.68918
6.55887
6.47388
6.87057
6.68872
6.55857
6.47368
6.86992
6.68826
6.55824
6.47343
6.86938
6.68786
6.55796
6.47322
6.86903
6.68764
6.55783
6.47314
6.86907
6.68773
6.55793
6.47325
6.8695
6.68814
6.55828
6.47355
6.87013
6.68871
6.55875
6.47396
6.87085
6.68932
6.55924
6.47437
6.8716
6.68989
6.55968
6.47472
6.87233
6.69039
6.56001
6.47494
6.87299
6.69076
6.56023
6.47502
6.87361
6.69092
6.56044
6.47487
6.87241
6.69095
6.56081
6.47571
6.87477
6.6927
6.5616
6.47585
5.55952
5.41016
5.30307
5.23349
5.55757
5.40873
5.30244
5.23338
5.55849
5.4087
5.30216
5.23274
5.5579
5.40856
5.30201
5.23291
5.5573
5.40825
5.30187
5.23292
5.55667
5.40788
5.30167
5.23283
5.55605
5.40748
5.30141
5.23266
5.55548
5.40708
5.30114
5.23245
5.55499
5.40675
5.30091
5.23228
5.55466
5.40655
5.30079
5.2322
5.55465
5.40661
5.30086
5.23227
5.55498
5.40693
5.30113
5.2325
5.55546
5.40738
5.3015
5.2328
5.55604
5.40786
5.30188
5.23312
5.55664
5.40832
5.30222
5.23337
5.55724
5.40872
5.30248
5.23352
5.5578
5.40903
5.30265
5.23355
5.55833
5.40917
5.30281
5.23341
5.55738
5.40919
5.3031
5.23407
5.55931
5.41063
5.30375
5.23418
4.48698
4.36486
4.27746
4.22092
4.48536
4.36368
4.27693
4.22083
4.48604
4.36362
4.2767
4.22031
4.48549
4.36347
4.27656
4.22045
4.48492
4.36318
4.27643
4.22046
4.48431
4.36283
4.27624
4.22037
4.48372
4.36245
4.27601
4.22023
4.48317
4.36209
4.27577
4.22005
4.4827
4.36177
4.27555
4.21989
4.48234
4.36157
4.27543
4.2198
4.48225
4.36157
4.27546
4.21984
4.48244
4.36178
4.27564
4.21999
4.48276
4.3621
4.27591
4.22021
4.48317
4.36246
4.27619
4.22043
4.48362
4.3628
4.27644
4.22061
4.48408
4.3631
4.27662
4.2207
4.48452
4.36334
4.27673
4.22069
4.48495
4.36344
4.27685
4.22055
4.48419
4.36346
4.27708
4.22106
4.48576
4.36463
4.27761
4.22115
3.61483
3.51492
3.44346
3.39731
3.61348
3.51393
3.44301
3.39722
3.61396
3.51385
3.4428
3.39681
3.61342
3.51367
3.44266
3.39692
3.61285
3.51337
3.44253
3.39691
3.61224
3.51302
3.44234
3.39683
3.61165
3.51265
3.44211
3.39669
3.61108
3.51228
3.44187
3.39653
3.61057
3.51195
3.44166
3.39637
3.61017
3.51171
3.44151
3.39628
3.60997
3.51164
3.44149
3.39628
3.61
3.51174
3.44159
3.39637
3.61015
3.51193
3.44177
3.39652
3.61038
3.51216
3.44195
3.39666
3.61067
3.51239
3.44211
3.39677
3.61099
3.51259
3.44223
3.39681
3.61131
3.51275
3.44229
3.39677
3.61164
3.51281
3.44237
3.39663
3.61101
3.51281
3.44253
3.39703
3.61229
3.51376
3.44296
3.3971
2.90771
2.82579
2.76715
2.72921
2.90657
2.82495
2.76675
2.72912
2.90687
2.82483
2.76656
2.72878
2.90633
2.82462
2.76642
2.72886
2.90574
2.8243
2.76627
2.72884
2.90511
2.82393
2.76607
2.72876
2.90448
2.82354
2.76583
2.72862
2.90388
2.82315
2.76558
2.72846
2.90331
2.82279
2.76535
2.7283
2.90282
2.82249
2.76517
2.7282
2.9025
2.82234
2.7651
2.72817
2.90237
2.82232
2.76512
2.72822
2.90236
2.82239
2.76521
2.7283
2.90242
2.8225
2.76531
2.72839
2.90256
2.82262
2.7654
2.72844
2.90274
2.82273
2.76545
2.72845
2.90294
2.82282
2.76547
2.72839
2.90317
2.82284
2.76551
2.72825
2.90265
2.82283
2.76563
2.72855
2.90367
2.8236
2.76598
2.72862
2.33589
2.2685
2.22016
2.18869
2.33491
2.26778
2.21981
2.18859
2.33507
2.26763
2.21962
2.18831
2.33451
2.26738
2.21947
2.18836
2.33388
2.26703
2.21929
2.18832
2.33321
2.26662
2.21907
2.18823
2.33254
2.2662
2.21881
2.18809
2.33187
2.26577
2.21854
2.18793
2.33124
2.26536
2.21829
2.18777
2.33066
2.265
2.21808
2.18765
2.33022
2.26476
2.21795
2.1876
2.32994
2.26465
2.21791
2.18761
2.32977
2.26461
2.21792
2.18766
2.32969
2.26461
2.21795
2.1877
2.32968
2.26463
2.21798
2.18772
2.32974
2.26466
2.21799
2.1877
2.32984
2.2647
2.21798
2.18763
2.32998
2.26468
2.21799
2.18751
2.32954
2.26466
2.21807
2.18773
2.33036
2.26527
2.21836
2.18779
1.87443
1.81886
1.77886
1.75256
1.87359
1.81824
1.77855
1.75245
1.87362
1.81806
1.77836
1.75221
1.87303
1.81777
1.77818
1.75223
1.87238
1.81738
1.77798
1.75218
1.87167
1.81694
1.77774
1.75207
1.87094
1.81647
1.77746
1.75193
1.87021
1.816
1.77716
1.75177
1.8695
1.81554
1.77688
1.75161
1.86884
1.81513
1.77664
1.75149
1.86829
1.81481
1.77647
1.75142
1.86788
1.81461
1.77638
1.75141
1.86758
1.81448
1.77633
1.75142
1.86738
1.81439
1.77631
1.75144
1.86726
1.81434
1.77629
1.75144
1.86722
1.81431
1.77626
1.75141
1.86723
1.81429
1.77623
1.75134
1.8673
1.81426
1.77622
1.75123
1.86692
1.81421
1.77627
1.75141
1.86757
1.81471
1.77651
1.75146
1.50254
1.45675
1.42364
1.40163
1.50181
1.4562
1.42335
1.40151
1.50174
1.456
1.42316
1.40131
1.50115
1.45568
1.42297
1.4013
1.50047
1.45527
1.42275
1.40123
1.49972
1.45479
1.42248
1.40112
1.49895
1.45429
1.42218
1.40097
1.49817
1.45378
1.42188
1.40081
1.49741
1.45329
1.42158
1.40066
1.49668
1.45283
1.42131
1.40054
1.49605
1.45246
1.42111
1.40047
1.49555
1.45218
1.42097
1.40044
1.49515
1.45198
1.42089
1.40044
1.49485
1.45183
1.42082
1.40044
1.49465
1.45172
1.42077
1.40043
1.49453
1.45164
1.42073
1.4004
1.49447
1.45159
1.42068
1.40035
1.49448
1.45153
1.42066
1.40026
1.49415
1.45148
1.42069
1.4004
1.49466
1.45188
1.42088
1.40046
1.20309
1.16554
1.13825
1.11999
1.20246
1.16506
1.13799
1.11987
1.20232
1.16484
1.13781
1.1197
1.20174
1.16451
1.13761
1.11967
1.20105
1.16409
1.13738
1.11959
1.2003
1.1636
1.1371
1.11948
1.19952
1.16309
1.1368
1.11934
1.19872
1.16256
1.13649
1.11919
1.19792
1.16205
1.13618
1.11904
1.19716
1.16156
1.13591
1.11893
1.19648
1.16116
1.13569
1.11886
1.19592
1.16083
1.13553
1.11883
1.19546
1.16058
1.13541
1.11882
1.1951
1.16039
1.13533
1.11883
1.19483
1.16024
1.13526
1.11882
1.19466
1.16013
1.1352
1.1188
1.19455
1.16005
1.13514
1.11877
1.19451
1.15998
1.13512
1.1187
1.19422
1.15992
1.13514
1.11882
1.19461
1.16023
1.13529
1.11887
0.962194
0.931639
0.909345
0.894427
0.961652
0.931227
0.909117
0.894323
0.961483
0.931011
0.90895
0.894171
0.960924
0.930689
0.908757
0.894138
0.960267
0.930272
0.908529
0.89406
0.95954
0.929801
0.908261
0.893951
0.958775
0.929297
0.907968
0.893823
0.957992
0.928783
0.907667
0.89369
0.95721
0.928275
0.907372
0.893566
0.956451
0.927795
0.907104
0.893469
0.955764
0.927377
0.906883
0.893408
0.955181
0.927037
0.906716
0.893384
0.954695
0.926763
0.90659
0.893385
0.954305
0.926544
0.906494
0.893395
0.954007
0.926373
0.906418
0.893401
0.953794
0.926243
0.906353
0.893397
0.953654
0.926147
0.906298
0.89338
0.953583
0.926065
0.906268
0.893338
0.953318
0.926003
0.906281
0.893437
0.95361
0.926239
0.906398
0.893481
0.768726
0.744056
0.72601
0.714013
0.768273
0.743708
0.725818
0.713926
0.768095
0.743508
0.725671
0.713803
0.767589
0.743212
0.725498
0.713776
0.766988
0.74283
0.725291
0.71371
0.76632
0.742397
0.725049
0.713621
0.765614
0.741934
0.724785
0.713517
0.764889
0.741459
0.724513
0.713409
0.764161
0.740987
0.724247
0.713312
0.76345
0.740538
0.724002
0.713237
0.7628
0.740142
0.723797
0.713194
0.76224
0.739811
0.723638
0.713184
0.761766
0.739539
0.723517
0.713195
0.761378
0.739317
0.723421
0.713215
0.761075
0.73914
0.723345
0.713231
0.760852
0.739002
0.723281
0.713239
0.760698
0.738899
0.723227
0.713235
0.76061
0.738814
0.723196
0.713208
0.760376
0.738749
0.723201
0.713291
0.760586
0.738925
0.723287
0.713324
0.613776
0.593931
0.579415
0.569846
0.613403
0.593644
0.579257
0.56978
0.61324
0.593471
0.579137
0.569688
0.612804
0.593217
0.578994
0.569676
0.612284
0.592889
0.578823
0.569634
0.611705
0.592516
0.578621
0.569574
0.611094
0.592117
0.578401
0.569502
0.610467
0.591708
0.578173
0.569427
0.609835
0.591301
0.57795
0.569361
0.609215
0.590911
0.577744
0.569313
0.608645
0.590563
0.577571
0.569291
0.608149
0.59027
0.577434
0.569296
0.607726
0.590025
0.577328
0.569318
0.607376
0.589821
0.577243
0.569344
0.607099
0.589656
0.577173
0.569366
0.606893
0.589526
0.577113
0.569377
0.606749
0.589427
0.577063
0.569376
0.606664
0.589346
0.577031
0.569355
0.606466
0.589285
0.577029
0.569421
0.606619
0.589414
0.57709
0.569442
0.490055
0.474093
0.462463
0.454841
0.489754
0.473862
0.462339
0.454794
0.48962
0.473724
0.462248
0.454733
0.489266
0.473522
0.462141
0.454739
0.488846
0.47326
0.462011
0.454725
0.488381
0.472963
0.461858
0.454697
0.487893
0.472647
0.461691
0.454658
0.487396
0.472324
0.461517
0.454616
0.486897
0.472002
0.461347
0.45458
0.486407
0.471694
0.461189
0.454557
0.485955
0.471419
0.461057
0.454555
0.485563
0.471187
0.460954
0.454572
0.485227
0.470991
0.460872
0.454599
0.484949
0.470828
0.460805
0.454625
0.484732
0.470694
0.460747
0.454644
0.484573
0.470587
0.460696
0.454649
0.484465
0.470506
0.46065
0.454642
0.484404
0.47044
0.46062
0.454617
0.484251
0.470388
0.460613
0.454663
0.484372
0.470489
0.460657
0.454675
0.391484
0.378689
0.369457
0.363433
0.391249
0.37851
0.369364
0.363402
0.391154
0.37841
0.369301
0.363365
0.390891
0.378263
0.369228
0.363387
0.390582
0.378073
0.36914
0.363394
0.390247
0.37786
0.369036
0.36339
0.389905
0.377636
0.368922
0.363377
0.389562
0.377411
0.368805
0.36336
0.389223
0.37719
0.368691
0.363346
0.388892
0.37698
0.368587
0.36334
0.388591
0.376796
0.368501
0.363349
0.388332
0.376643
0.368436
0.363371
0.388115
0.376516
0.368385
0.363396
0.387942
0.37641
0.368341
0.363416
0.387814
0.376325
0.368302
0.363423
0.387729
0.376258
0.368263
0.363416
0.387681
0.376208
0.368227
0.363396
0.387665
0.376167
0.3682
0.363362
0.387565
0.376133
0.368193
0.363385
0.387675
0.376219
0.368227
0.363391
0.313039
0.302932
0.295777
0.291172
0.312866
0.302803
0.295713
0.291155
0.312818
0.302741
0.295674
0.291133
0.312648
0.302648
0.29563
0.291159
0.312457
0.30253
0.295579
0.291176
0.312261
0.302402
0.295518
0.291183
0.312073
0.302274
0.295454
0.291182
0.311897
0.302151
0.295389
0.291177
0.311733
0.302037
0.295329
0.291172
0.311579
0.301934
0.295278
0.291174
0.311447
0.30185
0.29524
0.291185
0.311343
0.301788
0.295217
0.291204
0.311265
0.301741
0.2952
0.291223
0.311216
0.301706
0.295186
0.291233
0.311197
0.301683
0.29517
0.291228
0.311205
0.301668
0.295151
0.291208
0.311232
0.30166
0.295129
0.291176
0.311273
0.301652
0.295113
0.291133
0.311232
0.301643
0.29511
0.291139
0.311345
0.301723
0.29514
0.291141
0.250748
0.242974
0.237638
0.234344
0.250632
0.242889
0.237601
0.234339
0.250632
0.242863
0.237581
0.234323
0.250554
0.242821
0.237561
0.234345
0.250478
0.24277
0.23754
0.234359
0.250417
0.242722
0.237518
0.234366
0.250379
0.242685
0.237496
0.234366
0.250366
0.242661
0.23748
0.234363
0.250374
0.242651
0.237471
0.234362
0.250394
0.242653
0.237471
0.234367
0.250429
0.24267
0.237482
0.23438
0.250479
0.2427
0.237502
0.234398
0.250543
0.242737
0.237525
0.234414
0.250621
0.242779
0.237546
0.234421
0.250714
0.242823
0.237561
0.234414
0.250817
0.242866
0.23757
0.234392
0.250922
0.242905
0.237571
0.234358
0.25102
0.242934
0.23757
0.234316
0.251034
0.242951
0.237576
0.234313
0.251155
0.243033
0.237607
0.234313
0.201639
0.1958
0.191967
0.189792
0.20157
0.195752
0.191952
0.189798
0.201615
0.195756
0.191948
0.189785
0.201616
0.19576
0.191949
0.1898
0.201639
0.195768
0.191955
0.18981
0.201694
0.195791
0.191966
0.189815
0.201784
0.195833
0.191984
0.189817
0.201909
0.195895
0.192013
0.189821
0.20206
0.195977
0.192053
0.189829
0.202228
0.196073
0.192104
0.189846
0.202404
0.19618
0.192165
0.189872
0.202586
0.196295
0.192232
0.189903
0.20277
0.19641
0.192299
0.189933
0.202956
0.196522
0.192361
0.189954
0.203143
0.196629
0.192415
0.189964
0.203325
0.196727
0.192458
0.189959
0.203492
0.196812
0.192488
0.189943
0.203636
0.196875
0.19251
0.189917
0.203693
0.196917
0.192531
0.18992
0.203818
0.196999
0.192564
0.189921
0.163527
0.159119
0.156356
0.154968
0.163492
0.159097
0.156356
0.154982
0.163569
0.159126
0.156367
0.154973
0.163629
0.159167
0.156387
0.154988
0.163726
0.159222
0.156418
0.155
0.163862
0.1593
0.15646
0.155012
0.164043
0.159404
0.156515
0.155027
0.164262
0.159534
0.156586
0.15505
0.164513
0.159686
0.156673
0.155082
0.164781
0.159855
0.156773
0.155126
0.165055
0.160033
0.156882
0.155181
0.165327
0.160213
0.156995
0.155242
0.165592
0.160389
0.157106
0.155304
0.16585
0.160557
0.157211
0.15536
0.166099
0.160714
0.157305
0.155405
0.16633
0.160855
0.157385
0.155437
0.166534
0.160974
0.157449
0.155455
0.166704
0.161064
0.157497
0.155459
0.166785
0.161125
0.157534
0.155479
0.166908
0.161207
0.15757
0.155486
0.134764
0.131225
0.129015
0.127973
0.134747
0.131216
0.129022
0.127991
0.134842
0.131262
0.129043
0.127988
0.134938
0.131327
0.12908
0.128007
0.135077
0.131414
0.129132
0.128028
0.135259
0.131529
0.1292
0.128055
0.135488
0.131673
0.129286
0.12809
0.135756
0.131846
0.129392
0.128139
0.136057
0.132044
0.129515
0.128202
0.136375
0.132258
0.129653
0.128279
0.136698
0.132479
0.1298
0.128367
0.137015
0.132699
0.129949
0.128462
0.137321
0.132912
0.130094
0.128559
0.137612
0.133114
0.130233
0.128651
0.137887
0.133301
0.130359
0.128735
0.138137
0.133468
0.130471
0.128806
0.138353
0.133608
0.130562
0.128862
0.138529
0.133714
0.130631
0.128898
0.138619
0.133786
0.130683
0.128938
0.138738
0.133868
0.130727
0.128955
0.114066
0.110867
0.108658
0.107389
0.114052
0.110859
0.108661
0.107401
0.114153
0.110912
0.108688
0.1074
0.114264
0.11099
0.108734
0.107423
0.114419
0.111093
0.108798
0.107451
0.114616
0.111225
0.108882
0.10749
0.114857
0.111387
0.108986
0.107542
0.115137
0.111578
0.10911
0.107609
0.115446
0.111793
0.109253
0.107692
0.115773
0.112022
0.109409
0.107787
0.116104
0.112257
0.109571
0.107892
0.116429
0.112489
0.109735
0.108002
0.11674
0.112713
0.109894
0.108113
0.117034
0.112924
0.110046
0.108223
0.117308
0.113119
0.110187
0.108326
0.117554
0.113293
0.110313
0.108419
0.117764
0.113439
0.110419
0.108498
0.117933
0.113551
0.110501
0.108556
0.118023
0.113628
0.110563
0.108612
0.118142
0.113716
0.110619
0.108643
0.100106
0.0970003
0.0943009
0.0919031
0.10009
0.0969859
0.0942848
0.0918835
0.100186
0.0970384
0.0943119
0.0918814
0.100295
0.0971165
0.0943593
0.0919042
0.100443
0.0972198
0.0944261
0.091936
0.10063
0.0973504
0.094512
0.0919794
0.100853
0.0975085
0.0946172
0.0920357
0.101111
0.097692
0.0947405
0.0921051
0.101396
0.0978958
0.0948786
0.0921858
0.101697
0.0981121
0.0950264
0.0922749
0.102003
0.0983324
0.0951786
0.0923691
0.102304
0.0985494
0.0953302
0.0924658
0.102592
0.0987581
0.095478
0.0925632
0.102865
0.0989555
0.0956195
0.0926601
0.103117
0.0991383
0.0957524
0.0927544
0.103342
0.0993017
0.0958728
0.0928429
0.103533
0.0994398
0.0959759
0.0929211
0.103684
0.0995468
0.0960595
0.0929838
0.103766
0.0996235
0.0961255
0.0930472
0.103881
0.0997166
0.0962022
0.0931134
0.089699
0.0867244
0.0835263
0.0796458
0.0896811
0.0866964
0.0834943
0.0795824
0.0897615
0.0867408
0.0835177
0.0795812
0.089855
0.086809
0.083559
0.0796031
0.0899811
0.0868988
0.0836163
0.0796323
0.0901385
0.087011
0.0836882
0.0796695
0.0903257
0.0871445
0.0837736
0.079714
0.0905396
0.0872965
0.0838701
0.079764
0.090775
0.0874629
0.083975
0.0798172
0.0910245
0.0876383
0.0840848
0.0798717
0.0912801
0.0878169
0.0841964
0.0799264
0.0915336
0.0879934
0.0843074
0.0799811
0.0917779
0.0881638
0.0844159
0.0800367
0.0920082
0.0883251
0.0845209
0.080094
0.0922193
0.0884745
0.0846211
0.0801531
0.092406
0.0886084
0.0847137
0.0802122
0.092563
0.0887223
0.084795
0.0802676
0.092687
0.0888121
0.0848632
0.0803154
0.0927547
0.0888784
0.0849191
0.08037
0.0928581
0.0889757
0.0850052
0.0804753
0.0718949
0.0663962
0.0641483
0.0649871
0.0717968
0.0663528
0.0641474
0.0650431
0.0718594
0.0663847
0.0641607
0.0650385
0.0719484
0.066433
0.0641778
0.0650294
0.072068
0.0664967
0.0641995
0.0650141
0.0722154
0.0665745
0.0642248
0.0649927
0.0723886
0.066664
0.0642512
0.0649624
0.0725843
0.0667629
0.0642768
0.0649213
0.0727974
0.0668686
0.0643008
0.0648702
0.0730213
0.0669786
0.0643242
0.0648129
0.0732494
0.067091
0.0643485
0.0647549
0.073474
0.0672028
0.0643749
0.0647011
0.0736867
0.0673106
0.0644034
0.0646553
0.0738819
0.0674118
0.064434
0.06462
0.0740556
0.0675043
0.0644664
0.064597
0.0742046
0.0675864
0.0644994
0.0645857
0.0743278
0.0676562
0.0645306
0.0645828
0.0744265
0.0677128
0.0645578
0.0645827
0.0744937
0.0677547
0.0645772
0.0645841
0.0746819
0.0678527
0.0646095
0.0645424
)
;

boundaryField
{
    inlet
    {
        type            calculated;
        value           nonuniform List<scalar> 
80
(
6520.54
6515.85
6513.25
6511.89
6511.24
6510.99
6510.95
6511.03
6511.18
6511.43
6511.43
6511.18
6511.03
6510.95
6510.99
6511.25
6511.9
6513.26
6515.85
6520.54
3995.08
3991.81
3990.27
3989.61
3989.33
3989.2
3989.07
3988.89
3988.64
3988.39
3988.39
3988.64
3988.89
3989.07
3989.2
3989.33
3989.61
3990.28
3991.81
3995.08
3463.52
3458.65
3457.45
3457.15
3457.02
3456.85
3456.54
3456.09
3455.55
3455.08
3455.08
3455.55
3456.09
3456.54
3456.85
3457.02
3457.15
3457.45
3458.65
3463.52
5104.86
5101.04
5100.22
5099.95
5099.66
5099.24
5098.66
5097.97
5097.27
5096.74
5096.74
5097.27
5097.97
5098.66
5099.24
5099.66
5099.95
5100.22
5101.03
5104.86
)
;
    }
    outlet
    {
        type            calculated;
        value           nonuniform List<scalar> 
80
(
0.0601163
0.0601434
0.0602074
0.0603152
0.0604576
0.0606312
0.0608329
0.061058
0.0612992
0.0615469
0.0617937
0.0620309
0.0622492
0.0624442
0.0626135
0.062756
0.0628726
0.0629678
0.0630495
0.0630987
0.0511448
0.0511688
0.0511958
0.0512363
0.05129
0.0513541
0.0514253
0.051501
0.0515792
0.0516584
0.0517382
0.0518169
0.0518913
0.0519591
0.0520195
0.052072
0.0521165
0.0521539
0.0521852
0.0521865
0.0504665
0.0504751
0.0504761
0.0504735
0.0504695
0.0504618
0.0504472
0.0504239
0.0503934
0.0503598
0.0503281
0.0503015
0.0502803
0.0502646
0.0502545
0.0502499
0.0502492
0.0502486
0.0502466
0.0502333
0.0578447
0.0578565
0.0578382
0.0577994
0.0577472
0.0576791
0.0575908
0.0574807
0.0573532
0.0572174
0.0570836
0.0569602
0.0568514
0.0567592
0.0566856
0.0566311
0.056592
0.0565596
0.0565256
0.0564842
)
;
    }
    inner-wall
    {
        type            calculated;
        value           nonuniform List<scalar> 
1600
(
7338.56
7281.22
7277.76
7276.09
7275.3
7275.1
7275.3
7275.82
7276.57
7277.39
7277.39
7276.57
7275.82
7275.3
7275.1
7275.3
7276.09
7277.76
7281.22
7338.57
3861.12
3874.91
3869.22
3867.81
3867.07
3866.71
3866.65
3866.86
3867.35
3868.83
3868.83
3867.35
3866.86
3866.65
3866.71
3867.07
3867.81
3869.22
3874.91
3861.12
4052.43
4074.29
4068.79
4068.05
4067.48
4067.06
4066.81
4066.86
4067.36
4069.4
4069.4
4067.36
4066.86
4066.81
4067.06
4067.48
4068.05
4068.79
4074.29
4052.43
5551.84
5566.58
5561.87
5561.51
5561.2
5560.97
5560.87
5561.02
5561.59
5563.62
5563.62
5561.59
5561.02
5560.87
5560.97
5561.2
5561.51
5561.87
5566.58
5551.84
6863.7
6875.81
6871.31
6871.09
6870.91
6870.86
6870.95
6871.28
6871.96
6874
6874
6871.96
6871.28
6870.96
6870.86
6870.91
6871.09
6871.31
6875.81
6863.7
7720.79
7733.84
7729.5
7729.5
7729.51
7729.69
7730.03
7730.57
7731.41
7733.5
7733.5
7731.41
7730.57
7730.04
7729.69
7729.52
7729.51
7729.51
7733.84
7720.8
8126.71
8141.86
8137.78
8138.15
8138.5
8139.04
8139.74
8140.58
8141.63
8143.81
8143.81
8141.63
8140.58
8139.74
8139.05
8138.51
8138.15
8137.78
8141.86
8126.72
8119.23
8136.41
8132.69
8133.55
8134.42
8135.48
8136.67
8137.93
8139.29
8141.58
8141.58
8139.29
8137.93
8136.67
8135.48
8134.42
8133.55
8132.7
8136.42
8119.23
7736.33
7755.16
7751.9
7753.32
7754.82
7756.53
7758.34
7760.15
7761.9
7764.33
7764.33
7761.9
7760.15
7758.35
7756.53
7754.83
7753.32
7751.9
7755.16
7736.33
7021.74
7042
7039.26
7041.25
7043.43
7045.84
7048.33
7050.73
7052.92
7055.49
7055.49
7052.92
7050.73
7048.33
7045.84
7043.43
7041.25
7039.26
7042
7021.74
6043.21
6065.02
6062.8
6065.29
6068.07
6071.11
6074.22
6077.19
6079.78
6082.46
6082.46
6079.78
6077.19
6074.22
6071.11
6068.07
6065.29
6062.8
6065.02
6043.21
4923.66
4946.92
4945.17
4948.03
4951.27
4954.79
4958.38
4961.77
4964.66
4967.32
4967.32
4964.66
4961.77
4958.38
4954.79
4951.27
4948.03
4945.17
4946.92
4923.66
3866.93
3889.84
3888.49
3891.53
3895.05
3898.86
3902.71
3906.32
3909.32
3911.78
3911.78
3909.32
3906.32
3902.71
3898.85
3895.05
3891.53
3888.49
3889.83
3866.93
3096.5
3114.61
3113.53
3116.37
3119.76
3123.43
3127.14
3130.56
3133.31
3135.33
3135.33
3133.31
3130.56
3127.14
3123.43
3119.75
3116.37
3113.53
3114.61
3096.5
2642.33
2652.57
2651.48
2653.53
2656.1
2658.91
2661.76
2664.36
2666.41
2667.8
2667.8
2666.41
2664.36
2661.75
2658.91
2656.09
2653.53
2651.48
2652.57
2642.32
2283.29
2288.42
2287.1
2288.1
2289.44
2290.95
2292.5
2293.95
2295.11
2295.94
2295.94
2295.11
2293.94
2292.5
2290.95
2289.44
2288.09
2287.1
2288.41
2283.28
1862.85
1867.72
1866.22
1866.42
1866.77
1867.18
1867.65
1868.15
1868.63
1869.13
1869.13
1868.63
1868.15
1867.65
1867.18
1866.76
1866.42
1866.22
1867.71
1862.84
1450.72
1457.69
1456.21
1456.14
1456.08
1456.03
1456.01
1456.09
1456.27
1456.7
1456.7
1456.26
1456.08
1456.01
1456.02
1456.08
1456.13
1456.2
1457.68
1450.71
1181.41
1189.21
1187.89
1187.89
1187.88
1187.84
1187.83
1187.88
1188.03
1188.51
1188.51
1188.03
1187.88
1187.82
1187.84
1187.87
1187.88
1187.88
1189.2
1181.4
1044.38
1051.24
1050.07
1050.1
1050.13
1050.14
1050.16
1050.23
1050.37
1050.82
1050.82
1050.37
1050.23
1050.16
1050.14
1050.12
1050.1
1050.06
1051.23
1044.37
942.799
948.788
947.755
947.779
947.793
947.805
947.829
947.89
948.014
948.382
948.381
948.011
947.887
947.824
947.8
947.787
947.772
947.747
948.78
942.791
854.513
859.833
859.005
859.105
859.208
859.322
859.45
859.597
859.767
860.075
860.074
859.765
859.594
859.446
859.317
859.203
859.099
858.999
859.826
854.506
797.963
802.173
801.56
801.754
801.978
802.224
802.478
802.728
802.955
803.217
803.217
802.954
802.726
802.475
802.22
801.974
801.749
801.555
802.168
797.958
760.116
763.07
762.589
762.779
763.011
763.265
763.525
763.771
763.982
764.19
764.189
763.981
763.77
763.523
763.263
763.009
762.776
762.587
763.068
760.113
714.334
716.446
716.023
716.132
716.273
716.43
716.592
716.749
716.887
717.037
717.037
716.887
716.748
716.592
716.43
716.273
716.132
716.022
716.446
714.334
654.548
656.285
655.897
655.928
655.971
656.02
656.074
656.135
656.2
656.303
656.303
656.2
656.135
656.075
656.021
655.973
655.93
655.9
656.287
654.55
591.226
592.824
592.479
592.467
592.453
592.438
592.428
592.43
592.449
592.521
592.522
592.45
592.432
592.431
592.442
592.457
592.472
592.484
592.829
591.231
535.264
536.756
536.461
536.441
536.411
536.378
536.347
536.329
536.33
536.384
536.384
536.331
536.331
536.351
536.382
536.417
536.447
536.468
536.763
535.272
490.582
491.918
491.673
491.66
491.636
491.608
491.583
491.566
491.565
491.608
491.609
491.567
491.57
491.588
491.615
491.644
491.668
491.682
491.928
490.592
455.178
456.316
456.113
456.108
456.095
456.079
456.065
456.056
456.057
456.093
456.093
456.06
456.06
456.071
456.087
456.104
456.118
456.124
456.327
455.189
424.813
425.749
425.578
425.577
425.57
425.561
425.553
425.55
425.552
425.58
425.581
425.555
425.554
425.56
425.569
425.58
425.588
425.59
425.761
424.826
395.858
396.618
396.472
396.469
396.462
396.454
396.446
396.443
396.444
396.465
396.466
396.447
396.448
396.453
396.462
396.472
396.48
396.485
396.631
395.872
366.455
367.077
366.95
366.942
366.932
366.92
366.91
366.904
366.901
366.917
366.918
366.904
366.909
366.917
366.929
366.942
366.954
366.962
367.09
366.468
336.334
336.852
336.741
336.73
336.716
336.701
336.688
336.678
336.672
336.683
336.684
336.675
336.682
336.694
336.709
336.726
336.741
336.753
336.865
336.347
306.069
306.508
306.411
306.397
306.381
306.364
306.348
306.336
306.328
306.335
306.336
306.331
306.34
306.355
306.372
306.39
306.407
306.422
306.519
306.081
276.398
276.773
276.689
276.674
276.657
276.64
276.624
276.611
276.602
276.606
276.607
276.604
276.614
276.629
276.647
276.665
276.683
276.698
276.782
276.408
247.89
248.21
248.137
248.123
248.107
248.09
248.075
248.062
248.052
248.054
248.055
248.054
248.065
248.079
248.096
248.113
248.13
248.145
248.218
247.898
220.884
221.156
221.094
221.081
221.065
221.05
221.035
221.023
221.014
221.014
221.015
221.015
221.025
221.038
221.054
221.07
221.085
221.099
221.162
220.89
195.561
195.791
195.738
195.725
195.712
195.697
195.684
195.672
195.663
195.663
195.663
195.664
195.673
195.685
195.699
195.714
195.728
195.74
195.794
195.564
172.022
172.216
172.17
172.159
172.146
172.133
172.121
172.11
172.101
172.1
172.1
172.101
172.11
172.121
172.133
172.146
172.159
172.17
172.216
172.022
150.332
150.496
150.456
150.445
150.434
150.422
150.411
150.4
150.392
150.39
150.39
150.391
150.399
150.409
150.42
150.432
150.443
150.453
150.493
150.33
130.532
130.669
130.635
130.625
130.615
130.604
130.594
130.584
130.576
130.574
130.573
130.575
130.582
130.591
130.601
130.611
130.621
130.63
130.664
130.527
112.629
112.744
112.715
112.707
112.697
112.687
112.678
112.669
112.662
112.659
112.659
112.66
112.666
112.674
112.682
112.691
112.7
112.708
112.737
112.622
96.598
96.6942
96.6691
96.6615
96.6529
96.6442
96.6357
96.6277
96.6209
96.6181
96.6173
96.6185
96.624
96.6306
96.6381
96.6458
96.6535
96.6604
96.6851
96.5887
82.3735
82.4538
82.4324
82.4255
82.4179
82.4101
82.4025
82.3953
82.389
82.3861
82.3852
82.3863
82.3909
82.3966
82.403
82.4096
82.4163
82.4223
82.4432
82.3627
69.861
69.9278
69.9096
69.9035
69.8967
69.8898
69.883
69.8765
69.8708
69.868
69.867
69.8678
69.8718
69.8766
69.882
69.8877
69.8934
69.8986
69.9162
69.8492
58.9429
58.9983
58.9829
58.9775
58.9715
58.9654
58.9593
58.9536
58.9484
58.9458
58.9447
58.9454
58.9487
58.9528
58.9574
58.9622
58.967
58.9715
58.9864
58.9307
49.4874
49.5333
49.5202
49.5155
49.5103
49.5049
49.4996
49.4946
49.49
49.4875
49.4865
49.487
49.4898
49.4932
49.4971
49.5011
49.5053
49.5091
49.5216
49.4754
41.3561
41.394
41.383
41.3789
41.3744
41.3697
41.3652
41.3607
41.3568
41.3545
41.3536
41.354
41.3563
41.3592
41.3624
41.3659
41.3693
41.3726
41.3831
41.3449
34.4096
34.4409
34.4316
34.4281
34.4242
34.4203
34.4163
34.4126
34.4092
34.4072
34.4064
34.4067
34.4086
34.411
34.4138
34.4167
34.4196
34.4224
34.4312
34.3997
28.512
28.5377
28.53
28.527
28.5237
28.5204
28.5171
28.5139
28.5111
28.5094
28.5087
28.509
28.5106
28.5126
28.5149
28.5174
28.5199
28.5223
28.5296
28.5037
23.5339
23.555
23.5486
23.5461
23.5434
23.5406
23.5379
23.5353
23.533
23.5316
23.5311
23.5314
23.5327
23.5345
23.5364
23.5385
23.5406
23.5426
23.5487
23.5274
19.3549
19.3722
19.3669
19.3648
19.3625
19.3603
19.3581
19.356
19.3542
19.3531
19.3527
19.353
19.3542
19.3557
19.3573
19.3591
19.3609
19.3626
19.3677
19.3503
15.8645
15.8786
15.8742
15.8725
15.8707
15.8689
15.8672
15.8655
15.864
15.8632
15.863
15.8633
15.8644
15.8656
15.8671
15.8686
15.8702
15.8717
15.8759
15.8616
12.963
12.9746
12.971
12.9696
12.9681
12.9666
12.9652
12.9639
12.9628
12.9622
12.9621
12.9624
12.9634
12.9645
12.9658
12.9671
12.9685
12.9698
12.9733
12.9617
10.5618
10.5712
10.5682
10.567
10.5658
10.5646
10.5635
10.5624
10.5616
10.5611
10.5611
10.5614
10.5623
10.5633
10.5644
10.5656
10.5668
10.568
10.5709
10.5615
8.58251
8.59014
8.58766
8.58663
8.58557
8.58456
8.58363
8.5828
8.5821
8.58178
8.58176
8.5821
8.58285
8.58374
8.58473
8.58578
8.58685
8.58787
8.59035
8.58271
6.95713
6.9633
6.96122
6.96031
6.95937
6.95848
6.95768
6.95696
6.95636
6.95608
6.95606
6.95634
6.95696
6.95772
6.95857
6.95949
6.96043
6.96132
6.96339
6.95722
5.62697
5.63195
5.63018
5.62934
5.62849
5.62767
5.62693
5.62628
5.62571
5.62542
5.62534
5.62552
5.62599
5.62658
5.62728
5.62804
5.62884
5.6296
5.63132
5.62634
4.54198
4.54597
4.54445
4.54367
4.54285
4.54207
4.54135
4.54071
4.54014
4.53978
4.5396
4.53964
4.53992
4.54033
4.54084
4.54144
4.54208
4.5427
4.54411
4.5401
3.65976
3.66294
3.66161
3.66086
3.66006
3.65928
3.65855
3.65787
3.65725
3.65681
3.65649
3.65636
3.65645
3.65665
3.65697
3.65738
3.65786
3.65834
3.65947
3.65624
2.94456
2.94708
2.9459
2.94514
2.94434
2.94353
2.94276
2.94203
2.94134
2.94077
2.94031
2.94
2.93989
2.9399
2.94003
2.94026
2.94058
2.94093
2.94182
2.93923
2.36628
2.36825
2.36718
2.36642
2.36559
2.36474
2.36391
2.3631
2.36232
2.36163
2.36102
2.36055
2.36026
2.36009
2.36005
2.36013
2.36031
2.36054
2.36123
2.35914
1.89961
1.90113
1.90015
1.89937
1.89851
1.89762
1.89673
1.89585
1.89497
1.89417
1.89343
1.89282
1.89238
1.89206
1.89189
1.89185
1.89191
1.89204
1.89256
1.89088
1.5234
1.52457
1.52366
1.52289
1.52201
1.52109
1.52014
1.5192
1.51825
1.51737
1.51653
1.51582
1.51526
1.51484
1.51457
1.51443
1.5144
1.51445
1.51483
1.51347
1.22026
1.22116
1.22033
1.21957
1.2187
1.21777
1.21682
1.21584
1.21487
1.21393
1.21305
1.21227
1.21165
1.21116
1.21082
1.21061
1.21051
1.21049
1.21076
1.20966
0.976165
0.976862
0.976121
0.975408
0.974578
0.973681
0.97275
0.971797
0.970834
0.969903
0.969014
0.968233
0.967586
0.967068
0.966688
0.966434
0.966286
0.966222
0.966411
0.965496
0.779971
0.780517
0.779873
0.77923
0.778474
0.777652
0.776795
0.775914
0.775019
0.774147
0.77331
0.772569
0.771946
0.771439
0.771058
0.770792
0.770624
0.770536
0.770665
0.769901
0.622785
0.623219
0.622677
0.622124
0.621471
0.620761
0.620022
0.619263
0.618488
0.617729
0.616997
0.616348
0.615795
0.615342
0.614998
0.614756
0.614599
0.614515
0.614612
0.613977
0.497293
0.497641
0.497203
0.496754
0.496226
0.495658
0.495073
0.494477
0.49387
0.493273
0.492695
0.492182
0.491745
0.491388
0.491123
0.490943
0.490833
0.490782
0.490875
0.490357
0.397306
0.397591
0.397256
0.396922
0.396535
0.396129
0.395725
0.395323
0.394919
0.394525
0.39414
0.393803
0.39352
0.393298
0.39315
0.393066
0.393035
0.393043
0.393156
0.392748
0.317654
0.317896
0.317663
0.317447
0.317211
0.316981
0.316772
0.316581
0.3164
0.316231
0.316065
0.315925
0.315822
0.315762
0.315754
0.315791
0.315857
0.315939
0.316088
0.315782
0.254281
0.254496
0.254359
0.254261
0.254172
0.254114
0.254096
0.254111
0.254147
0.2542
0.254248
0.254306
0.254384
0.254486
0.25462
0.254778
0.254942
0.255096
0.255283
0.255063
0.204238
0.204434
0.204381
0.204385
0.204424
0.204511
0.204652
0.204838
0.205053
0.205287
0.205514
0.205738
0.205966
0.206203
0.206452
0.206705
0.206944
0.207152
0.207362
0.20721
0.165418
0.165594
0.165604
0.165682
0.165811
0.165998
0.166245
0.166541
0.166872
0.167224
0.167568
0.167901
0.168228
0.16855
0.168868
0.169173
0.16945
0.169682
0.169896
0.169792
0.136228
0.13638
0.136429
0.136549
0.136726
0.136964
0.13726
0.137606
0.137987
0.138389
0.138787
0.13917
0.139542
0.139899
0.14024
0.140559
0.14084
0.14107
0.141271
0.141202
0.115409
0.115531
0.115599
0.115736
0.115928
0.116176
0.116478
0.116826
0.117206
0.117609
0.11801
0.118399
0.118773
0.119129
0.119463
0.119768
0.120032
0.120245
0.120425
0.120389
0.101576
0.101665
0.101737
0.101869
0.102049
0.102276
0.102549
0.10286
0.103203
0.103567
0.103932
0.104289
0.104633
0.10496
0.105263
0.105536
0.105769
0.105954
0.106104
0.106099
0.0908225
0.090924
0.0909886
0.0910976
0.0912446
0.091429
0.0916486
0.0918992
0.092175
0.0924703
0.0927712
0.0930684
0.093357
0.0936294
0.0938792
0.0941008
0.0942878
0.0944341
0.0945448
0.0945147
0.0844539
0.0843701
0.0844367
0.0845582
0.0847231
0.0849269
0.0851659
0.0854353
0.0857281
0.0860367
0.0863515
0.0866616
0.0869552
0.0872232
0.0874599
0.0876619
0.0878281
0.0879607
0.088069
0.0882648
)
;
    }
    outer-wall
    {
        type            calculated;
        value           nonuniform List<scalar> 
1600
(
5580.89
5646.77
5646.73
5646.34
5645.66
5644.85
5643.99
5643.17
5642.5
5642.1
5642.1
5642.5
5643.17
5643.99
5644.85
5645.66
5646.34
5646.73
5646.77
5580.89
2384.14
2394.78
2394.95
2394.73
2394.29
2393.7
2393.07
2392.46
2391.93
2391.6
2391.6
2391.93
2392.46
2393.07
2393.7
2394.29
2394.73
2394.95
2394.78
2384.14
2672.13
2658.29
2659.46
2659.54
2659.62
2659.63
2659.56
2659.39
2659.12
2658.86
2658.86
2659.12
2659.39
2659.56
2659.63
2659.62
2659.54
2659.47
2658.29
2672.13
3923.21
3902.22
3905.31
3905.69
3905.97
3906.2
3906.36
3906.4
3906.28
3906.1
3906.1
3906.28
3906.4
3906.36
3906.2
3905.97
3905.69
3905.31
3902.23
3923.21
4896.13
4870.67
4874.9
4875.4
4875.7
4875.97
4876.21
4876.35
4876.32
4876.19
4876.19
4876.32
4876.35
4876.22
4875.98
4875.7
4875.4
4874.9
4870.67
4896.14
5511.6
5482.91
5487.67
5488.09
5488.28
5488.48
5488.69
5488.84
5488.84
5488.74
5488.74
5488.84
5488.84
5488.69
5488.48
5488.28
5488.1
5487.67
5482.92
5511.6
5805.48
5775.13
5779.92
5780.15
5780.11
5780.12
5780.18
5780.24
5780.19
5780.08
5780.08
5780.19
5780.24
5780.18
5780.12
5780.12
5780.15
5779.92
5775.13
5805.49
5809.33
5778.82
5783.26
5783.18
5782.82
5782.5
5782.27
5782.09
5781.89
5781.71
5781.71
5781.89
5782.09
5782.27
5782.5
5782.82
5783.18
5783.27
5778.82
5809.33
5548.77
5519.46
5523.2
5522.68
5521.86
5521.07
5520.37
5519.8
5519.31
5518.99
5518.99
5519.31
5519.8
5520.38
5521.07
5521.87
5522.68
5523.21
5519.46
5548.78
5053.69
5026.78
5029.51
5028.42
5027.03
5025.6
5024.27
5023.13
5022.22
5021.67
5021.67
5022.22
5023.13
5024.27
5025.6
5027.03
5028.42
5029.51
5026.79
5053.69
4371.25
4348
4349.47
4347.79
4345.77
4343.66
4341.62
4339.81
4338.39
4337.57
4337.57
4338.39
4339.81
4341.62
4343.66
4345.77
4347.79
4349.48
4348.01
4371.25
3585.9
3567.98
3568.2
3566.13
3563.74
3561.19
3558.67
3556.37
3554.55
3553.5
3553.5
3554.55
3556.37
3558.67
3561.19
3563.74
3566.13
3568.2
3567.98
3585.9
2832.75
2822.69
2822.13
2820.28
2818.21
2815.96
2813.66
2811.5
2809.74
2808.71
2808.71
2809.74
2811.5
2813.66
2815.96
2818.21
2820.28
2822.13
2822.69
2832.75
2246.92
2246.82
2246.23
2245.28
2244.26
2243.09
2241.81
2240.53
2239.42
2238.74
2238.74
2239.42
2240.53
2241.81
2243.09
2244.26
2245.28
2246.23
2246.82
2246.92
1827.02
1834.73
1834.39
1834.16
1833.93
1833.58
1833.12
1832.58
1832.05
1831.7
1831.7
1832.05
1832.58
1833.12
1833.58
1833.93
1834.16
1834.39
1834.73
1827.01
1431.32
1440.64
1440.1
1439.66
1439.17
1438.57
1437.88
1437.18
1436.56
1436.17
1436.17
1436.56
1437.18
1437.88
1438.57
1439.17
1439.65
1440.09
1440.64
1431.32
1007.39
1012.54
1011.48
1010.42
1009.29
1008.04
1006.75
1005.54
1004.56
1004
1004
1004.56
1005.54
1006.75
1008.04
1009.29
1010.42
1011.48
1012.54
1007.39
726.165
724.718
723.979
723.196
722.51
721.823
721.138
720.504
719.988
719.687
719.687
719.988
720.503
721.138
721.821
722.509
723.194
723.977
724.716
726.164
739.258
735.59
736.099
736.469
737.076
737.791
738.513
739.15
739.617
739.858
739.858
739.617
739.15
738.513
737.79
737.075
736.468
736.098
735.588
739.257
814.462
811.495
812.458
813.11
813.932
814.837
815.731
816.514
817.089
817.39
817.39
817.089
816.514
815.731
814.836
813.931
813.109
812.457
811.494
814.461
783.044
780.21
780.973
781.303
781.693
782.103
782.491
782.812
783.029
783.132
783.132
783.029
782.812
782.491
782.103
781.692
781.303
780.972
780.21
783.044
664.183
661.042
661.435
661.379
661.309
661.217
661.102
660.968
660.835
660.745
660.745
660.835
660.969
661.102
661.217
661.308
661.378
661.435
661.042
664.183
527.322
524.067
524.18
523.907
523.603
523.265
522.908
522.561
522.266
522.087
522.087
522.266
522.561
522.909
523.265
523.603
523.907
524.18
524.067
527.322
422.526
419.486
419.472
419.171
418.853
418.512
418.16
417.824
417.543
417.376
417.376
417.544
417.825
418.161
418.512
418.854
419.171
419.472
419.486
422.526
368.122
365.484
365.468
365.259
365.059
364.856
364.65
364.455
364.289
364.19
364.19
364.29
364.455
364.651
364.856
365.06
365.259
365.469
365.485
368.123
357.775
355.676
355.725
355.645
355.595
355.557
355.522
355.486
355.449
355.424
355.424
355.45
355.486
355.522
355.557
355.596
355.646
355.726
355.677
357.776
368.484
366.943
367.054
367.068
367.115
367.178
367.244
367.301
367.338
367.355
367.355
367.339
367.301
367.245
367.179
367.116
367.069
367.055
366.944
368.485
378.003
376.89
377.027
377.077
377.151
377.237
377.323
377.397
377.448
377.473
377.473
377.449
377.398
377.324
377.238
377.152
377.078
377.028
376.892
378.004
376.416
375.568
375.695
375.742
375.803
375.869
375.931
375.982
376.016
376.031
376.032
376.016
375.983
375.932
375.87
375.804
375.744
375.697
375.569
376.418
364.071
363.369
363.472
363.503
363.54
363.576
363.608
363.63
363.642
363.646
363.647
363.643
363.631
363.609
363.578
363.542
363.505
363.474
363.371
364.073
345.32
344.71
344.789
344.806
344.825
344.841
344.852
344.856
344.855
344.852
344.852
344.855
344.857
344.853
344.843
344.827
344.808
344.791
344.712
345.322
324.137
323.605
323.665
323.675
323.686
323.694
323.696
323.694
323.688
323.683
323.683
323.689
323.695
323.698
323.696
323.688
323.678
323.668
323.607
324.139
302.593
302.14
302.189
302.197
302.206
302.212
302.214
302.212
302.207
302.203
302.203
302.208
302.213
302.216
302.214
302.208
302.199
302.192
302.143
302.596
281.19
280.814
280.856
280.865
280.874
280.881
280.884
280.884
280.88
280.877
280.878
280.881
280.885
280.886
280.883
280.876
280.867
280.859
280.817
281.193
259.755
259.449
259.486
259.495
259.505
259.512
259.516
259.516
259.514
259.512
259.512
259.515
259.517
259.517
259.514
259.507
259.498
259.489
259.452
259.758
238.123
237.876
237.909
237.918
237.926
237.932
237.935
237.935
237.933
237.931
237.931
237.933
237.936
237.937
237.934
237.928
237.92
237.911
237.879
238.125
216.389
216.189
216.218
216.225
216.232
216.237
216.238
216.237
216.234
216.232
216.232
216.234
216.238
216.239
216.238
216.234
216.227
216.219
216.191
216.391
194.869
194.707
194.731
194.737
194.743
194.745
194.745
194.743
194.739
194.737
194.737
194.739
194.743
194.746
194.746
194.744
194.738
194.732
194.708
194.87
173.96
173.828
173.848
173.854
173.858
173.859
173.858
173.854
173.85
173.847
173.847
173.85
173.854
173.858
173.859
173.858
173.854
173.849
173.828
173.96
154.024
153.916
153.933
153.938
153.941
153.941
153.939
153.935
153.931
153.928
153.928
153.931
153.935
153.939
153.94
153.94
153.937
153.933
153.915
154.024
135.332
135.243
135.258
135.261
135.263
135.263
135.261
135.257
135.253
135.25
135.25
135.253
135.256
135.26
135.262
135.262
135.26
135.256
135.242
135.33
118.054
117.982
117.994
117.997
117.998
117.998
117.995
117.992
117.988
117.985
117.985
117.987
117.991
117.994
117.996
117.997
117.995
117.992
117.979
118.051
102.28
102.222
102.232
102.235
102.236
102.235
102.232
102.229
102.226
102.223
102.223
102.225
102.228
102.231
102.233
102.234
102.232
102.23
102.219
102.277
88.0388
87.9914
88.0003
88.0024
88.0029
88.0019
87.9996
87.9964
87.9932
87.9911
87.9909
87.9925
87.9952
87.9979
87.9998
88.0004
87.9995
87.9972
87.9881
88.0354
75.3101
75.2717
75.2792
75.2809
75.2813
75.2802
75.278
75.2752
75.2723
75.2704
75.2702
75.2716
75.274
75.2764
75.2781
75.2787
75.278
75.2761
75.2684
75.3067
64.0411
64.0101
64.0164
64.0178
64.018
64.017
64.015
64.0124
64.0099
64.0083
64.0081
64.0093
64.0114
64.0135
64.0151
64.0157
64.0152
64.0136
64.0071
64.038
54.1533
54.1282
54.1335
54.1347
54.1348
54.1338
54.1321
54.1298
54.1277
54.1262
54.1261
54.1271
54.129
54.1309
54.1323
54.133
54.1326
54.1313
54.1258
54.1508
45.5498
45.5296
45.5341
45.535
45.535
45.5342
45.5326
45.5307
45.5289
45.5277
45.5275
45.5285
45.5301
45.5318
45.5331
45.5338
45.5336
45.5325
45.5279
45.5481
38.1223
38.106
38.1097
38.1105
38.1105
38.1098
38.1084
38.1068
38.1053
38.1043
38.1042
38.1051
38.1066
38.1081
38.1093
38.11
38.1099
38.109
38.1052
38.1215
31.7567
31.7435
31.7466
31.7473
31.7472
31.7466
31.7455
31.7441
31.7428
31.7421
31.7421
31.7429
31.7442
31.7456
31.7467
31.7473
31.7473
31.7467
31.7435
31.7567
26.3379
26.3272
26.3298
26.3304
26.3303
26.3298
26.3288
26.3277
26.3267
26.3261
26.3262
26.327
26.3281
26.3294
26.3304
26.331
26.3311
26.3306
26.328
26.3387
21.754
21.7453
21.7475
21.748
21.748
21.7475
21.7468
21.7459
21.745
21.7446
21.7447
21.7454
21.7465
21.7476
21.7486
21.7492
21.7493
21.7489
21.7468
21.7554
17.8989
17.892
17.8938
17.8942
17.8942
17.8938
17.8932
17.8925
17.8918
17.8915
17.8917
17.8923
17.8933
17.8943
17.8952
17.8957
17.8959
17.8956
17.8939
17.9009
14.6744
14.6688
14.6703
14.6707
14.6707
14.6704
14.6699
14.6693
14.6688
14.6686
14.6688
14.6694
14.6702
14.6711
14.6719
14.6724
14.6726
14.6724
14.6709
14.6766
11.9908
11.9863
11.9875
11.9878
11.9879
11.9876
11.9872
11.9868
11.9864
11.9862
11.9864
11.987
11.9877
11.9885
11.9891
11.9896
11.9898
11.9896
11.9884
11.993
9.76786
9.76416
9.76523
9.7655
9.76553
9.76536
9.76505
9.7647
9.7644
9.7643
9.76447
9.76493
9.76555
9.76619
9.76675
9.76712
9.76727
9.76713
9.76614
9.76988
7.93446
7.93145
7.93235
7.93258
7.93262
7.9325
7.93227
7.93199
7.93176
7.93168
7.93183
7.9322
7.9327
7.93321
7.93365
7.93394
7.93404
7.93391
7.93308
7.93611
6.4284
6.42596
6.42671
6.42691
6.42696
6.42687
6.42668
6.42646
6.42628
6.42621
6.42632
6.4266
6.42698
6.42738
6.4277
6.42791
6.42795
6.42782
6.42712
6.42957
5.19574
5.19376
5.19439
5.19456
5.1946
5.19453
5.19439
5.1942
5.19404
5.19397
5.19404
5.19424
5.19453
5.19481
5.19504
5.19517
5.19517
5.19503
5.19443
5.19642
4.19013
4.18852
4.18904
4.18919
4.18923
4.18917
4.18904
4.18888
4.18874
4.18866
4.18869
4.18883
4.18903
4.18922
4.18937
4.18943
4.1894
4.18926
4.18875
4.19035
3.37211
3.3708
3.37123
3.37136
3.37139
3.37133
3.37122
3.37107
3.37094
3.37085
3.37085
3.37094
3.37107
3.3712
3.37128
3.3713
3.37125
3.3711
3.37067
3.37197
2.70845
2.70738
2.70773
2.70783
2.70785
2.7078
2.7077
2.70756
2.70743
2.70734
2.70732
2.70737
2.70746
2.70754
2.70758
2.70757
2.7075
2.70736
2.70699
2.70804
2.17143
2.17055
2.17083
2.17091
2.17092
2.17087
2.17077
2.17064
2.17052
2.17043
2.1704
2.17043
2.17048
2.17053
2.17055
2.17052
2.17045
2.17032
2.17001
2.17087
1.73811
1.73738
1.73761
1.73766
1.73766
1.7376
1.73751
1.73739
1.73728
1.7372
1.73717
1.73718
1.73722
1.73725
1.73726
1.73723
1.73717
1.73706
1.73681
1.73751
1.38954
1.38894
1.38911
1.38915
1.38913
1.38907
1.38898
1.38888
1.38878
1.38871
1.38869
1.3887
1.38874
1.38877
1.38878
1.38876
1.38872
1.38864
1.38844
1.38902
1.10999
1.10949
1.10963
1.10964
1.10962
1.10956
1.10948
1.10939
1.10932
1.10926
1.10925
1.10927
1.10931
1.10935
1.10938
1.10939
1.10937
1.10933
1.10918
1.10965
0.886313
0.88591
0.886011
0.886019
0.885995
0.885946
0.885881
0.885814
0.88576
0.88573
0.885735
0.885771
0.885827
0.885884
0.885929
0.885961
0.885973
0.885957
0.88585
0.88624
0.707543
0.707221
0.707305
0.707317
0.707305
0.707274
0.707233
0.707193
0.707166
0.707161
0.707186
0.70724
0.70731
0.707382
0.707444
0.707493
0.707523
0.707526
0.70745
0.707767
0.564715
0.564463
0.564542
0.564568
0.564578
0.564575
0.564563
0.564553
0.564553
0.564573
0.564618
0.564685
0.564765
0.564844
0.56491
0.564962
0.564995
0.565003
0.564943
0.565197
0.450741
0.450546
0.450626
0.45067
0.450705
0.450729
0.450747
0.450763
0.450786
0.450822
0.450878
0.45095
0.451028
0.4511
0.451156
0.451194
0.451213
0.45121
0.451154
0.451355
0.360153
0.360002
0.360081
0.360137
0.360187
0.360228
0.360261
0.36029
0.360321
0.36036
0.360412
0.360474
0.360536
0.360586
0.360617
0.360629
0.360623
0.360599
0.360536
0.360692
0.288627
0.288511
0.288581
0.288633
0.28868
0.288719
0.288747
0.288769
0.28879
0.288815
0.288848
0.288887
0.288922
0.288943
0.288943
0.288925
0.288891
0.288847
0.288774
0.288893
0.232502
0.232412
0.232464
0.2325
0.232529
0.232548
0.232557
0.23256
0.23256
0.232565
0.232576
0.232591
0.232603
0.232602
0.232581
0.232545
0.232497
0.232443
0.232369
0.232458
0.188565
0.188496
0.18853
0.188547
0.188556
0.188556
0.188549
0.188538
0.188529
0.188526
0.188532
0.188544
0.188555
0.188556
0.188543
0.188516
0.18848
0.188437
0.188377
0.188447
0.154177
0.154127
0.15415
0.154157
0.154158
0.154154
0.154149
0.154147
0.154153
0.15417
0.154198
0.154235
0.154274
0.154308
0.154331
0.154343
0.154344
0.154334
0.154303
0.154364
0.127396
0.12736
0.127379
0.127386
0.127391
0.127398
0.12741
0.127433
0.127469
0.12752
0.127583
0.127656
0.127733
0.127809
0.127877
0.127935
0.12798
0.12801
0.128012
0.12807
0.106748
0.106718
0.106732
0.10674
0.106751
0.106769
0.106797
0.106839
0.106896
0.106967
0.107048
0.107137
0.107231
0.107325
0.107417
0.1075
0.107572
0.107627
0.107654
0.107715
0.0906844
0.0906362
0.0906437
0.0906519
0.0906666
0.0906901
0.0907246
0.0907707
0.0908273
0.0908915
0.0909608
0.0910334
0.091109
0.0911871
0.0912665
0.0913432
0.0914133
0.0914723
0.0915119
0.0915955
0.0765594
0.0764103
0.0764137
0.0764257
0.0764433
0.0764668
0.0764954
0.0765275
0.0765604
0.0765923
0.0766226
0.0766524
0.0766838
0.0767194
0.07676
0.0768041
0.0768488
0.0768909
0.0769307
0.077113
0.0727895
0.0728616
0.0728684
0.0728548
0.0728305
0.072796
0.0727484
0.0726854
0.0726073
0.0725186
0.0724259
0.0723364
0.0722565
0.072191
0.0721432
0.0721129
0.0720961
0.0720858
0.0720676
0.0720113
)
;
    }
    symmetry-x
    {
        type            symmetryPlane;
    }
    symmetry-y
    {
        type            symmetryPlane;
    }
}


// ************************************************************************* //
