/*--------------------------------*- C++ -*----------------------------------*\
| =========                 |                                                 |
| \\      /  F ield         | foam-extend: Open Source CFD                    |
|  \\    /   O peration     | Version:     3.1                                |
|   \\  /    A nd           | Web:         http://www.extend-project.de       |
|    \\/     M anipulation  |                                                 |
\*---------------------------------------------------------------------------*/
FoamFile
{
    version     2.0;
    format      ascii;
    class       volScalarField;
    location    "0.0011";
    object      sigmaEq;
}
// * * * * * * * * * * * * * * * * * * * * * * * * * * * * * * * * * * * * * //

dimensions      [1 -1 -2 0 0 0 0];

internalField   nonuniform List<scalar> 
6400
(
4983.55
3846.21
3466.51
4003.21
4954.44
3832.01
3464.64
4025.32
4952.25
3830.29
3463.91
4025.75
4951.28
3829.72
3463.59
4025.48
4950.92
3829.5
3463.37
4025
4950.83
3829.4
3463.1
4024.38
4950.88
3829.3
3462.76
4023.67
4950.97
3829.12
3462.33
4022.93
4951.05
3828.87
3461.87
4022.28
4951.02
3828.63
3461.53
4021.86
4951.02
3828.63
3461.53
4021.86
4951.05
3828.87
3461.87
4022.28
4950.96
3829.12
3462.33
4022.93
4950.87
3829.3
3462.76
4023.67
4950.83
3829.4
3463.1
4024.38
4950.92
3829.5
3463.36
4025
4951.28
3829.72
3463.59
4025.48
4952.24
3830.29
3463.91
4025.75
4954.44
3832.01
3464.64
4025.32
4983.55
3846.2
3466.51
4003.21
3201.09
3370.46
3053.77
2130.7
3207.35
3368.33
3042.29
2113.32
3205.3
3367.06
3041.45
2113.42
3204.28
3366.51
3041.06
2113.13
3203.73
3366.12
3040.71
2112.66
3203.42
3365.84
3040.38
2112.1
3203.27
3365.6
3040.06
2111.54
3203.24
3365.38
3039.76
2111.03
3203.32
3365.14
3039.46
2110.6
3203.69
3364.97
3039.25
2110.33
3203.69
3364.97
3039.25
2110.33
3203.32
3365.14
3039.46
2110.6
3203.24
3365.38
3039.76
2111.03
3203.27
3365.6
3040.06
2111.54
3203.42
3365.83
3040.38
2112.1
3203.73
3366.12
3040.71
2112.65
3204.28
3366.51
3041.06
2113.13
3205.29
3367.06
3041.44
2113.42
3207.35
3368.33
3042.29
2113.32
3201.09
3370.46
3053.77
2130.7
3521.28
3420.01
3101.82
2576.76
3527.19
3416.02
3089.96
2560.52
3526.25
3415.85
3089.48
2561.27
3525.92
3415.78
3089.47
2561.5
3525.77
3415.67
3089.42
2561.6
3525.72
3415.57
3089.34
2561.63
3525.78
3415.5
3089.25
2561.63
3525.96
3415.49
3089.18
2561.59
3526.34
3415.53
3089.11
2561.49
3527.24
3415.64
3089.05
2561.39
3527.24
3415.64
3089.05
2561.39
3526.34
3415.53
3089.11
2561.49
3525.96
3415.49
3089.18
2561.59
3525.78
3415.5
3089.25
2561.63
3525.72
3415.57
3089.34
2561.63
3525.77
3415.67
3089.42
2561.6
3525.92
3415.78
3089.47
2561.49
3526.25
3415.85
3089.48
2561.26
3527.19
3416.01
3089.96
2560.52
3521.28
3420
3101.82
2576.76
4604.6
4094.93
3706.02
3507.65
4601.91
4087.19
3696.42
3496.69
4601.03
4087.17
3696.26
3498.41
4600.97
4087.1
3696.24
3498.92
4601.2
4087.18
3696.31
3499.18
4601.62
4087.36
3696.41
3499.37
4602.14
4087.62
3696.52
3499.51
4602.74
4087.93
3696.64
3499.61
4603.46
4088.27
3696.75
3499.63
4604.59
4088.59
3696.81
3499.6
4604.59
4088.59
3696.81
3499.6
4603.46
4088.27
3696.75
3499.63
4602.74
4087.93
3696.64
3499.61
4602.14
4087.62
3696.52
3499.51
4601.61
4087.36
3696.4
3499.37
4601.2
4087.18
3696.31
3499.18
4600.96
4087.1
3696.24
3498.92
4601.02
4087.17
3696.26
3498.4
4601.91
4087.19
3696.42
3496.69
4604.6
4094.92
3706.02
3507.65
5342.62
4652.2
4205.16
4088.19
5336.74
4643.24
4196.51
4078.12
5335.99
4643.31
4196.42
4080.12
5336.08
4643.17
4196.2
4080.52
5336.6
4643.33
4196.2
4080.59
5337.4
4643.72
4196.32
4080.6
5338.34
4644.23
4196.49
4080.62
5339.32
4644.79
4196.7
4080.64
5340.32
4645.35
4196.89
4080.63
5341.57
4645.8
4197.01
4080.6
5341.57
4645.8
4197.01
4080.6
5340.32
4645.34
4196.89
4080.63
5339.32
4644.79
4196.7
4080.64
5338.34
4644.23
4196.49
4080.62
5337.4
4643.72
4196.32
4080.6
5336.6
4643.33
4196.2
4080.59
5336.08
4643.16
4196.2
4080.52
5335.98
4643.31
4196.41
4080.12
5336.73
4643.24
4196.51
4078.12
5342.61
4652.2
4205.16
4088.18
5519.63
4827.7
4371.78
4228.03
5514.63
4819.51
4363.57
4217.04
5514.22
4819.79
4363.45
4218.73
5514.58
4819.73
4363.09
4218.7
5515.39
4820.01
4362.98
4218.34
5516.51
4820.56
4363.01
4217.94
5517.77
4821.25
4363.14
4217.6
5519.05
4821.98
4363.33
4217.34
5520.28
4822.68
4363.53
4217.15
5521.61
4823.21
4363.66
4217.02
5521.61
4823.21
4363.66
4217.02
5520.28
4822.68
4363.53
4217.14
5519.05
4821.98
4363.33
4217.34
5517.77
4821.25
4363.14
4217.6
5516.51
4820.56
4363.01
4217.94
5515.38
4820.01
4362.98
4218.34
5514.58
4819.73
4363.09
4218.7
5514.22
4819.79
4363.45
4218.73
5514.63
4819.51
4363.57
4217.04
5519.63
4827.69
4371.78
4228.03
5158.79
4592.89
4179.99
3967.99
5157.26
4586.87
4172.31
3955.63
5157.27
4587.39
4172.11
3956.6
5157.95
4587.53
4171.69
3956.02
5159
4587.95
4171.47
3955.1
5160.34
4588.61
4171.39
3954.16
5161.81
4589.4
4171.41
3953.31
5163.28
4590.22
4171.51
3952.6
5164.66
4590.99
4171.63
3952.08
5166.01
4591.55
4171.73
3951.79
5166
4591.55
4171.73
3951.79
5164.66
4590.99
4171.63
3952.08
5163.28
4590.22
4171.51
3952.6
5161.81
4589.39
4171.41
3953.31
5160.33
4588.61
4171.39
3954.16
5158.99
4587.94
4171.47
3955.1
5157.94
4587.52
4171.69
3956.01
5157.27
4587.39
4172.1
3956.6
5157.25
4586.86
4172.3
3955.63
5158.79
4592.89
4179.99
3967.99
4385.87
4019.13
3689.08
3410.05
4389.16
4016.06
3682.39
3396.95
4389.57
4016.74
3682.07
3397.06
4390.51
4017.04
3681.62
3396.01
4391.7
4017.5
3681.28
3394.67
4393.11
4018.12
3681.03
3393.27
4394.63
4018.85
3680.87
3391.96
4396.14
4019.62
3680.79
3390.82
4397.55
4020.32
3680.78
3389.95
4398.83
4020.83
3680.8
3389.47
4398.83
4020.83
3680.8
3389.47
4397.55
4020.32
3680.78
3389.95
4396.14
4019.62
3680.79
3390.82
4394.63
4018.85
3680.86
3391.96
4393.11
4018.12
3681.02
3393.27
4391.7
4017.49
3681.27
3394.66
4390.5
4017.04
3681.62
3396.01
4389.57
4016.73
3682.06
3397.06
4389.16
4016.05
3682.38
3396.95
4385.86
4019.13
3689.08
3410.05
3427.85
3229.35
2993.62
2712.88
3434.98
3228.93
2988.72
2701.65
3435.64
3229.57
2988.26
2701.13
3436.7
3229.85
2987.74
2699.96
3437.91
3230.12
2987.2
2698.57
3439.25
3230.46
2986.68
2697.1
3440.66
3230.87
2986.22
2695.66
3442.04
3231.32
2985.85
2694.37
3443.32
3231.75
2985.59
2693.35
3444.4
3232.07
2985.47
2692.76
3444.4
3232.07
2985.47
2692.76
3443.32
3231.75
2985.59
2693.35
3442.04
3231.32
2985.85
2694.37
3440.65
3230.87
2986.22
2695.66
3439.25
3230.46
2986.68
2697.1
3437.91
3230.12
2987.2
2698.57
3436.7
3229.85
2987.74
2699.96
3435.63
3229.57
2988.26
2701.12
3434.98
3228.93
2988.72
2701.65
3427.84
3229.35
2993.62
2712.88
2570.5
2381.31
2211.62
2050.26
2577.13
2381.98
2209.37
2045.16
2577.71
2382.36
2208.81
2044.51
2578.68
2382.47
2208.23
2043.67
2579.75
2382.42
2207.51
2042.68
2580.89
2382.34
2206.72
2041.58
2582.05
2382.29
2205.95
2040.46
2583.16
2382.27
2205.27
2039.4
2584.14
2382.29
2204.74
2038.53
2584.92
2382.34
2204.45
2038.01
2584.92
2382.34
2204.44
2038.01
2584.14
2382.29
2204.74
2038.53
2583.16
2382.27
2205.27
2039.4
2582.05
2382.29
2205.95
2040.46
2580.89
2382.34
2206.72
2041.58
2579.75
2382.42
2207.51
2042.68
2578.68
2382.47
2208.23
2043.67
2577.71
2382.36
2208.81
2044.51
2577.13
2381.98
2209.37
2045.16
2570.5
2381.31
2211.61
2050.26
2000.74
1660.61
1497.56
1524.36
2002.38
1660.36
1498.13
1527.11
2002.55
1660.45
1497.63
1526.68
2003.15
1660.49
1497.2
1526.3
2003.88
1660.35
1496.58
1525.79
2004.66
1660.15
1495.86
1525.17
2005.44
1659.93
1495.12
1524.49
2006.17
1659.72
1494.42
1523.8
2006.78
1659.54
1493.85
1523.21
2007.22
1659.45
1493.53
1522.84
2007.22
1659.45
1493.53
1522.84
2006.78
1659.54
1493.85
1523.21
2006.17
1659.72
1494.42
1523.8
2005.44
1659.93
1495.12
1524.49
2004.65
1660.15
1495.86
1525.17
2003.88
1660.35
1496.58
1525.79
2003.15
1660.49
1497.2
1526.3
2002.55
1660.45
1497.63
1526.68
2002.37
1660.36
1498.13
1527.11
2000.74
1660.61
1497.56
1524.35
1652.76
1212.57
1010.55
1120.97
1650.51
1210.81
1012.3
1127.35
1650.29
1210.77
1012
1127
1650.44
1210.98
1011.97
1126.76
1650.72
1211.12
1011.85
1126.43
1651.05
1211.24
1011.66
1125.98
1651.39
1211.34
1011.43
1125.47
1651.73
1211.43
1011.2
1124.94
1652.03
1211.48
1010.99
1124.49
1652.26
1211.51
1010.86
1124.21
1652.26
1211.51
1010.86
1124.21
1652.03
1211.48
1010.99
1124.49
1651.73
1211.43
1011.2
1124.94
1651.39
1211.34
1011.43
1125.47
1651.04
1211.24
1011.66
1125.98
1650.72
1211.12
1011.85
1126.43
1650.44
1210.98
1011.97
1126.76
1650.29
1210.77
1012
1127
1650.5
1210.8
1012.3
1127.35
1652.76
1212.56
1010.55
1120.97
1359.69
998.941
784.293
796.128
1357.63
996.993
784.664
800.156
1357.32
996.972
784.469
799.628
1357.2
997.287
784.691
799.305
1357.16
997.605
784.944
798.945
1357.14
997.942
785.197
798.511
1357.15
998.29
785.437
798.034
1357.21
998.62
785.645
797.565
1357.32
998.885
785.794
797.172
1357.44
999.04
785.871
796.94
1357.44
999.04
785.871
796.94
1357.32
998.884
785.793
797.172
1357.21
998.619
785.644
797.565
1357.15
998.289
785.437
798.034
1357.13
997.94
785.196
798.511
1357.16
997.604
784.943
798.945
1357.2
997.286
784.69
799.305
1357.31
996.97
784.468
799.627
1357.63
996.991
784.663
800.155
1359.68
998.94
784.292
796.127
1078.76
860.267
682.487
573.955
1078.7
859.01
681.286
573.494
1078.5
858.996
681.063
572.914
1078.35
859.221
681.244
572.669
1078.2
859.435
681.485
572.503
1078.05
859.655
681.743
572.337
1077.93
859.887
682.002
572.158
1077.86
860.118
682.235
571.976
1077.88
860.318
682.414
571.816
1077.97
860.446
682.513
571.719
1077.97
860.446
682.513
571.719
1077.88
860.318
682.414
571.816
1077.86
860.118
682.234
571.976
1077.92
859.886
682.001
572.158
1078.05
859.654
681.743
572.337
1078.2
859.434
681.484
572.503
1078.34
859.22
681.243
572.669
1078.49
858.995
681.062
572.913
1078.7
859.008
681.285
573.494
1078.76
860.265
682.486
573.954
854.501
732.288
607.404
490.716
855.789
731.591
605.906
488.361
855.709
731.588
605.709
488.084
855.632
731.717
605.826
488.134
855.54
731.812
605.993
488.319
855.423
731.893
606.172
488.555
855.319
731.976
606.348
488.792
855.262
732.065
606.506
488.992
855.278
732.154
606.627
489.132
855.382
732.222
606.694
489.201
855.381
732.222
606.694
489.201
855.278
732.154
606.627
489.132
855.261
732.065
606.505
488.992
855.318
731.975
606.347
488.791
855.422
731.892
606.171
488.555
855.539
731.811
605.992
488.319
855.631
731.716
605.825
488.133
855.707
731.587
605.708
488.084
855.787
731.59
605.905
488.361
854.499
732.286
607.403
490.716
705.287
627.45
546.566
476.417
706.835
627.053
545.455
474.489
706.823
627.086
545.337
474.458
706.807
627.183
545.437
474.623
706.783
627.25
545.579
474.882
706.74
627.303
545.728
475.181
706.704
627.355
545.871
475.474
706.699
627.41
545.996
475.723
706.747
627.467
546.09
475.899
706.865
627.515
546.14
475.988
706.865
627.515
546.14
475.988
706.746
627.467
546.089
475.899
706.699
627.409
545.996
475.723
706.704
627.354
545.871
475.473
706.739
627.302
545.727
475.181
706.782
627.249
545.578
474.882
706.806
627.182
545.436
474.623
706.822
627.084
545.336
474.458
706.834
627.052
545.454
474.489
705.285
627.448
546.565
476.416
604.742
546.913
491.172
447.348
606.11
546.681
490.386
445.816
606.13
546.737
490.305
445.809
606.136
546.814
490.367
445.901
606.144
546.869
490.457
446.03
606.146
546.916
490.549
446.169
606.158
546.961
490.633
446.294
606.191
547.007
490.701
446.387
606.259
547.051
490.748
446.44
606.374
547.087
490.771
446.46
606.373
547.087
490.771
446.46
606.259
547.051
490.748
446.44
606.191
547.006
490.701
446.386
606.157
546.96
490.632
446.293
606.145
546.915
490.548
446.169
606.143
546.868
490.456
446.03
606.135
546.813
490.366
445.9
606.129
546.736
490.305
445.808
606.109
546.68
490.385
445.816
604.74
546.912
491.171
447.348
527.678
476.986
430.134
390.15
528.734
476.795
429.46
388.698
528.772
476.841
429.367
388.627
528.787
476.887
429.37
388.621
528.812
476.911
429.387
388.62
528.839
476.928
429.397
388.608
528.877
476.944
429.399
388.578
528.93
476.959
429.391
388.528
529.002
476.974
429.376
388.47
529.099
476.988
429.363
388.429
529.099
476.988
429.363
388.429
529.002
476.974
429.375
388.47
528.93
476.959
429.39
388.528
528.876
476.943
429.398
388.577
528.838
476.927
429.397
388.608
528.811
476.91
429.386
388.62
528.786
476.886
429.369
388.621
528.771
476.84
429.366
388.627
528.732
476.793
429.459
388.697
527.677
476.985
430.133
390.149
464.478
412.763
366.421
323.811
465.137
412.499
365.758
322.41
465.179
412.521
365.646
322.291
465.196
412.542
365.611
322.237
465.226
412.544
365.584
322.178
465.264
412.539
365.547
322.103
465.311
412.532
365.501
322.009
465.369
412.524
365.449
321.902
465.435
412.518
365.4
321.801
465.51
412.517
365.368
321.737
465.509
412.517
365.368
321.737
465.435
412.518
365.399
321.801
465.368
412.524
365.449
321.902
465.311
412.531
365.5
322.008
465.263
412.538
365.547
322.103
465.225
412.542
365.583
322.178
465.195
412.541
365.611
322.236
465.178
412.52
365.645
322.291
465.136
412.498
365.757
322.41
464.477
412.761
366.42
323.811
409.53
356.47
309.584
265.873
409.841
356.112
308.923
264.594
409.873
356.113
308.811
264.467
409.879
356.125
308.773
264.414
409.9
356.122
308.744
264.361
409.93
356.115
308.706
264.294
409.969
356.107
308.661
264.211
410.016
356.099
308.612
264.116
410.068
356.091
308.566
264.028
410.122
356.088
308.537
263.972
410.122
356.088
308.537
263.972
410.067
356.091
308.566
264.028
410.015
356.098
308.612
264.116
409.968
356.106
308.661
264.21
409.928
356.114
308.706
264.294
409.899
356.121
308.743
264.361
409.877
356.123
308.772
264.414
409.871
356.112
308.81
264.466
409.839
356.11
308.922
264.594
409.528
356.469
309.583
265.872
358.191
308.522
264.175
222.838
358.302
308.124
263.551
221.732
358.322
308.116
263.456
221.626
358.313
308.125
263.433
221.599
358.318
308.125
263.42
221.578
358.329
308.124
263.404
221.548
358.35
308.123
263.382
221.505
358.379
308.121
263.355
221.451
358.413
308.12
263.329
221.397
358.451
308.12
263.312
221.362
358.451
308.119
263.312
221.362
358.413
308.119
263.329
221.397
358.378
308.12
263.355
221.451
358.349
308.121
263.381
221.505
358.328
308.123
263.403
221.548
358.316
308.124
263.419
221.577
358.311
308.124
263.432
221.599
358.32
308.114
263.455
221.625
358.299
308.122
263.549
221.732
358.188
308.52
264.174
222.838
309.187
266.913
228.406
192.559
309.229
266.544
227.86
191.649
309.244
266.536
227.788
191.574
309.225
266.544
227.779
191.573
309.216
266.546
227.782
191.58
309.212
266.547
227.783
191.583
309.216
266.548
227.78
191.576
309.229
266.551
227.772
191.558
309.249
266.552
227.762
191.534
309.275
266.554
227.754
191.517
309.275
266.554
227.754
191.517
309.248
266.552
227.762
191.534
309.228
266.55
227.772
191.557
309.215
266.547
227.779
191.575
309.21
266.545
227.782
191.583
309.214
266.544
227.781
191.58
309.223
266.543
227.778
191.572
309.242
266.534
227.787
191.573
309.226
266.542
227.858
191.648
309.184
266.911
228.404
192.558
263.836
229.985
198.665
169.72
263.872
229.678
198.219
169.003
263.888
229.674
198.168
168.955
263.866
229.682
198.169
168.969
263.851
229.684
198.178
168.991
263.84
229.684
198.187
169.01
263.835
229.685
198.192
169.02
263.838
229.687
198.192
169.02
263.85
229.688
198.189
169.012
263.868
229.69
198.186
169.005
263.868
229.689
198.185
169.005
263.849
229.688
198.189
169.012
263.837
229.686
198.192
169.02
263.834
229.684
198.191
169.02
263.838
229.683
198.186
169.009
263.849
229.682
198.177
168.991
263.864
229.681
198.168
168.969
263.885
229.672
198.167
168.954
263.87
229.676
198.218
169.002
263.834
229.983
198.663
169.719
223.616
197.12
172.479
149.977
223.659
196.879
172.129
149.424
223.676
196.879
172.094
149.393
223.657
196.887
172.098
149.412
223.642
196.888
172.109
149.436
223.63
196.888
172.118
149.456
223.623
196.887
172.123
149.469
223.623
196.887
172.125
149.473
223.629
196.887
172.123
149.47
223.642
196.887
172.12
149.465
223.642
196.887
172.12
149.465
223.629
196.886
172.122
149.47
223.621
196.886
172.124
149.472
223.621
196.886
172.122
149.468
223.628
196.886
172.117
149.456
223.64
196.886
172.108
149.435
223.654
196.885
172.097
149.412
223.673
196.877
172.093
149.393
223.656
196.877
172.128
149.423
223.613
197.118
172.477
149.976
188.956
168.094
148.772
131.308
188.998
167.906
148.5
130.878
189.016
167.908
148.474
130.856
189
167.915
148.478
130.874
188.988
167.916
148.487
130.893
188.978
167.915
148.494
130.909
188.972
167.914
148.497
130.918
188.971
167.912
148.497
130.919
188.975
167.91
148.494
130.915
188.985
167.909
148.491
130.911
188.985
167.909
148.491
130.911
188.974
167.91
148.494
130.915
188.969
167.911
148.497
130.919
188.97
167.912
148.497
130.917
188.976
167.914
148.493
130.909
188.986
167.915
148.486
130.893
188.997
167.914
148.477
130.874
189.013
167.906
148.472
130.856
188.995
167.904
148.498
130.877
188.953
168.091
148.771
131.307
159.394
142.645
127.267
113.434
159.427
142.496
127.051
113.092
159.444
142.498
127.031
113.075
159.431
142.504
127.035
113.09
159.422
142.505
127.041
113.104
159.414
142.503
127.046
113.114
159.409
142.501
127.047
113.118
159.408
142.499
127.044
113.116
159.411
142.496
127.04
113.111
159.418
142.494
127.037
113.106
159.418
142.494
127.037
113.105
159.41
142.495
127.04
113.11
159.406
142.498
127.044
113.116
159.407
142.5
127.046
113.118
159.411
142.502
127.045
113.114
159.419
142.503
127.04
113.104
159.428
142.503
127.034
113.089
159.44
142.496
127.03
113.075
159.423
142.494
127.05
113.091
159.391
142.643
127.266
113.433
134.144
120.449
107.984
96.7788
134.164
120.326
107.81
96.5027
134.179
120.329
107.793
96.4886
134.169
120.333
107.796
96.5
134.161
120.333
107.8
96.5103
134.155
120.332
107.803
96.5168
134.15
120.329
107.802
96.5179
134.149
120.326
107.799
96.5142
134.151
120.323
107.795
96.508
134.156
120.321
107.791
96.5029
134.156
120.321
107.791
96.5029
134.15
120.322
107.794
96.5079
134.148
120.325
107.799
96.5141
134.148
120.328
107.802
96.5178
134.152
120.33
107.802
96.5166
134.158
120.332
107.8
96.5101
134.165
120.331
107.795
96.4998
134.175
120.326
107.792
96.4883
134.16
120.324
107.808
96.5023
134.14
120.447
107.983
96.7783
112.482
101.181
90.9606
81.7717
112.492
101.078
90.8174
81.5469
112.505
101.08
90.8038
81.535
112.496
101.083
90.8054
81.5442
112.489
101.083
90.8089
81.5521
112.483
101.081
90.8103
81.5566
112.479
101.078
90.8091
81.5566
112.478
101.075
90.8058
81.5527
112.479
101.072
90.8015
81.5469
112.483
101.07
90.7981
81.5425
112.482
101.07
90.798
81.5425
112.478
101.072
90.8011
81.5469
112.476
101.074
90.8053
81.5527
112.477
101.077
90.8084
81.5565
112.48
101.079
90.8095
81.5565
112.486
101.081
90.808
81.552
112.492
101.081
90.8043
81.544
112.501
101.077
90.8026
81.5347
112.488
101.076
90.8161
81.5466
112.478
101.179
90.9592
81.7714
93.8737
84.5445
76.1425
68.5976
93.8765
84.4582
76.0249
68.4148
93.8867
84.459
76.0136
68.4049
93.8786
84.4616
76.0148
68.4126
93.8725
84.4609
76.0175
68.419
93.8672
84.4591
76.0183
68.4226
93.8635
84.4565
76.0171
68.4225
93.8616
84.4536
76.0142
68.4193
93.8619
84.4507
76.0104
68.4145
93.8643
84.4485
76.0074
68.4108
93.8639
84.4483
76.0073
68.4108
93.8607
84.4499
76.01
68.4144
93.8598
84.4525
76.0136
68.4192
93.861
84.455
76.0164
68.4225
93.8642
84.4573
76.0175
68.4226
93.869
84.4589
76.0165
68.419
93.8748
84.4593
76.0137
68.4125
93.8825
84.4565
76.0124
68.4048
93.8721
84.4555
76.0236
68.4146
93.8692
84.5417
76.1411
68.5973
77.9381
70.2716
63.3865
57.2215
77.937
70.1998
63.2902
57.0737
77.9453
70.2002
63.2811
57.0658
77.9381
70.2021
63.282
57.0723
77.9324
70.2012
63.2841
57.0778
77.9275
70.1994
63.2848
57.0808
77.9239
70.197
63.2837
57.0809
77.9218
70.1943
63.2812
57.0784
77.9214
70.1916
63.278
57.0746
77.923
70.1897
63.2755
57.0717
77.9225
70.1894
63.2754
57.0717
77.9202
70.1908
63.2776
57.0746
77.9198
70.1931
63.2806
57.0784
77.9212
70.1954
63.2829
57.0809
77.9242
70.1974
63.2839
57.0809
77.9287
70.199
63.2831
57.0778
77.9339
70.1996
63.2808
57.0724
77.9408
70.1975
63.2798
57.0658
77.9324
70.1969
63.2889
57.0737
77.9333
70.2687
63.3851
57.2214
64.3799
58.1135
52.4991
47.4921
64.3771
58.0542
52.4207
47.3731
64.3837
58.0544
52.4133
47.3669
64.3774
58.0557
52.4141
47.3724
64.3723
58.0548
52.4158
47.377
64.3678
58.053
52.4163
47.3797
64.3644
58.0508
52.4153
47.3799
64.3622
58.0484
52.4132
47.378
64.3615
58.046
52.4106
47.375
64.3624
58.0442
52.4085
47.3727
64.3619
58.0439
52.4084
47.3727
64.3601
58.0451
52.4102
47.375
64.3601
58.0471
52.4126
47.378
64.3615
58.0491
52.4146
47.38
64.3643
58.0509
52.4153
47.3798
64.3683
58.0524
52.4147
47.3772
64.373
58.0531
52.4129
47.3726
64.379
58.0515
52.412
47.367
64.3722
58.0511
52.4193
47.3732
64.3748
58.1103
52.4976
47.4922
52.9346
47.8325
43.2727
39.2239
52.9313
47.784
43.2092
39.1283
52.9367
47.7842
43.2033
39.1234
52.9312
47.7851
43.2039
39.1281
52.9267
47.7841
43.2052
39.1319
52.9226
47.7825
43.2056
39.1341
52.9195
47.7805
43.2047
39.1343
52.9174
47.7783
43.2029
39.1328
52.9165
47.7761
43.2007
39.1304
52.917
47.7746
43.199
39.1286
52.9165
47.7743
43.1988
39.1286
52.9151
47.7753
43.2003
39.1305
52.9151
47.7769
43.2023
39.1329
52.9165
47.7787
43.2039
39.1345
52.919
47.7803
43.2046
39.1343
52.9225
47.7816
43.2041
39.1322
52.9265
47.7822
43.2027
39.1283
52.9316
47.7811
43.2019
39.1236
52.9261
47.7808
43.2078
39.1286
52.9292
47.8292
43.2712
39.2241
43.3467
39.201
35.5056
32.2377
43.3435
39.1614
35.4543
32.161
43.3477
39.1615
35.4495
32.1571
43.3431
39.1621
35.45
32.161
43.3392
39.1612
35.451
32.1641
43.3357
39.1598
35.4512
32.1658
43.3329
39.158
35.4504
32.1659
43.3309
39.156
35.4489
32.1647
43.33
39.1541
35.447
32.1627
43.3302
39.1527
35.4455
32.1613
43.3297
39.1524
35.4454
32.1613
43.3285
39.1532
35.4466
32.1629
43.3286
39.1546
35.4483
32.1649
43.3298
39.156
35.4497
32.1662
43.3319
39.1574
35.4503
32.1661
43.3348
39.1586
35.4499
32.1644
43.3382
39.1592
35.4488
32.1613
43.3425
39.1583
35.4482
32.1574
43.338
39.158
35.4528
32.1613
43.3411
39.1975
35.504
32.238
35.3686
32.002
29.009
26.3714
35.3657
31.9698
28.9676
26.3097
35.3691
31.9698
28.9637
26.3066
35.3651
31.9703
28.9641
26.3098
35.3618
31.9695
28.9649
26.3122
35.3588
31.9681
28.965
26.3136
35.3564
31.9666
28.9642
26.3136
35.3547
31.9649
28.9629
26.3126
35.3538
31.9632
28.9613
26.311
35.3538
31.962
28.9601
26.3098
35.3533
31.9617
28.9599
26.3098
35.3523
31.9623
28.9609
26.3111
35.3523
31.9634
28.9623
26.3128
35.3533
31.9646
28.9635
26.3139
35.355
31.9658
28.964
26.314
35.3574
31.9667
28.9638
26.3126
35.3602
31.9673
28.9629
26.3102
35.3637
31.9666
28.9624
26.307
35.3601
31.9664
28.9661
26.3101
35.3629
31.9984
29.0075
26.3718
28.7677
26.0337
23.6092
21.4784
28.765
26.0076
23.5756
21.4286
28.7677
26.0075
23.5725
21.4261
28.7645
26.0079
23.5728
21.4287
28.7617
26.0071
23.5734
21.4307
28.7592
26.006
23.5734
21.4317
28.7571
26.0046
23.5727
21.4316
28.7556
26.0031
23.5716
21.4307
28.7547
26.0017
23.5702
21.4294
28.7546
26.0006
23.5691
21.4284
28.7541
26.0003
23.569
21.4284
28.7533
26.0008
23.5698
21.4295
28.7532
26.0017
23.571
21.431
28.754
26.0027
23.5719
21.432
28.7553
26.0036
23.5724
21.4321
28.7573
26.0044
23.5723
21.4311
28.7595
26.0048
23.5716
21.4291
28.7625
26.0043
23.5712
21.4265
28.7595
26.0042
23.5742
21.4291
28.762
26.0302
23.6077
21.4788
23.3325
21.1122
19.1474
17.4244
23.3301
21.0909
19.1202
17.3842
23.3322
21.0909
19.1177
17.3822
23.3295
21.0911
19.1179
17.3843
23.3272
21.0904
19.1183
17.3858
23.3251
21.0894
19.1182
17.3866
23.3233
21.0883
19.1176
17.3865
23.322
21.087
19.1167
17.3857
23.3213
21.0858
19.1155
17.3846
23.3211
21.0849
19.1146
17.3838
23.3206
21.0846
19.1145
17.3838
23.3199
21.085
19.1152
17.3847
23.3198
21.0857
19.1161
17.3859
23.3203
21.0864
19.1169
17.3868
23.3214
21.0872
19.1173
17.387
23.3229
21.0878
19.1173
17.3862
23.3248
21.0882
19.1167
17.3847
23.3272
21.0878
19.1164
17.3826
23.3248
21.0877
19.1189
17.3846
23.327
21.1088
19.1459
17.4248
18.8758
17.0732
15.4807
14.0866
18.8738
17.0559
15.4587
14.0541
18.8754
17.0559
15.4566
14.0525
18.8731
17.056
15.4567
14.0541
18.8712
17.0554
15.457
14.0554
18.8694
17.0546
15.4569
14.0559
18.868
17.0536
15.4564
14.0558
18.8669
17.0525
15.4556
14.0552
18.8662
17.0515
15.4546
14.0542
18.8661
17.0507
15.4539
14.0536
18.8656
17.0504
15.4538
14.0536
18.8649
17.0507
15.4543
14.0544
18.8648
17.0512
15.4551
14.0554
18.8652
17.0519
15.4558
14.0561
18.866
17.0525
15.4561
14.0563
18.8673
17.053
15.4561
14.0557
18.8688
17.0533
15.4556
14.0545
18.8707
17.053
15.4554
14.0528
18.8688
17.0529
15.4574
14.0545
18.8708
17.0701
15.4794
14.0869
15.2354
13.7726
12.482
11.3539
15.2337
13.7586
12.4642
11.3275
15.2349
13.7585
12.4625
11.3262
15.233
13.7586
12.4626
11.3276
15.2314
13.7581
12.4628
11.3285
15.2299
13.7573
12.4627
11.329
15.2287
13.7565
12.4622
11.3288
15.2277
13.7556
12.4615
11.3283
15.2272
13.7548
12.4607
11.3275
15.227
13.7541
12.4601
11.327
15.2266
13.7539
12.46
11.327
15.226
13.7541
12.4605
11.3276
15.2258
13.7545
12.4611
11.3285
15.2261
13.755
12.4616
11.3291
15.2268
13.7555
12.4619
11.3292
15.2278
13.7559
12.4619
11.3288
15.2291
13.7562
12.4616
11.3278
15.2307
13.756
12.4614
11.3265
15.2292
13.7559
12.4631
11.3278
15.2308
13.7699
12.4808
11.3541
12.272
11.0858
10.0402
9.1272
12.2705
11.0744
10.0257
9.1059
12.2715
11.0743
10.0243
9.10484
12.2699
11.0743
10.0244
9.1059
12.2685
11.0739
10.0245
9.10665
12.2672
11.0732
10.0244
9.10699
12.2662
11.0725
10.024
9.10688
12.2654
11.0718
10.0234
9.10641
12.2648
11.071
10.0228
9.10579
12.2647
11.0705
10.0223
9.10534
12.2643
11.0703
10.0222
9.10538
12.2638
11.0704
10.0226
9.10589
12.2637
11.0708
10.0231
9.10656
12.2639
11.0712
10.0235
9.10706
12.2645
11.0717
10.0238
9.10718
12.2654
11.072
10.0238
9.10683
12.2664
11.0723
10.0235
9.10605
12.2678
11.0721
10.0234
9.10497
12.2667
11.0721
10.0247
9.10602
12.268
11.0835
10.0392
9.1273
9.86732
8.90604
8.0592
7.3204
9.86614
8.89679
8.04748
7.30314
9.86682
8.89667
8.04635
7.30229
9.86543
8.89663
8.04636
7.30314
9.86423
8.89622
8.04646
7.30374
9.86313
8.89566
8.04634
7.30401
9.86221
8.89505
8.046
7.30392
9.86151
8.89442
8.04551
7.30353
9.86105
8.89382
8.04497
7.30303
9.86088
8.89336
8.04456
7.30266
9.86057
8.89319
8.0445
7.30269
9.86015
8.89332
8.04478
7.30309
9.86007
8.89362
8.0452
7.30363
9.86031
8.89398
8.04558
7.30402
9.86082
8.89437
8.0458
7.30411
9.86159
8.89473
8.04582
7.30381
9.86252
8.89498
8.04564
7.30317
9.86369
8.89489
8.04556
7.30229
9.86287
8.89494
8.04665
7.30313
9.86398
8.90415
8.05834
7.32037
7.92169
7.14301
6.45732
5.85943
7.92072
7.1355
6.44782
5.84545
7.92118
7.13537
6.44689
5.84477
7.91997
7.1353
6.44688
5.84546
7.91891
7.13492
6.44694
5.84594
7.91794
7.13442
6.44682
5.84615
7.91713
7.13389
6.44653
5.84607
7.9165
7.13336
6.44613
5.84576
7.91609
7.13285
6.44568
5.84534
7.91593
7.13247
6.44535
5.84504
7.91566
7.13233
6.44529
5.84506
7.91532
7.13244
6.44552
5.84538
7.91528
7.13271
6.44587
5.84579
7.91552
7.13303
6.44617
5.84609
7.91599
7.13338
6.44637
5.84614
7.91669
7.13372
6.44639
5.84588
7.91752
7.13397
6.44626
5.84535
7.91855
7.13395
6.44621
5.84463
7.91798
7.13403
6.4471
5.84529
7.91888
7.14151
6.45659
5.85925
6.35146
5.72085
5.16566
4.6817
6.35066
5.71476
5.15796
4.67037
6.35095
5.71461
5.1572
4.66983
6.34989
5.71451
5.15718
4.67038
6.34895
5.71416
5.1572
4.67076
6.34808
5.71371
5.15708
4.67093
6.34735
5.71325
5.15683
4.67086
6.34679
5.71279
5.15649
4.6706
6.34641
5.71237
5.15612
4.67026
6.34626
5.71205
5.15585
4.67
6.34603
5.71194
5.1558
4.67
6.34575
5.71203
5.15598
4.67024
6.34574
5.71226
5.15626
4.67056
6.34598
5.71255
5.15651
4.67078
6.34642
5.71287
5.15667
4.67079
6.34706
5.71319
5.15671
4.67056
6.34782
5.71345
5.15661
4.67011
6.34873
5.71347
5.15658
4.6695
6.34835
5.71357
5.15731
4.67002
6.3491
5.71965
5.16501
4.68133
5.08698
4.5763
4.12673
3.73481
5.08632
4.57136
4.12048
3.72562
5.08647
4.57121
4.11984
3.72519
5.08554
4.57108
4.11981
3.72563
5.08469
4.57075
4.11981
3.72593
5.08391
4.57035
4.11969
3.72605
5.08326
4.56993
4.11947
3.72598
5.08275
4.56954
4.11918
3.72576
5.08241
4.56918
4.11887
3.72547
5.08226
4.56891
4.11864
3.72525
5.08206
4.56881
4.11859
3.72523
5.08182
4.56889
4.11873
3.72541
5.08182
4.56908
4.11895
3.72564
5.08205
4.56934
4.11915
3.72579
5.08246
4.56963
4.11928
3.72577
5.08304
4.56992
4.11931
3.72555
5.08372
4.57017
4.11924
3.72516
5.08453
4.57023
4.11922
3.72465
5.0843
4.57035
4.11982
3.72505
5.08492
4.57529
4.12607
3.73422
4.07057
3.65698
3.29284
2.9753
4.07002
3.65296
3.28777
2.96784
4.07007
3.65281
3.28724
2.96749
4.06924
3.65267
3.28719
2.96783
4.06848
3.65236
3.28717
2.96806
4.06778
3.65199
3.28705
2.96814
4.06719
3.65162
3.28685
2.96806
4.06672
3.65127
3.28659
2.96787
4.06641
3.65096
3.28632
2.96761
4.06626
3.65073
3.28612
2.96742
4.06607
3.65063
3.28607
2.96738
4.06586
3.65069
3.28617
2.9675
4.06585
3.65084
3.28633
2.96766
4.06605
3.65105
3.28648
2.96775
4.06642
3.65131
3.28658
2.9677
4.06694
3.65157
3.2866
2.96749
4.06754
3.6518
3.28655
2.96715
4.06825
3.65188
3.28653
2.96672
4.06813
3.65201
3.28703
2.96702
4.06865
3.65602
3.2921
2.97447
3.25476
2.91979
2.62478
2.36735
3.25429
2.91652
2.62065
2.36129
3.25426
2.91636
2.62021
2.361
3.25353
2.91621
2.62014
2.36125
3.25285
2.91591
2.62009
2.36141
3.25222
2.91557
2.61996
2.36145
3.25168
2.91524
2.61977
2.36137
3.25125
2.91492
2.61954
2.36118
3.25095
2.91464
2.61931
2.36096
3.25079
2.91443
2.61912
2.36078
3.2506
2.91433
2.61906
2.36072
3.25039
2.91435
2.61912
2.36079
3.25037
2.91446
2.61923
2.36089
3.25052
2.91463
2.61933
2.36093
3.25084
2.91484
2.6194
2.36086
3.25128
2.91507
2.61941
2.36066
3.25181
2.91527
2.61936
2.36036
3.25242
2.91536
2.61935
2.36
3.25237
2.91548
2.61975
2.36023
3.2528
2.91874
2.62387
2.36627
2.60074
2.32946
2.09041
1.88162
2.60033
2.3268
2.08705
1.87669
2.60026
2.32664
2.08667
1.87644
2.59961
2.32648
2.08659
1.87662
2.599
2.3262
2.08651
1.87671
2.59843
2.32588
2.08637
1.87671
2.59794
2.32557
2.08619
1.87661
2.59754
2.32528
2.08597
1.87644
2.59724
2.32501
2.08575
1.87623
2.59706
2.32481
2.08557
1.87605
2.59685
2.32469
2.08549
1.87598
2.59663
2.32467
2.08551
1.87601
2.59658
2.32473
2.08558
1.87606
2.59668
2.32485
2.08564
1.87606
2.59692
2.32501
2.08567
1.87598
2.59729
2.32519
2.08567
1.8758
2.59773
2.32536
2.08562
1.87553
2.59824
2.32544
2.08561
1.87523
2.59823
2.32555
2.08593
1.8754
2.59858
2.32821
2.08928
1.88031
2.07697
1.85732
1.66359
1.49418
2.07662
1.85515
1.66085
1.49016
2.07651
1.85499
1.66051
1.48994
2.07594
1.85482
1.66042
1.49005
2.0754
1.85455
1.66032
1.49009
2.07488
1.85425
1.66017
1.49005
2.07442
1.85395
1.65998
1.48994
2.07403
1.85367
1.65977
1.48976
2.07373
1.85341
1.65955
1.48957
2.07352
1.8532
1.65938
1.4894
2.07329
1.85306
1.65928
1.48931
2.07305
1.853
1.65926
1.48931
2.07295
1.85301
1.65928
1.48932
2.07299
1.85307
1.6593
1.48929
2.07317
1.85318
1.6593
1.4892
2.07345
1.85331
1.65928
1.48903
2.0738
1.85344
1.65923
1.4888
2.07421
1.85351
1.65922
1.48855
2.07421
1.8536
1.65948
1.48869
2.0745
1.85576
1.6622
1.49267
1.65792
1.48012
1.32311
1.18562
1.65762
1.47834
1.32087
1.18234
1.65749
1.47818
1.32058
1.18214
1.65699
1.47801
1.32046
1.18219
1.6565
1.47775
1.32034
1.18218
1.65603
1.47746
1.32018
1.18211
1.6556
1.47717
1.31998
1.18198
1.65522
1.47689
1.31977
1.18181
1.65491
1.47663
1.31956
1.18162
1.65466
1.4764
1.31938
1.18146
1.6544
1.47623
1.31925
1.18136
1.65413
1.47613
1.3192
1.18133
1.65399
1.47609
1.31918
1.18131
1.65397
1.4761
1.31916
1.18126
1.65407
1.47615
1.31914
1.18116
1.65427
1.47624
1.3191
1.18101
1.65453
1.47633
1.31906
1.18082
1.65485
1.47638
1.31904
1.18061
1.65485
1.47645
1.31925
1.18073
1.65507
1.4782
1.32146
1.18397
1.32296
1.17908
1.05185
0.940253
1.3227
1.17763
1.05001
0.937577
1.32256
1.17747
1.04975
0.937384
1.32212
1.17729
1.04962
0.937389
1.32168
1.17703
1.04948
0.937339
1.32124
1.17675
1.0493
0.93724
1.32083
1.17646
1.04911
0.937099
1.32046
1.17619
1.04889
0.936929
1.32013
1.17592
1.04868
0.936749
1.31985
1.17567
1.04848
0.936593
1.31956
1.17547
1.04834
0.936491
1.31926
1.17533
1.04826
0.936438
1.31908
1.17524
1.0482
0.936395
1.31901
1.1752
1.04815
0.93633
1.31904
1.17521
1.04811
0.936228
1.31916
1.17525
1.04806
0.936092
1.31934
1.17531
1.04801
0.935934
1.31958
1.17533
1.04799
0.935774
1.31956
1.17538
1.04816
0.935874
1.31974
1.17679
1.04995
0.938504
1.05543
0.939057
0.83599
0.745439
1.0552
0.937858
0.834483
0.743251
1.05505
0.937699
0.834239
0.74307
1.05465
0.937514
0.834101
0.743039
1.05425
0.93726
0.833948
0.742961
1.05384
0.936982
0.833764
0.742846
1.05345
0.936698
0.83356
0.742701
1.05307
0.936417
0.833346
0.742538
1.05273
0.936138
0.833129
0.74237
1.05242
0.935876
0.83293
0.742221
1.0521
0.93565
0.832773
0.742116
1.05179
0.935474
0.832662
0.742049
1.05157
0.935348
0.832577
0.74199
1.05145
0.93527
0.832503
0.741911
1.05143
0.935236
0.832437
0.741807
1.0515
0.93524
0.832376
0.741684
1.05161
0.935265
0.832322
0.741553
1.05178
0.935272
0.832302
0.741428
1.05176
0.935309
0.83244
0.741515
1.05189
0.936445
0.833892
0.743652
0.84185
0.747825
0.664414
0.591011
0.841652
0.746838
0.663177
0.589225
0.841495
0.746677
0.662954
0.589058
0.841125
0.746485
0.662808
0.589004
0.840742
0.746233
0.662647
0.588912
0.84035
0.745955
0.662459
0.588792
0.839964
0.745671
0.662255
0.588654
0.839589
0.745384
0.662042
0.588505
0.839231
0.745098
0.661827
0.588353
0.838901
0.744822
0.661626
0.588217
0.838562
0.744578
0.661458
0.588114
0.838238
0.744378
0.661329
0.588038
0.838004
0.744226
0.661223
0.587965
0.837866
0.744121
0.66113
0.587875
0.837818
0.744061
0.661049
0.587767
0.837844
0.744041
0.66098
0.587651
0.837919
0.744046
0.660925
0.587539
0.838039
0.744043
0.660904
0.58744
0.838014
0.744069
0.661015
0.587515
0.838112
0.744981
0.662187
0.589248
0.671389
0.595564
0.528181
0.468794
0.671214
0.594751
0.527168
0.467338
0.671042
0.594586
0.526963
0.467189
0.670688
0.594388
0.526815
0.467126
0.670313
0.594133
0.52665
0.467033
0.669925
0.593854
0.526463
0.466921
0.669538
0.593568
0.526264
0.466799
0.669156
0.593278
0.526058
0.466672
0.668787
0.592987
0.52585
0.466543
0.668443
0.592706
0.525652
0.466424
0.6681
0.592452
0.525482
0.466329
0.66778
0.592241
0.525343
0.466249
0.66755
0.592077
0.525225
0.466166
0.667413
0.59196
0.525121
0.466066
0.667363
0.59189
0.525031
0.465952
0.66738
0.591861
0.524958
0.465837
0.667442
0.591859
0.524903
0.465735
0.66754
0.591854
0.524882
0.465653
0.667526
0.591876
0.524971
0.465714
0.667598
0.592608
0.525915
0.467115
0.535343
0.474388
0.420104
0.372199
0.535187
0.473718
0.419275
0.371015
0.534997
0.473549
0.419088
0.370886
0.534647
0.473343
0.418941
0.370825
0.534271
0.473085
0.418778
0.37074
0.533878
0.472804
0.418597
0.370646
0.533483
0.472518
0.418409
0.37055
0.533093
0.472229
0.418216
0.370451
0.532717
0.471939
0.41802
0.370351
0.53237
0.471659
0.417833
0.370255
0.532034
0.471407
0.417667
0.370172
0.531735
0.471197
0.417528
0.370093
0.531527
0.471035
0.417406
0.370004
0.531415
0.470923
0.417298
0.369895
0.531386
0.470857
0.417206
0.369774
0.531422
0.470833
0.417134
0.369658
0.531495
0.470836
0.417083
0.36956
0.531596
0.47084
0.417064
0.369486
0.531603
0.470865
0.417136
0.369531
0.531659
0.471453
0.417894
0.370661
0.426765
0.377976
0.334401
0.295906
0.426628
0.377424
0.333725
0.294946
0.42642
0.377253
0.333554
0.294838
0.426069
0.37704
0.333412
0.294782
0.425687
0.37678
0.333255
0.294713
0.425287
0.376501
0.333085
0.294642
0.424884
0.376218
0.332911
0.294575
0.424491
0.375934
0.332736
0.294509
0.424116
0.375653
0.332559
0.29444
0.423776
0.375384
0.332388
0.29437
0.42346
0.375145
0.332235
0.294302
0.423194
0.374948
0.332103
0.29423
0.423023
0.374801
0.331986
0.294139
0.42295
0.374704
0.331882
0.294025
0.422961
0.374655
0.331794
0.2939
0.423032
0.374647
0.331728
0.293782
0.423135
0.374665
0.331684
0.293685
0.423255
0.374685
0.33167
0.293616
0.423293
0.374719
0.331731
0.293647
0.423338
0.375192
0.332339
0.294554
0.34012
0.301263
0.266422
0.235615
0.34
0.30081
0.265871
0.234838
0.339781
0.300638
0.265716
0.234747
0.339431
0.300423
0.26558
0.2347
0.339047
0.300167
0.265432
0.234646
0.338645
0.299894
0.265276
0.234598
0.338244
0.299621
0.265121
0.23456
0.337856
0.299351
0.264967
0.234524
0.337493
0.299086
0.264812
0.234486
0.337172
0.298837
0.264663
0.234442
0.336886
0.298618
0.264528
0.234392
0.33666
0.298444
0.26441
0.234329
0.336534
0.298319
0.264305
0.234242
0.336507
0.298245
0.264211
0.23413
0.336564
0.29822
0.264134
0.234007
0.336677
0.298234
0.264079
0.23389
0.336816
0.298273
0.264045
0.233797
0.336963
0.298312
0.264038
0.233731
0.337034
0.298359
0.264092
0.233751
0.337073
0.298742
0.264581
0.234479
0.270987
0.240189
0.212428
0.187862
0.270886
0.239817
0.211978
0.187232
0.270664
0.239649
0.211838
0.187153
0.270323
0.239438
0.211709
0.187111
0.269948
0.239192
0.211573
0.187069
0.269557
0.238933
0.211433
0.18704
0.26917
0.238677
0.211298
0.187025
0.268801
0.238428
0.211166
0.187016
0.268463
0.238188
0.211037
0.187003
0.268171
0.237966
0.210912
0.186982
0.267923
0.237775
0.210799
0.18695
0.267739
0.237627
0.210699
0.1869
0.267657
0.237529
0.21061
0.186822
0.267673
0.237482
0.210532
0.186718
0.267771
0.237481
0.21047
0.186602
0.267923
0.237519
0.210428
0.186494
0.268095
0.237579
0.210407
0.186408
0.268267
0.237638
0.21041
0.18635
0.268366
0.237698
0.210462
0.186363
0.268402
0.23801
0.210856
0.186948
0.215831
0.191503
0.169428
0.149872
0.215747
0.191198
0.16906
0.149358
0.215532
0.191038
0.168932
0.149287
0.215212
0.190837
0.168812
0.149246
0.214859
0.190607
0.168687
0.149211
0.214492
0.190369
0.168564
0.149195
0.214133
0.190137
0.168449
0.149196
0.213796
0.189916
0.16834
0.149204
0.213493
0.189706
0.168236
0.149211
0.213238
0.189515
0.168136
0.149209
0.213029
0.189355
0.168045
0.149194
0.212887
0.189236
0.167966
0.149157
0.212842
0.189164
0.167895
0.149091
0.212893
0.189142
0.167834
0.149
0.213022
0.189164
0.167788
0.148897
0.213201
0.189223
0.167762
0.148802
0.213397
0.189301
0.167756
0.148729
0.213586
0.189377
0.167769
0.148681
0.213705
0.189448
0.167821
0.148693
0.21374
0.189706
0.168141
0.149165
0.171837
0.152627
0.135057
0.119459
0.171767
0.152375
0.134754
0.119036
0.171568
0.152225
0.134636
0.118968
0.171276
0.152039
0.134525
0.118924
0.170953
0.15183
0.134411
0.118892
0.17062
0.151615
0.134303
0.118881
0.170298
0.151411
0.134206
0.118891
0.17
0.151219
0.134119
0.118912
0.169737
0.151042
0.134037
0.118932
0.169521
0.150884
0.133961
0.118945
0.169351
0.150754
0.133892
0.118942
0.169245
0.150662
0.133831
0.118916
0.169231
0.150614
0.133777
0.118862
0.169306
0.150613
0.133733
0.118784
0.169454
0.150655
0.133704
0.118698
0.169648
0.15073
0.133694
0.118619
0.169856
0.150823
0.133702
0.11856
0.170053
0.150912
0.133725
0.118525
0.170184
0.150991
0.133778
0.118539
0.17022
0.151207
0.134042
0.118923
0.13679
0.121543
0.107477
0.0949348
0.136728
0.121332
0.107225
0.0945836
0.136549
0.121195
0.107116
0.0945149
0.136287
0.121025
0.107012
0.0944673
0.135997
0.120835
0.106908
0.0944334
0.1357
0.120644
0.106811
0.0944236
0.135415
0.120465
0.106729
0.0944373
0.135155
0.120302
0.10666
0.0944646
0.13493
0.120154
0.106597
0.0944939
0.134748
0.120025
0.106541
0.0945158
0.134611
0.119922
0.106489
0.0945217
0.134536
0.119854
0.106444
0.0945035
0.134545
0.119827
0.106406
0.0944574
0.134637
0.119843
0.106376
0.0943906
0.134795
0.1199
0.106362
0.0943182
0.134994
0.119988
0.106365
0.0942548
0.135205
0.120091
0.106385
0.0942109
0.135402
0.120189
0.106418
0.0941877
0.135539
0.120274
0.106472
0.0942038
0.135578
0.120458
0.106693
0.0945192
0.108966
0.0966997
0.0852896
0.0750378
0.108906
0.09652
0.0850752
0.0747423
0.108744
0.0963928
0.0849746
0.0746729
0.108509
0.0962358
0.0848756
0.0746205
0.108247
0.0960625
0.0847777
0.0745829
0.107979
0.0958897
0.0846893
0.0745707
0.107724
0.0957314
0.0846176
0.0745837
0.107494
0.0955904
0.08456
0.0746128
0.107298
0.095466
0.0845116
0.0746462
0.107142
0.0953602
0.0844689
0.0746729
0.10703
0.0952781
0.0844308
0.0746827
0.106978
0.095228
0.0843973
0.0746672
0.107003
0.0952168
0.0843695
0.0746249
0.107105
0.0952465
0.0843512
0.0745651
0.107267
0.0953143
0.0843479
0.0745031
0.107466
0.0954114
0.0843629
0.0744517
0.107674
0.0955218
0.0843927
0.0744192
0.107867
0.095625
0.0844319
0.0744055
0.108004
0.0957134
0.0844876
0.074424
0.108052
0.0958755
0.0846758
0.0746859
0.0870042
0.0768988
0.0674397
0.0588547
0.0869383
0.0767405
0.0672539
0.0586031
0.0867882
0.0766214
0.0671594
0.0585334
0.0865718
0.076474
0.0670638
0.0584763
0.0863298
0.0763119
0.0669691
0.0584335
0.0860819
0.0761512
0.0668843
0.0584158
0.0858466
0.0760058
0.0668171
0.058424
0.0856358
0.0758787
0.0667655
0.0584498
0.085457
0.0757693
0.0667245
0.058482
0.0853169
0.0756785
0.0666898
0.0585084
0.0852199
0.0756104
0.0666593
0.0585175
0.0851808
0.0755724
0.0666326
0.058501
0.0852153
0.0755717
0.0666118
0.0584594
0.0853201
0.0756103
0.0666013
0.0584034
0.0854806
0.0756851
0.0666062
0.0583483
0.0856746
0.0757874
0.066629
0.0583052
0.0858761
0.0759013
0.0666656
0.0582804
0.0860624
0.0760072
0.0667095
0.0582733
0.0861971
0.0760973
0.0667653
0.0582931
0.0862565
0.0762447
0.0669304
0.0585138
0.0697692
0.0611841
0.0531274
0.0457428
0.0696923
0.0610398
0.0529629
0.0455259
0.0695497
0.0609269
0.0528736
0.0454566
0.0693457
0.0607862
0.0527799
0.0453952
0.0691161
0.060631
0.0526858
0.0453458
0.0688802
0.060477
0.0526008
0.0453196
0.0686557
0.0603379
0.052533
0.0453184
0.0684545
0.0602174
0.0524814
0.0453355
0.0682836
0.0601152
0.0524415
0.0453606
0.0681495
0.0600317
0.0524089
0.0453815
0.0680578
0.0599705
0.0523809
0.0453864
0.0680225
0.0599386
0.0523572
0.0453674
0.0680567
0.0599427
0.0523404
0.0453258
0.0681569
0.0599851
0.0523348
0.0452731
0.0683089
0.0600621
0.052345
0.0452236
0.0684919
0.0601647
0.0523725
0.0451868
0.068682
0.0602777
0.0524128
0.0451676
0.0688574
0.0603827
0.0524591
0.0451649
0.0689863
0.0604721
0.0525142
0.0451857
0.0690578
0.0606098
0.0526624
0.0453745
0.0562484
0.0487476
0.041723
0.0352452
0.0561597
0.0486131
0.0415751
0.035057
0.0560226
0.0485059
0.0414905
0.0349886
0.0558284
0.0483712
0.0413985
0.0349232
0.0556088
0.0482218
0.041304
0.0348662
0.055382
0.0480724
0.0412168
0.0348292
0.0551649
0.0479366
0.0411454
0.034815
0.0549689
0.0478187
0.0410898
0.0348187
0.0548009
0.0477186
0.0410465
0.0348317
0.0546669
0.0476372
0.0410116
0.0348431
0.054573
0.0475776
0.0409827
0.034842
0.0545326
0.0475466
0.0409597
0.0348209
0.0545572
0.0475506
0.040945
0.0347814
0.0546434
0.0475914
0.0409425
0.0347338
0.0547782
0.0476648
0.0409555
0.0346908
0.0549423
0.047762
0.0409849
0.0346604
0.0551138
0.0478687
0.0410262
0.0346464
0.0552726
0.0479683
0.0410728
0.0346476
0.0553907
0.0480536
0.041126
0.0346695
0.0554712
0.0481829
0.0412605
0.0348326
0.0455218
0.0388825
0.0327055
0.0270093
0.0454251
0.038757
0.0325722
0.0268463
0.0452952
0.0386568
0.0324929
0.0267795
0.045113
0.0385304
0.0324039
0.0267108
0.044906
0.038389
0.0323101
0.0266464
0.0446909
0.0382462
0.0322213
0.0265981
0.0444833
0.038115
0.0321464
0.02657
0.0442938
0.0379997
0.0320861
0.0265588
0.0441287
0.037901
0.0320382
0.0265578
0.0439934
0.0378199
0.0319996
0.0265584
0.0438942
0.0377599
0.0319687
0.0265512
0.0438436
0.0377272
0.0319457
0.0265296
0.043852
0.0377278
0.0319324
0.0264944
0.043917
0.0377626
0.0319317
0.0264539
0.0440269
0.0378275
0.0319458
0.0264187
0.0441644
0.0379139
0.0319749
0.0263955
0.0443102
0.0380091
0.0320148
0.026387
0.044446
0.0380987
0.0320597
0.0263925
0.044548
0.038176
0.0321094
0.0264157
0.044631
0.0382953
0.0322307
0.0265562
0.0368145
0.0309882
0.0256296
0.0207173
0.0367166
0.0308742
0.025512
0.0205783
0.0365976
0.0307836
0.025439
0.0205141
0.036432
0.0306689
0.025355
0.0204436
0.0362431
0.0305397
0.0252646
0.0203735
0.0360453
0.030408
0.0251774
0.0203162
0.0358526
0.0302859
0.0251023
0.0202772
0.0356743
0.0301776
0.0250406
0.0202542
0.0355159
0.0300836
0.0249906
0.0202419
0.0353822
0.0300051
0.0249503
0.0202336
0.0352796
0.0299461
0.0249188
0.0202216
0.03522
0.0299127
0.0248965
0.0202003
0.0352125
0.0299097
0.0248848
0.0201696
0.0352553
0.0299373
0.0248852
0.0201358
0.0353384
0.0299915
0.0248991
0.0201077
0.0354467
0.0300644
0.0249262
0.0200909
0.0355636
0.0301454
0.0249632
0.0200875
0.0356734
0.0302223
0.0250048
0.0200967
0.0357559
0.0302886
0.0250495
0.0201204
0.0358344
0.0303944
0.0251559
0.0202391
0.0295752
0.0246031
0.0201163
0.0160444
0.0294834
0.024505
0.0200168
0.0159295
0.0293788
0.0244264
0.0199517
0.0158692
0.0292337
0.0243264
0.0198747
0.0157989
0.0290677
0.0242131
0.0197908
0.0157261
0.0288926
0.0240973
0.0197093
0.0156645
0.0287202
0.02399
0.0196394
0.0156206
0.0285587
0.0238948
0.0195822
0.0155927
0.0284129
0.0238117
0.0195359
0.0155755
0.0282874
0.0237417
0.0194985
0.0155625
0.0281888
0.0236888
0.0194695
0.0155473
0.0281284
0.0236589
0.0194497
0.0155251
0.0281134
0.0236557
0.0194399
0.0154959
0.0281421
0.0236791
0.0194411
0.015465
0.0282056
0.023725
0.0194542
0.0154401
0.0282908
0.0237865
0.0194788
0.0154263
0.0283834
0.0238548
0.0195123
0.0154254
0.0284703
0.0239197
0.0195498
0.015436
0.0285348
0.0239749
0.0195885
0.0154584
0.0286041
0.0240647
0.0196781
0.0155553
0.0235
0.0194198
0.0158527
0.0126547
0.0234198
0.0193414
0.0157737
0.0125635
0.0233312
0.0192762
0.0157173
0.0125086
0.0232081
0.0191917
0.0156486
0.0124401
0.0230673
0.0190963
0.0155733
0.0123678
0.0229179
0.0189994
0.0155014
0.0123068
0.0227696
0.0189117
0.0154419
0.0122649
0.0226301
0.0188358
0.0153956
0.0122399
0.022504
0.0187708
0.0153596
0.0122249
0.0223957
0.0187167
0.0153307
0.0122119
0.0223124
0.0186769
0.015308
0.0121942
0.0222643
0.0186573
0.0152926
0.0121683
0.0222566
0.0186606
0.0152855
0.0121351
0.0222867
0.0186864
0.0152878
0.0121008
0.0223461
0.018731
0.0153005
0.0120731
0.0224225
0.0187879
0.0153232
0.0120571
0.0225032
0.0188495
0.0153538
0.0120544
0.0225771
0.018907
0.0153876
0.0120628
0.0226303
0.0189544
0.0154207
0.0120812
0.0226901
0.0190287
0.0154934
0.0121576
0.0184587
0.0152546
0.0125911
0.0102323
0.0183928
0.0151972
0.012533
0.0101631
0.0183195
0.0151451
0.0124855
0.010114
0.0182177
0.0150754
0.012425
0.0100481
0.0181019
0.0149974
0.012359
0.0099776
0.0179789
0.0149202
0.0122983
0.00992011
0.0178571
0.0148541
0.0122522
0.0098846
0.0177437
0.0148014
0.012221
0.00986769
0.017644
0.0147602
0.0121999
0.00985955
0.0175626
0.0147287
0.0121839
0.00984929
0.0175064
0.0147093
0.0121707
0.00982888
0.0174846
0.0147071
0.0121617
0.00979577
0.0175003
0.0147249
0.0121585
0.00975337
0.0175494
0.0147619
0.0121631
0.0097096
0.0176229
0.0148146
0.0121769
0.00967328
0.0177081
0.0148763
0.0121996
0.00965006
0.0177929
0.01494
0.0122292
0.00964127
0.0178668
0.0149974
0.0122609
0.00964425
0.0179184
0.0150426
0.0122904
0.00965707
0.0179718
0.0151049
0.0123487
0.0097158
0.0143684
0.0119846
0.0101427
0.00852945
0.0143169
0.0119468
0.0101035
0.00847894
0.0142567
0.0119057
0.0100639
0.00843479
0.0141741
0.0118487
0.0100104
0.00837033
0.0140819
0.0117861
0.00995249
0.00830047
0.0139846
0.0117269
0.00990185
0.00824543
0.0138895
0.0116816
0.00986856
0.00821566
0.0138044
0.0116525
0.00985246
0.00820659
0.0137356
0.0116369
0.00984706
0.00820524
0.0136878
0.0116315
0.00984504
0.00819728
0.0136674
0.011637
0.00984295
0.00817297
0.0136819
0.0116582
0.00984196
0.00813069
0.0137329
0.0116975
0.00984472
0.00807643
0.0138145
0.011754
0.00985385
0.00802041
0.0139164
0.0118236
0.0098712
0.00797284
0.0140249
0.0118992
0.00989659
0.00793997
0.0141271
0.0119733
0.00992798
0.00792325
0.0142126
0.012038
0.00996046
0.00791981
0.0142714
0.0120873
0.00998929
0.00792734
0.0143215
0.0121423
0.0100376
0.00797316
0.0111141
0.00949679
0.00836521
0.00738896
0.0110757
0.00947469
0.00834106
0.00735322
0.0110253
0.00944146
0.00830712
0.00731222
0.0109591
0.00939457
0.00825876
0.00724681
0.0108881
0.00934449
0.00820608
0.00717384
0.0108144
0.00929984
0.00816186
0.00711629
0.0107438
0.00927131
0.00813709
0.00708641
0.0106854
0.00926186
0.00813163
0.0070792
0.010647
0.00926878
0.00813806
0.00707948
0.0106339
0.009288
0.00814765
0.00707035
0.0106514
0.00931924
0.00815594
0.00704082
0.010706
0.00936651
0.00816405
0.00699
0.0107973
0.00943186
0.00817496
0.00692562
0.0109177
0.00951335
0.00819144
0.00685936
0.0110552
0.00960584
0.0082153
0.00680228
0.0111944
0.00970132
0.00824617
0.00676118
0.0113213
0.00979172
0.00828203
0.00673791
0.0114251
0.0098688
0.00831812
0.00672982
0.0114966
0.0099267
0.00834957
0.00673436
0.0115441
0.00997847
0.0083924
0.00677189
0.00857472
0.00767665
0.00713816
0.00669897
0.00854741
0.00766577
0.00712465
0.00667459
0.00850274
0.00763659
0.00709381
0.00663536
0.00844965
0.00759689
0.00704823
0.00656734
0.00839693
0.00755592
0.00699736
0.00648796
0.00834332
0.00752116
0.00695455
0.00642212
0.00829274
0.00750338
0.00693183
0.00638412
0.00825526
0.00750645
0.00692971
0.00636981
0.00824115
0.00752873
0.006941
0.00636376
0.00825696
0.00756662
0.00695683
0.00634847
0.00830826
0.00761977
0.00697259
0.00631283
0.00840021
0.00769169
0.00698929
0.00625642
0.00853063
0.00778333
0.00700947
0.00618715
0.0086896
0.007891
0.00703511
0.00611636
0.00886307
0.008008
0.00706733
0.00605493
0.00903371
0.00812504
0.00710542
0.00600992
0.00918645
0.00823339
0.00714735
0.00598366
0.00931004
0.00832475
0.00718878
0.00597401
0.00939565
0.00839289
0.00722465
0.00597801
0.00943878
0.00844335
0.00726515
0.00601009
0.00670361
0.00641731
0.00632851
0.00631161
0.00668472
0.00641326
0.00632174
0.00629578
0.00664288
0.00638514
0.00629225
0.00625889
0.00659974
0.00634993
0.00624775
0.00618951
0.00656274
0.00631511
0.00619629
0.00610398
0.00652592
0.00628607
0.00615095
0.00602754
0.00648999
0.00627315
0.00612462
0.00597618
0.00646558
0.00628108
0.00611897
0.00594784
0.0064657
0.00630993
0.00612796
0.0059289
0.00649974
0.00635764
0.00614368
0.00590329
0.00657479
0.00642482
0.00616216
0.00586112
0.00669509
0.00651471
0.00618429
0.00580221
0.00685654
0.00662679
0.00621165
0.00573319
0.00704693
0.00675536
0.00624486
0.00566349
0.00724996
0.0068921
0.00628415
0.00560277
0.00744637
0.00702655
0.00632836
0.00555805
0.00762009
0.00714945
0.00637543
0.00553203
0.00775991
0.00725248
0.00642135
0.00552292
0.00785745
0.00732898
0.0064608
0.00552695
0.00789464
0.00737875
0.00650027
0.00555457
0.00552054
0.00560504
0.00577841
0.00603027
0.00550612
0.00560442
0.00577573
0.00602053
0.00546695
0.0055771
0.0057478
0.00598794
0.00543236
0.00554567
0.00570474
0.00592059
0.00540983
0.00551634
0.00565311
0.00583242
0.00538814
0.00549185
0.00560499
0.00574756
0.00536335
0.00548126
0.00557355
0.00568309
0.00534535
0.00548949
0.00556147
0.00563941
0.00534947
0.00551809
0.00556411
0.00560559
0.00538859
0.00556685
0.00557486
0.00556806
0.00547204
0.00563773
0.00559071
0.00551881
0.00560362
0.0057339
0.00561252
0.00545786
0.00577837
0.00585378
0.00564097
0.00539003
0.00598286
0.00599042
0.00567566
0.00532238
0.00619932
0.00613471
0.00571628
0.0052632
0.00640718
0.00627569
0.0057615
0.00521937
0.0065899
0.00640386
0.0058092
0.00519377
0.00673682
0.00651112
0.00585547
0.00518453
0.00684045
0.00659061
0.00589498
0.00518699
0.00687276
0.00663959
0.00593333
0.00521075
0.00492121
0.00508729
0.00533797
0.00569055
0.00490722
0.00508857
0.00533823
0.00568484
0.00487359
0.00506508
0.00531408
0.00565806
0.00484886
0.00504016
0.00527522
0.00559571
0.00484061
0.0050191
0.00522706
0.00550908
0.00483383
0.00500226
0.00518019
0.00542059
0.00481993
0.00499643
0.00514719
0.0053478
0.00480669
0.00500578
0.00513106
0.00529296
0.00481012
0.00503234
0.00512795
0.00524727
0.00484531
0.00507715
0.00513221
0.00519911
0.00492298
0.00514308
0.00514157
0.00514209
0.0050468
0.00523331
0.00515697
0.00507649
0.00521271
0.00534609
0.00517877
0.00500592
0.00540822
0.00547466
0.00520641
0.00493591
0.00561593
0.00561052
0.00523991
0.00487406
0.00581564
0.00574341
0.00527836
0.00482739
0.00599135
0.00586425
0.00531972
0.00479883
0.0061335
0.00596553
0.00536016
0.00478623
0.00623557
0.00604099
0.00539496
0.00478456
0.00626565
0.00608828
0.00543151
0.0048057
0.0045941
0.00468444
0.00489957
0.00523284
0.00457915
0.00468761
0.00490253
0.00522967
0.0045543
0.00467195
0.00488473
0.00520854
0.00454198
0.00465755
0.00485342
0.00515233
0.00454804
0.00464863
0.00481321
0.00507042
0.00455637
0.00464386
0.00477314
0.00498354
0.00455543
0.00464752
0.00474439
0.00490908
0.00455047
0.00466227
0.00472943
0.00485009
0.00455655
0.00468963
0.00472434
0.00479846
0.00458883
0.00473072
0.00472366
0.00474321
0.0046575
0.00478832
0.00472534
0.00467861
0.00476572
0.00486542
0.00473042
0.00460533
0.00491089
0.00496089
0.00473966
0.0045269
0.00508278
0.00506931
0.0047533
0.00444877
0.00526616
0.00518401
0.00477237
0.00437877
0.00544323
0.00529664
0.00479697
0.00432419
0.00559993
0.00539945
0.00482552
0.00428809
0.00572837
0.00548604
0.00485457
0.00426824
0.00582282
0.0055517
0.00488092
0.00426033
0.00585197
0.005596
0.00491486
0.00427992
0.00424269
0.00424225
0.00438896
0.00466213
0.00422794
0.00424732
0.004394
0.00466046
0.00421348
0.00424138
0.00438338
0.00464299
0.004215
0.00423922
0.00436095
0.00459222
0.0042348
0.00424365
0.00433086
0.00451666
0.004258
0.00425281
0.00430088
0.00443517
0.00427208
0.0042688
0.00428024
0.00436415
0.0042801
0.00429266
0.00427044
0.00430646
0.00429509
0.00432471
0.00426691
0.00425377
0.0043306
0.00436498
0.0042637
0.0041947
0.0043947
0.00441514
0.00425835
0.00412337
0.00448936
0.00447766
0.00425201
0.00404077
0.0046129
0.00455233
0.00424632
0.00395131
0.00475718
0.0046356
0.00424277
0.00386141
0.00491007
0.00472313
0.00424372
0.00377952
0.0050577
0.00480932
0.00425054
0.00371301
0.00518918
0.00488841
0.00426254
0.00366524
0.00529872
0.0049556
0.00427712
0.00363465
0.00538143
0.00500839
0.00429323
0.00361886
0.00540893
0.00504864
0.00432389
0.00363634
0.0036765
0.00365771
0.00374591
0.00393606
0.00366596
0.00366554
0.00375198
0.00393453
0.00366309
0.0036701
0.00374835
0.00391803
0.00367912
0.00368042
0.00373493
0.00387114
0.00371249
0.00369787
0.00371538
0.00380205
0.00375133
0.00372136
0.00369664
0.00372721
0.00378405
0.0037517
0.00368596
0.00366089
0.00381171
0.00378849
0.00368382
0.0036054
0.00384418
0.00383034
0.00368504
0.0035524
0.00389173
0.00387539
0.00368302
0.00349037
0.00395925
0.0039233
0.00367451
0.00341298
0.00404722
0.00397564
0.00366046
0.00332132
0.00415422
0.00403293
0.00364319
0.00322064
0.00427378
0.00409338
0.00362527
0.0031183
0.00439716
0.00415508
0.00361012
0.003023
0.00451506
0.00421539
0.0036004
0.00294189
0.00462036
0.00427095
0.00359655
0.00287904
0.0047093
0.00431872
0.0035973
0.00283457
0.00477812
0.00435843
0.00360373
0.00280898
0.0048026
0.00439385
0.0036312
0.00282408
0.00299034
0.00313356
0.00312472
0.00301669
0.00299473
0.00314578
0.00312911
0.00301079
0.00300526
0.00315913
0.003131
0.00299416
0.00303421
0.00317726
0.00312461
0.00295154
0.00307947
0.00320186
0.0031135
0.00289053
0.00313473
0.00323478
0.00310469
0.00282452
0.00319206
0.00327719
0.00310403
0.00276501
0.00325034
0.00332759
0.00311146
0.00271414
0.00331377
0.00338209
0.00312145
0.00266503
0.00338637
0.00343573
0.0031267
0.00260745
0.00346852
0.00348539
0.00312282
0.00253516
0.00355948
0.00353132
0.00310986
0.0024486
0.0036581
0.00357462
0.00309016
0.00235241
0.00375999
0.00361559
0.00306697
0.00225318
0.00386017
0.00365494
0.00304448
0.00215856
0.00395394
0.00369297
0.00302634
0.00207479
0.00403755
0.00372861
0.00301407
0.00200644
0.00410844
0.00376023
0.00300744
0.00195543
0.00416353
0.00378805
0.00300778
0.00192407
0.00418505
0.00381665
0.00303208
0.00194208
0.00326361
0.00341971
0.00310347
0.00226344
0.00327019
0.00341694
0.00309155
0.00224278
0.00327251
0.00340997
0.00307854
0.00222771
0.00328089
0.00339769
0.00305339
0.0021959
0.00329747
0.00338456
0.00302125
0.0021531
0.00332409
0.0033777
0.002991
0.00210903
0.00336034
0.00338159
0.00296914
0.00207202
0.00340464
0.00339567
0.00295633
0.00204464
0.0034549
0.00341449
0.00294728
0.00202306
0.00350796
0.00343052
0.00293416
0.00200009
0.00356069
0.00343856
0.00291148
0.00197006
0.00361259
0.00343836
0.00287851
0.00193138
0.00366412
0.00343256
0.00283807
0.00188555
0.00371469
0.00342455
0.00279474
0.00183602
0.00376371
0.00341796
0.00275384
0.00178753
0.00381046
0.00341537
0.00271971
0.00174426
0.00385383
0.00341733
0.00269431
0.00170917
0.00389207
0.00342276
0.00267709
0.00168209
0.00392291
0.0034312
0.00266822
0.00166287
0.00394315
0.00344929
0.00268322
0.00167448
0.00515283
0.00402125
0.00330521
0.00315228
0.00510579
0.00398025
0.00327483
0.0031464
0.00505716
0.00392911
0.00322933
0.00311705
0.00498918
0.00385595
0.00316123
0.00307081
0.00490821
0.00376765
0.00307844
0.00301562
0.00482323
0.00367482
0.00299273
0.00296203
0.00474242
0.00358651
0.00291367
0.00291856
0.00466839
0.0035058
0.0028445
0.00288793
0.00459819
0.00342945
0.00278158
0.00286632
0.0045262
0.00335119
0.00271779
0.0028462
0.0044487
0.00326668
0.00264765
0.00282079
0.00436667
0.00317655
0.0025705
0.00278713
0.00428403
0.00308515
0.0024898
0.00274625
0.00420583
0.0029983
0.00241114
0.00270189
0.0041368
0.00292154
0.00234038
0.00265901
0.00408004
0.00285838
0.00228143
0.00262156
0.00403708
0.00281022
0.00223576
0.00259144
0.00400866
0.00277742
0.00220307
0.00256812
0.00399379
0.00275915
0.00218311
0.00255158
0.00401381
0.00276707
0.00217915
0.00252824
)
;

boundaryField
{
    inlet
    {
        type            calculated;
        value           nonuniform List<scalar> 
80
(
6093.46
6088.85
6086.63
6085.62
6085.24
6085.16
6085.22
6085.34
6085.51
6085.75
6085.75
6085.51
6085.34
6085.22
6085.16
6085.24
6085.62
6086.63
6088.85
6093.46
3900.55
3897.4
3896.17
3895.78
3895.7
3895.69
3895.62
3895.46
3895.2
3894.94
3894.94
3895.2
3895.46
3895.62
3895.69
3895.7
3895.78
3896.17
3897.4
3900.55
3422.67
3418.64
3417.85
3417.77
3417.78
3417.66
3417.37
3416.92
3416.37
3415.89
3415.89
3416.37
3416.92
3417.37
3417.66
3417.78
3417.77
3417.85
3418.64
3422.67
4775.51
4772.71
4772.31
4772.24
4772.03
4771.59
4770.97
4770.21
4769.44
4768.89
4768.89
4769.44
4770.21
4770.97
4771.59
4772.03
4772.24
4772.31
4772.71
4775.51
)
;
    }
    outlet
    {
        type            calculated;
        value           nonuniform List<scalar> 
80
(
0.00622262
0.00618353
0.00609825
0.0059823
0.005839
0.00568262
0.00552584
0.00537385
0.00522442
0.00507198
0.00491227
0.00474834
0.00458638
0.00443437
0.00429963
0.00418679
0.00409727
0.0040337
0.00399788
0.00398169
0.00414485
0.00411051
0.00403533
0.00392898
0.00379783
0.00365562
0.00351466
0.00338018
0.00325011
0.00311888
0.00298216
0.00284227
0.00270464
0.00257633
0.0024639
0.00237109
0.00229806
0.00224689
0.00221878
0.00220326
0.00323393
0.00320495
0.00314219
0.00304818
0.0029332
0.0028124
0.00269884
0.00259763
0.00250542
0.00241456
0.00231884
0.00221865
0.00211804
0.00202323
0.00194042
0.00187309
0.00182043
0.00178356
0.00176242
0.00175429
0.00376684
0.00374554
0.00369596
0.0036199
0.00352854
0.00343701
0.00335762
0.00329443
0.0032427
0.00319306
0.00313748
0.003074
0.00300504
0.002936
0.00287296
0.00282005
0.00277761
0.00274665
0.00272588
0.00272007
)
;
    }
    inner-wall
    {
        type            calculated;
        value           nonuniform List<scalar> 
1600
(
6476.02
6424.49
6421.3
6419.87
6419.26
6419.18
6419.47
6420.04
6420.84
6421.7
6421.7
6420.84
6420.04
6419.47
6419.18
6419.26
6419.87
6421.3
6424.49
6476.01
3127.56
3142.65
3137.44
3136.14
3135.45
3135.15
3135.13
3135.37
3135.86
3137.41
3137.41
3135.86
3135.37
3135.13
3135.14
3135.45
3136.14
3137.44
3142.65
3127.56
3559.75
3572.66
3568.45
3568.03
3567.86
3567.88
3568.07
3568.46
3569.14
3571.11
3571.11
3569.14
3568.46
3568.07
3567.88
3567.85
3568.03
3568.45
3572.66
3559.74
4913.48
4915.18
4911.93
4911.99
4912.34
4912.91
4913.61
4914.4
4915.34
4917.25
4917.25
4915.33
4914.4
4913.61
4912.91
4912.34
4911.99
4911.93
4915.17
4913.47
5766.41
5764.13
5761.31
5761.66
5762.4
5763.45
5764.63
5765.83
5767.04
5768.97
5768.97
5767.03
5765.82
5764.62
5763.45
5762.4
5761.66
5761.31
5764.13
5766.4
5943.03
5941.8
5939.39
5940.09
5941.19
5942.63
5944.21
5945.76
5947.23
5949.22
5949.21
5947.23
5945.76
5944.2
5942.63
5941.19
5940.09
5939.39
5941.79
5943.03
5500.17
5503.25
5501.24
5502.3
5503.69
5505.39
5507.22
5509.02
5510.67
5512.67
5512.67
5510.67
5509.02
5507.22
5505.39
5503.69
5502.29
5501.24
5503.25
5500.16
4597.91
4607.41
4605.74
4607.12
4608.73
4610.59
4612.54
4614.46
4616.2
4618.12
4618.12
4616.2
4614.46
4612.54
4610.59
4608.73
4607.12
4605.74
4607.41
4597.9
3538.7
3554.09
3552.69
3554.35
3556.19
3558.2
3560.27
3562.26
3564.03
3565.76
3565.76
3564.03
3562.26
3560.26
3558.19
3556.19
3554.34
3552.69
3554.08
3538.69
2705.97
2721.69
2720.39
2722.05
2723.93
2725.95
2727.99
2729.92
2731.55
2732.9
2732.9
2731.54
2729.92
2727.99
2725.95
2723.93
2722.05
2720.38
2721.68
2705.96
2253.24
2262.69
2261.23
2262.27
2263.55
2264.95
2266.38
2267.73
2268.84
2269.68
2269.68
2268.84
2267.73
2266.38
2264.95
2263.54
2262.27
2261.23
2262.68
2253.24
1944.77
1948.69
1947.06
1947.23
1947.57
1947.98
1948.45
1948.95
1949.39
1949.8
1949.8
1949.39
1948.94
1948.45
1947.98
1947.56
1947.23
1947.06
1948.69
1944.77
1579.13
1581.96
1580.36
1580.03
1579.73
1579.46
1579.25
1579.15
1579.16
1579.36
1579.36
1579.16
1579.15
1579.25
1579.46
1579.73
1580.02
1580.36
1581.95
1579.13
1197.4
1201.51
1200.16
1199.78
1199.37
1198.94
1198.56
1198.29
1198.19
1198.38
1198.38
1198.19
1198.29
1198.56
1198.94
1199.37
1199.78
1200.16
1201.51
1197.39
908.66
913.723
912.647
912.45
912.208
911.936
911.686
911.517
911.475
911.716
911.716
911.475
911.517
911.685
911.934
912.207
912.448
912.645
913.722
908.658
735.524
740.307
739.437
739.37
739.277
739.164
739.062
739.009
739.037
739.291
739.291
739.036
739.009
739.061
739.163
739.276
739.369
739.436
740.305
735.523
628.646
632.681
631.969
631.952
631.929
631.903
631.892
631.915
631.986
632.216
632.215
631.985
631.914
631.891
631.902
631.928
631.951
631.968
632.68
628.645
551.943
555.219
554.648
554.665
554.69
554.727
554.784
554.866
554.971
555.168
555.168
554.97
554.866
554.784
554.726
554.689
554.664
554.647
555.218
551.942
492
494.522
494.064
494.094
494.141
494.208
494.296
494.402
494.515
494.676
494.676
494.515
494.401
494.295
494.207
494.14
494.093
494.063
494.521
491.998
438.505
440.379
439.998
440.011
440.043
440.095
440.166
440.253
440.345
440.469
440.468
440.345
440.253
440.165
440.094
440.042
440.009
439.996
440.377
438.503
384.833
386.255
385.928
385.915
385.917
385.934
385.97
386.02
386.08
386.171
386.171
386.079
386.019
385.968
385.933
385.915
385.913
385.926
386.253
384.831
331.155
332.294
332.015
331.985
331.964
331.955
331.961
331.983
332.017
332.083
332.083
332.016
331.982
331.959
331.953
331.962
331.982
332.012
332.292
331.153
280.9
281.85
281.615
281.581
281.551
281.531
281.524
281.53
281.549
281.6
281.6
281.548
281.529
281.522
281.529
281.549
281.578
281.612
281.847
280.897
236.698
237.497
237.303
237.273
237.245
237.225
237.215
237.216
237.228
237.268
237.267
237.227
237.215
237.213
237.222
237.242
237.27
237.3
237.494
236.694
199.176
199.841
199.682
199.657
199.635
199.619
199.611
199.612
199.621
199.652
199.652
199.62
199.61
199.609
199.616
199.632
199.654
199.679
199.837
199.172
167.615
168.159
168.029
168.009
167.991
167.979
167.974
167.975
167.983
168.008
168.007
167.982
167.973
167.971
167.976
167.988
168.005
168.025
168.154
167.611
140.9
141.339
141.232
141.216
141.202
141.192
141.188
141.189
141.195
141.215
141.214
141.194
141.187
141.185
141.189
141.198
141.211
141.228
141.334
140.895
118.076
118.428
118.34
118.326
118.314
118.306
118.302
118.303
118.307
118.322
118.322
118.306
118.3
118.299
118.302
118.31
118.321
118.336
118.423
118.071
98.4897
98.7725
98.7003
98.6875
98.6768
98.6692
98.6654
98.6652
98.668
98.6799
98.6794
98.6666
98.6629
98.6623
98.6654
98.6724
98.6826
98.6951
98.7672
98.4843
81.7198
81.9475
81.8879
81.8766
81.867
81.86
81.8561
81.8552
81.8569
81.866
81.8655
81.8553
81.8528
81.8528
81.856
81.8623
81.8714
81.8824
81.9417
81.7139
67.4576
67.6416
67.5925
67.5826
67.5741
67.5678
67.564
67.5627
67.5635
67.5705
67.5699
67.5619
67.5601
67.5605
67.5635
67.5692
67.5771
67.5867
67.6354
67.4514
55.4297
55.5786
55.5383
55.5298
55.5224
55.5169
55.5133
55.5118
55.5121
55.5175
55.5169
55.5104
55.5091
55.5096
55.5123
55.5172
55.524
55.5321
55.5721
55.4231
45.3669
45.4874
45.4544
45.4472
45.4409
45.4361
45.433
45.4315
45.4315
45.4356
45.435
45.4297
45.4287
45.4292
45.4315
45.4355
45.4412
45.448
45.4807
45.36
37.0047
37.1022
37.0753
37.0692
37.064
37.0599
37.0572
37.0558
37.0556
37.0588
37.0582
37.0538
37.0529
37.0533
37.0551
37.0585
37.0631
37.0687
37.0954
36.9977
30.0935
30.1724
30.1504
30.1454
30.141
30.1377
30.1354
30.1342
30.1339
30.1363
30.1357
30.1321
30.1313
30.1315
30.1329
30.1356
30.1394
30.1439
30.1657
30.0866
24.4073
24.4711
24.4532
24.449
24.4454
24.4426
24.4407
24.4397
24.4393
24.4413
24.4407
24.4376
24.4369
24.437
24.4381
24.4402
24.4432
24.447
24.4646
24.4007
19.7472
19.7988
19.7841
19.7807
19.7777
19.7754
19.7738
19.7729
19.7726
19.7741
19.7735
19.771
19.7703
19.7703
19.7712
19.7728
19.7753
19.7784
19.7927
19.7411
15.9416
15.9832
15.9713
15.9684
15.9659
15.964
15.9626
15.9619
15.9616
15.9627
15.9622
15.9601
15.9595
15.9595
15.9602
15.9615
15.9636
15.9661
15.9778
15.936
12.8439
12.8776
12.8678
12.8654
12.8633
12.8617
12.8605
12.8598
12.8595
12.8604
12.8599
12.8582
12.8577
12.8577
12.8583
12.8594
12.8611
12.8632
12.8728
12.839
10.3303
10.3575
10.3495
10.3475
10.3457
10.3442
10.3432
10.3425
10.3422
10.3429
10.3425
10.3411
10.3407
10.3407
10.3413
10.3423
10.3438
10.3456
10.3534
10.3261
8.29642
8.31835
8.31179
8.31
8.30843
8.30715
8.30621
8.30561
8.3053
8.30583
8.30548
8.30429
8.30401
8.3041
8.30461
8.30552
8.3068
8.30836
8.31477
8.29276
6.65475
6.67243
6.66704
6.66548
6.66409
6.66295
6.66209
6.66153
6.66122
6.66161
6.6613
6.66032
6.66012
6.66024
6.66073
6.66156
6.6627
6.66406
6.66933
6.65158
5.33255
5.34678
5.34233
5.34096
5.33973
5.3387
5.33792
5.33739
5.33709
5.33737
5.33709
5.33628
5.33612
5.33626
5.33671
5.33747
5.33848
5.33967
5.34401
5.32971
4.26947
4.28092
4.27724
4.27604
4.27495
4.27403
4.27331
4.27281
4.27251
4.2727
4.27243
4.27175
4.27161
4.27173
4.27214
4.27282
4.2737
4.27474
4.27831
4.2668
3.41589
3.42509
3.42205
3.42099
3.42002
3.4192
3.41855
3.41808
3.41777
3.41788
3.41761
3.417
3.41686
3.41696
3.41731
3.41788
3.41865
3.41953
3.42246
3.4132
2.73126
2.73863
2.73612
2.7352
2.73434
2.73361
2.73301
2.73256
2.73224
2.73226
2.73198
2.73142
2.73126
2.73131
2.73159
2.73207
2.7327
2.73344
2.73583
2.72838
2.18264
2.18855
2.18647
2.18568
2.18493
2.18427
2.18371
2.18327
2.18294
2.18288
2.18257
2.18205
2.18185
2.18185
2.18204
2.18241
2.18292
2.18351
2.18544
2.17945
1.74343
1.74816
1.74645
1.74576
1.74511
1.74452
1.744
1.74357
1.74322
1.74308
1.74274
1.74223
1.742
1.74194
1.74205
1.74231
1.74269
1.74315
1.74469
1.73986
1.39213
1.39591
1.39451
1.39391
1.39334
1.39281
1.39233
1.3919
1.39153
1.39133
1.39095
1.39045
1.39019
1.39007
1.39011
1.39027
1.39054
1.39088
1.39209
1.3882
1.11136
1.11438
1.11322
1.1127
1.11219
1.11171
1.11125
1.11083
1.11044
1.11018
1.10979
1.1093
1.10901
1.10885
1.10883
1.10892
1.1091
1.10933
1.11028
1.10715
0.887044
0.889459
0.888489
0.888024
0.887557
0.887102
0.886658
0.886235
0.885832
0.885529
0.885123
0.88465
0.884355
0.884185
0.884137
0.884187
0.884306
0.884475
0.885223
0.882696
0.707836
0.709759
0.708931
0.708496
0.708049
0.707602
0.707156
0.706724
0.706308
0.705976
0.705571
0.70513
0.704854
0.704699
0.704659
0.704704
0.704805
0.704944
0.705549
0.703512
0.564627
0.566153
0.565429
0.565003
0.564556
0.564101
0.563642
0.563196
0.562769
0.562421
0.562032
0.561638
0.561403
0.561291
0.561291
0.561367
0.561486
0.561628
0.56214
0.560502
0.450169
0.451375
0.450728
0.450301
0.449844
0.449373
0.448899
0.448441
0.44801
0.44766
0.447299
0.446962
0.446785
0.446735
0.446795
0.446926
0.447087
0.447257
0.447712
0.446399
0.358705
0.359657
0.359074
0.358646
0.358182
0.357702
0.35722
0.35676
0.356338
0.356002
0.355679
0.355404
0.355289
0.355306
0.355431
0.355622
0.355834
0.356042
0.356463
0.355415
0.285653
0.286404
0.285882
0.285464
0.285006
0.284533
0.284061
0.283619
0.283222
0.282913
0.282634
0.28242
0.282362
0.282436
0.282616
0.282858
0.283113
0.283354
0.283749
0.282917
0.227342
0.227936
0.227477
0.227085
0.226652
0.226205
0.225764
0.225356
0.224999
0.224728
0.224496
0.224335
0.224322
0.224437
0.224653
0.224926
0.225207
0.225468
0.225838
0.225179
0.180845
0.181314
0.180921
0.180566
0.180171
0.179766
0.179368
0.179007
0.178697
0.178465
0.178277
0.178161
0.178182
0.178321
0.178554
0.178837
0.179127
0.179392
0.179732
0.179216
0.143857
0.144223
0.143892
0.143579
0.143227
0.142866
0.142515
0.142199
0.141932
0.141736
0.141584
0.141504
0.141548
0.1417
0.141935
0.142216
0.1425
0.142759
0.143066
0.14267
0.114588
0.114865
0.114586
0.114307
0.113992
0.113669
0.113355
0.113074
0.112838
0.112666
0.112541
0.112487
0.112547
0.112704
0.112935
0.113204
0.113476
0.113724
0.113999
0.113704
0.091618
0.0918148
0.0915742
0.0913198
0.0910297
0.0907309
0.0904403
0.0901797
0.0899606
0.0897995
0.0896874
0.0896493
0.0897152
0.0898703
0.0900913
0.0903465
0.0906032
0.0908365
0.0910824
0.0908741
0.0737354
0.0738621
0.0736464
0.073406
0.0731302
0.0728448
0.0725658
0.0723137
0.0720997
0.0719391
0.0718285
0.0717921
0.0718528
0.0719962
0.0722
0.0724352
0.0726728
0.072889
0.0731065
0.0729693
0.0598135
0.0598826
0.0596841
0.0594533
0.0591878
0.0589116
0.0586397
0.0583914
0.0581776
0.0580119
0.0578935
0.057846
0.0578883
0.0580077
0.0581835
0.0583898
0.0586005
0.0587931
0.0589805
0.0588977
0.0487927
0.0488195
0.048637
0.0484179
0.048166
0.0479024
0.0476405
0.0473982
0.0471854
0.0470139
0.0468834
0.046817
0.0468316
0.0469169
0.0470551
0.047223
0.0473979
0.0475589
0.0477128
0.047667
0.0397757
0.0397752
0.0396113
0.0394102
0.039179
0.0389351
0.0386896
0.0384588
0.0382513
0.0380774
0.0379372
0.0378533
0.03784
0.0378902
0.0379886
0.0381149
0.0382497
0.0383751
0.0384939
0.03847
0.0321521
0.0321363
0.0319936
0.0318159
0.0316118
0.0313941
0.0311707
0.0309564
0.0307598
0.0305902
0.0304495
0.0303596
0.0303309
0.0303577
0.030427
0.0305204
0.0306216
0.0307156
0.0308034
0.0307914
0.0256363
0.0256123
0.0254912
0.0253392
0.0251653
0.0249773
0.0247796
0.0245862
0.0244068
0.0242515
0.0241246
0.0240475
0.0240246
0.0240506
0.0241126
0.0241933
0.0242778
0.0243538
0.0244211
0.0244173
0.0201558
0.0201273
0.0200259
0.0198991
0.0197555
0.0195984
0.0194286
0.0192604
0.0191056
0.0189761
0.0188784
0.0188335
0.0188392
0.018889
0.0189688
0.0190607
0.0191501
0.0192258
0.0192866
0.0192907
0.0156683
0.0156374
0.015552
0.0154483
0.0153337
0.0152074
0.0150673
0.0149281
0.0148047
0.014711
0.0146536
0.0146536
0.0147031
0.0147938
0.0149097
0.0150311
0.0151426
0.0152328
0.0152995
0.015311
0.0120551
0.0120235
0.0119499
0.0118659
0.0117776
0.01168
0.0115686
0.0114589
0.0113686
0.0113138
0.0113001
0.0113483
0.0114467
0.0115848
0.0117445
0.0119039
0.012046
0.0121585
0.0122385
0.0122546
0.00917155
0.00914043
0.00907458
0.00900633
0.00894093
0.00886861
0.00878177
0.0086968
0.00863445
0.00861367
0.008639
0.00873134
0.00887516
0.00905853
0.00926056
0.00945721
0.00962962
0.00976489
0.00986018
0.0098761
0.00696963
0.00693925
0.00687953
0.00682476
0.00678094
0.00673205
0.00666564
0.00659824
0.00655385
0.00655563
0.0066093
0.00673477
0.00691353
0.00713193
0.00736677
0.00759152
0.00778609
0.0079377
0.00804557
0.00805833
0.00553595
0.0055044
0.00545262
0.00541166
0.00539027
0.00536543
0.00531841
0.00526356
0.0052275
0.00523766
0.00530263
0.00544042
0.00563182
0.00586341
0.0061106
0.00634545
0.00654702
0.00670395
0.00681824
0.00682969
0.00485887
0.00482377
0.00478209
0.00475497
0.00475304
0.0047494
0.00472007
0.00467565
0.00464263
0.00465025
0.00470986
0.00483639
0.00501454
0.00523307
0.00546845
0.00569303
0.00588631
0.00603864
0.00615307
0.00616746
0.00458579
0.00454798
0.00451652
0.00450233
0.00451411
0.00452577
0.0045116
0.00447836
0.00445069
0.00445682
0.0045083
0.00461689
0.00477201
0.00496516
0.0051755
0.00537823
0.00555477
0.00569741
0.00580766
0.00582547
0.00429689
0.00425952
0.00423851
0.00423833
0.00426228
0.0042878
0.00428974
0.00427201
0.0042565
0.00426932
0.00432023
0.00441778
0.00455424
0.0047222
0.00490417
0.00508009
0.00523525
0.00536408
0.00546593
0.00548368
0.00373578
0.00370327
0.00369293
0.00370773
0.00374497
0.00378676
0.00381032
0.00381698
0.00382497
0.00385719
0.00391944
0.00401769
0.00414503
0.00429405
0.00445067
0.00460054
0.00473364
0.00484648
0.00493706
0.00495191
0.00286755
0.00285228
0.00285535
0.00288739
0.00294283
0.00300984
0.00307037
0.00312329
0.00318035
0.00325749
0.00335381
0.00347298
0.00360843
0.00375271
0.00389571
0.00402878
0.00414646
0.00424605
0.00432514
0.00434003
0.00294402
0.00294698
0.00295845
0.00299024
0.00303931
0.00310235
0.00317223
0.00324611
0.00332538
0.00341338
0.00350468
0.00360182
0.00370096
0.0037986
0.00389076
0.0039749
0.00404944
0.00411264
0.0041626
0.00418215
0.0059661
0.00591136
0.00588011
0.00583902
0.00579043
0.0057387
0.00568828
0.00564016
0.00559181
0.00553956
0.00547945
0.00541299
0.00534259
0.00527244
0.00520694
0.00515
0.00510492
0.00507417
0.00505796
0.00508836
)
;
    }
    outer-wall
    {
        type            calculated;
        value           nonuniform List<scalar> 
1600
(
4854.5
4913.73
4913.92
4913.57
4912.82
4911.88
4910.88
4909.93
4909.15
4908.7
4908.7
4909.15
4909.93
4910.88
4911.88
4912.82
4913.57
4913.92
4913.73
4854.5
1775.98
1779.62
1779.84
1779.47
1778.84
1778.06
1777.27
1776.54
1775.94
1775.57
1775.57
1775.94
1776.54
1777.27
1778.06
1778.84
1779.47
1779.84
1779.62
1775.98
2446.52
2434.23
2436.24
2436.58
2436.8
2436.95
2437.04
2437.05
2436.96
2436.83
2436.83
2436.96
2437.05
2437.04
2436.95
2436.8
2436.58
2436.24
2434.23
2446.52
3608.61
3594.94
3598.75
3599.5
3599.92
3600.23
3600.48
3600.65
3600.69
3600.65
3600.65
3600.69
3600.65
3600.48
3600.23
3599.92
3599.5
3598.75
3594.94
3608.6
4239.97
4224.3
4228.77
4229.43
4229.64
4229.74
4229.81
4229.86
4229.86
4229.8
4229.8
4229.86
4229.86
4229.81
4229.74
4229.64
4229.43
4228.77
4224.3
4239.97
4345.59
4327.99
4332.13
4332.23
4331.85
4331.38
4330.95
4330.62
4330.35
4330.18
4330.18
4330.35
4330.61
4330.95
4331.38
4331.85
4332.23
4332.13
4327.99
4345.59
4001.78
3983.05
3986.1
3985.36
3984.14
3982.83
3981.62
3980.61
3979.85
3979.41
3979.41
3979.85
3980.61
3981.62
3982.83
3984.14
3985.36
3986.1
3983.05
4001.77
3334.77
3316.43
3318.05
3316.58
3314.65
3312.62
3310.67
3308.97
3307.65
3306.9
3306.9
3307.65
3308.96
3310.67
3312.62
3314.65
3316.58
3318.05
3316.43
3334.77
2572.72
2558.48
2558.92
2557.37
2555.49
2553.47
2551.48
2549.65
2548.19
2547.34
2547.34
2548.19
2549.65
2551.48
2553.47
2555.49
2557.37
2558.92
2558.48
2572.72
1982
1977.36
1977.38
1976.57
1975.62
1974.55
1973.43
1972.33
1971.38
1970.8
1970.8
1971.38
1972.33
1973.43
1974.55
1975.62
1976.57
1977.38
1977.36
1982
1616.84
1622.05
1622.05
1621.89
1621.66
1621.33
1620.92
1620.45
1620
1619.7
1619.7
1620
1620.45
1620.91
1621.33
1621.66
1621.89
1622.05
1622.05
1616.84
1285.57
1294.1
1293.84
1293.56
1293.19
1292.68
1292.1
1291.52
1291
1290.69
1290.69
1291
1291.52
1292.1
1292.68
1293.19
1293.56
1293.84
1294.1
1285.57
897.08
903.178
902.516
901.878
901.149
900.302
899.402
898.544
897.846
897.443
897.443
897.846
898.544
899.401
900.302
901.149
901.878
902.515
903.177
897.079
568.204
569.464
568.783
568.217
567.714
567.183
566.633
566.11
565.681
565.431
565.431
565.68
566.11
566.633
567.183
567.714
568.217
568.783
569.463
568.204
451.799
449.758
449.705
449.718
449.921
450.194
450.469
450.702
450.86
450.935
450.935
450.86
450.702
450.469
450.194
449.921
449.718
449.704
449.758
451.799
458.301
456.04
456.363
456.575
456.914
457.305
457.688
458.014
458.244
458.358
458.358
458.244
458.014
457.688
457.305
456.914
456.575
456.363
456.04
458.3
436.389
434.316
434.624
434.719
434.859
435.004
435.13
435.217
435.26
435.27
435.27
435.26
435.217
435.13
435.004
434.858
434.719
434.624
434.315
436.389
374.099
372.081
372.279
372.251
372.226
372.183
372.113
372.021
371.923
371.855
371.855
371.923
372.02
372.113
372.182
372.226
372.251
372.279
372.081
374.099
302.647
300.754
300.87
300.795
300.715
300.61
300.48
300.333
300.195
300.106
300.106
300.195
300.333
300.48
300.61
300.714
300.795
300.869
300.754
302.646
243.373
241.715
241.794
241.731
241.668
241.585
241.48
241.36
241.245
241.172
241.172
241.245
241.36
241.48
241.585
241.668
241.731
241.793
241.715
243.373
201.97
200.586
200.658
200.63
200.61
200.577
200.525
200.459
200.39
200.344
200.344
200.39
200.458
200.525
200.577
200.61
200.63
200.658
200.585
201.969
175.036
173.922
174
174.004
174.02
174.028
174.022
174.001
173.973
173.95
173.95
173.972
174.001
174.022
174.028
174.02
174.004
173.999
173.921
175.036
156.038
155.164
155.245
155.267
155.299
155.327
155.342
155.345
155.337
155.327
155.327
155.337
155.345
155.342
155.327
155.299
155.267
155.244
155.163
156.037
139.59
138.908
138.985
139.011
139.044
139.071
139.089
139.096
139.093
139.088
139.088
139.093
139.096
139.089
139.071
139.043
139.011
138.984
138.907
139.589
123.286
122.747
122.814
122.837
122.863
122.884
122.895
122.898
122.893
122.888
122.888
122.893
122.898
122.895
122.884
122.863
122.837
122.814
122.747
123.286
107.007
106.573
106.629
106.647
106.666
106.679
106.684
106.682
106.675
106.669
106.669
106.675
106.682
106.684
106.679
106.666
106.647
106.629
106.572
107.007
91.4842
91.1297
91.1761
91.1903
91.2037
91.2119
91.2137
91.2095
91.202
91.1959
91.1959
91.202
91.2096
91.2138
91.2121
91.2038
91.1904
91.1762
91.1296
91.4841
77.3696
77.08
77.1181
77.1296
77.14
77.1459
77.1463
77.1421
77.1353
77.13
77.13
77.1354
77.1422
77.1465
77.1461
77.1402
77.1298
77.1183
77.0801
77.3697
64.9546
64.7191
64.7505
64.7601
64.7687
64.7736
64.774
64.7706
64.7652
64.7609
64.7609
64.7653
64.7708
64.7743
64.7739
64.7691
64.7605
64.7508
64.7194
64.9549
54.2356
54.0451
54.0711
54.0793
54.0866
54.0909
54.0916
54.0891
54.0849
54.0816
54.0817
54.0851
54.0894
54.0919
54.0913
54.0872
54.0799
54.0716
54.0456
54.236
45.0648
44.9114
44.9329
44.9399
44.9461
44.9498
44.9506
44.9488
44.9457
44.9431
44.9432
44.9459
44.9492
44.9511
44.9504
44.9468
44.9407
44.9336
44.9121
45.0655
37.2597
37.1363
37.1541
37.16
37.1651
37.1682
37.1689
37.1676
37.1651
37.1631
37.1632
37.1654
37.168
37.1695
37.1689
37.166
37.1609
37.155
37.1373
37.2606
30.6501
30.5509
30.5654
30.5703
30.5745
30.577
30.5776
30.5765
30.5745
30.5729
30.573
30.5748
30.577
30.5783
30.5779
30.5755
30.5714
30.5666
30.552
30.6513
25.0873
25.0073
25.0192
25.0232
25.0265
25.0285
25.0289
25.0279
25.0263
25.025
25.0252
25.0267
25.0285
25.0297
25.0294
25.0276
25.0244
25.0204
25.0085
25.0885
20.4383
20.3738
20.3835
20.3867
20.3894
20.3909
20.3911
20.3903
20.3889
20.3879
20.388
20.3893
20.3909
20.3919
20.3918
20.3905
20.3879
20.3847
20.375
20.4396
16.5812
16.5291
16.537
16.5396
16.5417
16.5429
16.543
16.5423
16.5412
16.5403
16.5405
16.5415
16.5429
16.5438
16.5438
16.5427
16.5407
16.5382
16.5303
16.5825
13.4029
13.3608
13.3672
13.3693
13.371
13.3718
13.3719
13.3713
13.3704
13.3697
13.3698
13.3707
13.3718
13.3726
13.3727
13.3719
13.3703
13.3682
13.3619
13.404
10.7996
10.7656
10.7707
10.7724
10.7737
10.7744
10.7744
10.7739
10.7732
10.7726
10.7727
10.7735
10.7744
10.775
10.7751
10.7745
10.7732
10.7715
10.7664
10.8004
8.67806
8.65055
8.65474
8.65608
8.65713
8.65767
8.65768
8.65727
8.65665
8.6562
8.65628
8.65689
8.65764
8.65815
8.65821
8.6577
8.65666
8.65532
8.65115
8.67866
6.95658
6.93434
6.93773
6.93882
6.93966
6.94009
6.9401
6.93977
6.93927
6.93891
6.93897
6.93945
6.94004
6.94043
6.94046
6.94003
6.93917
6.93807
6.93468
6.95692
5.56478
5.5468
5.54955
5.55043
5.55112
5.55147
5.55148
5.55121
5.5508
5.5505
5.55054
5.55091
5.55136
5.55165
5.55164
5.55126
5.55054
5.54962
5.54686
5.56483
4.44303
4.42851
4.43073
4.43145
4.432
4.43229
4.43229
4.43207
4.43173
4.43148
4.43149
4.43177
4.4321
4.4323
4.43225
4.4319
4.43128
4.43052
4.42826
4.44278
3.54143
3.52968
3.53149
3.53207
3.53251
3.53273
3.53272
3.53253
3.53224
3.53202
3.53201
3.53221
3.53245
3.53256
3.53248
3.53216
3.53162
3.53096
3.52912
3.54085
2.81853
2.80904
2.81049
2.81095
2.8113
2.81146
2.81144
2.81126
2.81101
2.8108
2.81077
2.8109
2.81106
2.81112
2.81101
2.8107
2.81023
2.80967
2.80816
2.81764
2.24021
2.23253
2.23369
2.23405
2.2343
2.23441
2.23436
2.2342
2.23397
2.23378
2.23372
2.2338
2.23389
2.2339
2.23377
2.23349
2.23307
2.2326
2.23137
2.23902
1.77846
1.77225
1.77317
1.77343
1.7736
1.77365
1.77359
1.77343
1.77321
1.77303
1.77296
1.773
1.77304
1.77301
1.77288
1.77262
1.77225
1.77185
1.77085
1.77704
1.41046
1.40542
1.40614
1.40632
1.40642
1.40642
1.40633
1.40617
1.40597
1.4058
1.40572
1.40572
1.40573
1.40568
1.40554
1.40531
1.405
1.40467
1.40386
1.40887
1.11766
1.11357
1.11412
1.11423
1.11426
1.11422
1.11412
1.11396
1.11377
1.11361
1.11353
1.1135
1.11349
1.11342
1.11329
1.11308
1.11283
1.11257
1.11193
1.11597
0.885079
0.881762
0.882176
0.882218
0.882203
0.882131
0.882012
0.881859
0.88169
0.881542
0.881454
0.881416
0.881379
0.881304
0.881179
0.881006
0.880802
0.880598
0.880096
0.883376
0.700662
0.697968
0.698274
0.698272
0.698223
0.698131
0.69801
0.697866
0.697715
0.697584
0.697499
0.697452
0.697402
0.69732
0.697201
0.697052
0.696889
0.696735
0.696345
0.699002
0.554714
0.552527
0.552753
0.552726
0.552659
0.552564
0.552452
0.552328
0.552201
0.55209
0.552013
0.551961
0.551901
0.551811
0.551692
0.551558
0.551423
0.551305
0.551002
0.553153
0.439436
0.437665
0.437836
0.437799
0.437732
0.437649
0.437561
0.437467
0.437371
0.437285
0.43722
0.437167
0.437098
0.436997
0.436873
0.436742
0.436621
0.436525
0.436284
0.438022
0.348536
0.347106
0.347241
0.347207
0.347154
0.347096
0.34704
0.346984
0.346925
0.346868
0.34682
0.346768
0.346691
0.34658
0.346445
0.34631
0.346193
0.346106
0.345908
0.347308
0.276921
0.275769
0.275879
0.275855
0.275822
0.275794
0.275776
0.27576
0.27574
0.275714
0.275684
0.275637
0.275555
0.275435
0.275292
0.27515
0.275031
0.274946
0.274779
0.275902
0.22046
0.219532
0.219624
0.219609
0.219595
0.219596
0.219613
0.219633
0.219647
0.21965
0.219638
0.219599
0.219519
0.219396
0.219249
0.219105
0.218987
0.218903
0.218759
0.21966
0.175817
0.175069
0.175141
0.175131
0.175131
0.175152
0.175194
0.175241
0.175281
0.175307
0.175312
0.175283
0.17521
0.175092
0.174952
0.174813
0.1747
0.174622
0.174499
0.175222
0.14032
0.139712
0.139764
0.139752
0.139756
0.139788
0.139843
0.139907
0.139964
0.140006
0.140024
0.140007
0.139943
0.139837
0.13971
0.139586
0.139485
0.139417
0.139316
0.139899
0.111863
0.111365
0.111395
0.111376
0.111378
0.111411
0.11147
0.111541
0.111607
0.111659
0.111687
0.111678
0.111623
0.111531
0.111421
0.111314
0.11123
0.111176
0.111097
0.111568
0.0888318
0.0884194
0.0884283
0.0884002
0.0883951
0.0884238
0.0884813
0.0885529
0.0886235
0.0886808
0.0887129
0.0887071
0.0886579
0.0885754
0.0884804
0.0883907
0.0883232
0.0882831
0.0882233
0.0886062
0.0700336
0.0696899
0.0696812
0.0696436
0.0696301
0.0696513
0.0697031
0.0697719
0.0698427
0.069901
0.0699327
0.069925
0.0698755
0.0697975
0.0697125
0.0696354
0.0695803
0.0695505
0.0695064
0.0698187
0.0546331
0.0543454
0.0543231
0.0542775
0.0542548
0.0542663
0.0543089
0.0543706
0.0544367
0.0544914
0.0545184
0.0545052
0.0544521
0.054375
0.0542956
0.0542266
0.0541792
0.0541557
0.0541235
0.0543791
0.0420765
0.0418351
0.0418027
0.0417502
0.0417176
0.0417165
0.0417455
0.0417943
0.0418495
0.0418953
0.0419146
0.0418954
0.0418397
0.0417642
0.0416897
0.0416271
0.0415851
0.0415657
0.041543
0.0417531
0.0320037
0.0318011
0.0317613
0.0317024
0.0316586
0.0316422
0.0316533
0.0316835
0.0317219
0.0317544
0.031765
0.0317423
0.0316884
0.0316188
0.0315522
0.0314976
0.0314618
0.0314469
0.0314331
0.0316064
0.0241512
0.0239818
0.0239367
0.0238719
0.0238166
0.023784
0.0237755
0.0237852
0.0238044
0.023822
0.0238245
0.0238015
0.023754
0.0236945
0.0236389
0.0235947
0.0235673
0.0235586
0.0235535
0.0236961
0.0182601
0.0181201
0.0180721
0.0180027
0.0179374
0.0178909
0.0178664
0.0178592
0.0178624
0.0178673
0.0178632
0.0178409
0.0178
0.0177503
0.017705
0.0176709
0.0176519
0.0176495
0.0176519
0.0177677
0.0140203
0.0139069
0.0138585
0.0137865
0.0137145
0.0136593
0.0136262
0.0136104
0.0136052
0.0136022
0.0135922
0.0135674
0.0135276
0.0134813
0.0134401
0.013411
0.0133966
0.0133975
0.0134039
0.0134955
0.0110722
0.0109823
0.0109358
0.010863
0.0107877
0.0107297
0.010696
0.010681
0.0106753
0.0106687
0.0106517
0.0106183
0.0105702
0.0105169
0.0104703
0.0104376
0.0104209
0.0104195
0.010425
0.0104952
0.00906294
0.008993
0.00894935
0.00887638
0.00879926
0.00874179
0.00871253
0.00870403
0.0087026
0.0086941
0.00866753
0.00861886
0.00855339
0.00848335
0.00842215
0.00837785
0.00835184
0.00834261
0.00834319
0.00839562
0.00772328
0.00766905
0.00762782
0.00755308
0.00747235
0.00741372
0.00738775
0.00738491
0.00738696
0.00737509
0.00733638
0.00726877
0.00718155
0.00709034
0.0070103
0.00695032
0.00691176
0.00689261
0.00688699
0.00692618
0.00690595
0.0068632
0.00682271
0.00674331
0.0066544
0.00658801
0.00655725
0.00655192
0.00655066
0.00653122
0.00647933
0.00639456
0.00628904
0.00618041
0.00608485
0.00601185
0.00596314
0.00593664
0.0059269
0.00595703
0.00651439
0.00647981
0.00643963
0.00635492
0.00625521
0.0061746
0.0061289
0.00610954
0.0060952
0.00606309
0.00599923
0.00590414
0.00579022
0.0056744
0.00557223
0.00549344
0.00544035
0.00541108
0.00539979
0.00542285
0.0063774
0.00634936
0.00631205
0.00622612
0.0061188
0.0060236
0.00595841
0.005918
0.00588409
0.00583641
0.005763
0.00566475
0.0055519
0.00543815
0.00533704
0.00525833
0.00520494
0.00517533
0.00516266
0.00517864
0.00625126
0.00622908
0.00619812
0.0061165
0.00600746
0.00590234
0.00582027
0.00575967
0.00570628
0.00564348
0.00556213
0.00546328
0.00535413
0.0052446
0.00514611
0.00506855
0.0050153
0.00498495
0.00496963
0.00497924
0.0059547
0.00593725
0.00591377
0.00583907
0.00573227
0.00562241
0.00552957
0.00545495
0.00538718
0.00531228
0.00522334
0.00512167
0.00501242
0.00490308
0.00480395
0.00472514
0.00467036
0.00463783
0.00461901
0.00462513
0.00546561
0.00545137
0.00543343
0.00536511
0.00526234
0.0051524
0.00505598
0.00497572
0.00490112
0.00481887
0.0047229
0.004615
0.00450007
0.00438529
0.00428102
0.00419742
0.00413842
0.00410159
0.00407879
0.00408426
0.00485787
0.00484608
0.00482983
0.00476591
0.00466838
0.0045625
0.00446856
0.00438937
0.00431403
0.00422853
0.00412642
0.00400995
0.00388519
0.00376057
0.00364706
0.00355425
0.00348643
0.00344133
0.00341284
0.00341714
0.00412348
0.00411358
0.00409349
0.00403002
0.0039364
0.00383464
0.00374304
0.00366397
0.00358655
0.00349635
0.00338625
0.0032586
0.00312075
0.00298248
0.002855
0.00274685
0.00266315
0.00260336
0.0025651
0.00256549
0.00305404
0.00304442
0.00301705
0.00295156
0.00286032
0.00276109
0.00266903
0.00258671
0.00250522
0.00241172
0.0022989
0.00216819
0.00202613
0.00188154
0.00174417
0.00162101
0.00151851
0.00143975
0.0013879
0.00138559
0.00159969
0.00160224
0.00159182
0.00156158
0.00152033
0.00148053
0.0014531
0.00144116
0.00143977
0.00144007
0.00143521
0.00142282
0.00140332
0.00137862
0.00135199
0.00132637
0.00130462
0.0012872
0.00127368
0.00126222
0.00299524
0.00304345
0.00305001
0.00305758
0.00306879
0.00308835
0.00311958
0.00316209
0.00321096
0.00325831
0.00329647
0.0033207
0.00333011
0.00332719
0.00331648
0.00330292
0.00328978
0.00327767
0.00326779
0.00322525
)
;
    }
    symmetry-x
    {
        type            symmetryPlane;
    }
    symmetry-y
    {
        type            symmetryPlane;
    }
}


// ************************************************************************* //
