/*--------------------------------*- C++ -*----------------------------------*\
| =========                 |                                                 |
| \\      /  F ield         | foam-extend: Open Source CFD                    |
|  \\    /   O peration     | Version:     3.1                                |
|   \\  /    A nd           | Web:         http://www.extend-project.de       |
|    \\/     M anipulation  |                                                 |
\*---------------------------------------------------------------------------*/
FoamFile
{
    version     2.0;
    format      ascii;
    class       vectorField;
    location    "0.8/polyMesh";
    object      points;
}
// * * * * * * * * * * * * * * * * * * * * * * * * * * * * * * * * * * * * * //


405
(
(0.45 0 -0.2)
(0.475 0 -0.2)
(0.5 0 -0.2)
(0.525 0 -0.2)
(0.55 0 -0.2)
(0.452322 0.027214 -0.19874)
(0.4764 0.025728 -0.199187)
(0.501063 0.0248851 -0.199916)
(0.526181 0.023981 -0.200671)
(0.551757 0.0223651 -0.201156)
(0.454473 0.0531209 -0.19881)
(0.478748 0.0511639 -0.199216)
(0.503367 0.0497272 -0.199824)
(0.528437 0.0482448 -0.200453)
(0.553777 0.0461484 -0.200893)
(0.457369 0.0789839 -0.198836)
(0.481691 0.0765066 -0.199209)
(0.506324 0.0745022 -0.19973)
(0.531317 0.0724503 -0.20026)
(0.556523 0.0698252 -0.200654)
(0.460569 0.104458 -0.198984)
(0.484999 0.101639 -0.199263)
(0.509656 0.0992223 -0.199645)
(0.534578 0.0967647 -0.200031)
(0.559627 0.0938283 -0.20032)
(0.463959 0.129649 -0.199133)
(0.488477 0.126618 -0.199321)
(0.513154 0.123915 -0.199575)
(0.538017 0.121182 -0.199831)
(0.56295 0.118071 -0.200023)
(0.467373 0.154611 -0.199258)
(0.491964 0.151486 -0.199369)
(0.516659 0.148607 -0.199519)
(0.541478 0.145709 -0.199669)
(0.566331 0.142535 -0.199781)
(0.470719 0.179438 -0.199333)
(0.495355 0.176291 -0.199397)
(0.520061 0.173317 -0.199471)
(0.544853 0.17033 -0.199546)
(0.569667 0.167156 -0.199609)
(0.473975 0.204219 -0.199348)
(0.498591 0.201076 -0.199391)
(0.523266 0.198057 -0.199423)
(0.548077 0.195018 -0.199456)
(0.572912 0.191848 -0.199498)
(0.45 0 -0.175)
(0.475 0 -0.175)
(0.5 0 -0.175)
(0.525 0 -0.175)
(0.55 0 -0.175)
(0.452559 0.0269815 -0.174231)
(0.476668 0.025517 -0.174512)
(0.501387 0.0248072 -0.174962)
(0.526477 0.0240702 -0.175445)
(0.552029 0.0224956 -0.17577)
(0.454802 0.0530798 -0.174102)
(0.479106 0.0510959 -0.174417)
(0.503772 0.0496113 -0.174876)
(0.528802 0.0480873 -0.175352)
(0.554111 0.0459675 -0.175696)
(0.457656 0.0789487 -0.174093)
(0.482014 0.0764493 -0.174388)
(0.506681 0.0743816 -0.174785)
(0.531634 0.0722713 -0.175189)
(0.556801 0.069632 -0.175501)
(0.460802 0.10445 -0.174162)
(0.485255 0.101606 -0.174398)
(0.509932 0.0991156 -0.174703)
(0.534819 0.096588 -0.175012)
(0.559837 0.0936339 -0.175255)
(0.464121 0.129646 -0.174251)
(0.488655 0.126596 -0.174423)
(0.513344 0.123829 -0.174637)
(0.538178 0.121034 -0.174853)
(0.563087 0.117909 -0.175026)
(0.467474 0.154607 -0.174329)
(0.492075 0.151467 -0.174445)
(0.516776 0.148539 -0.174584)
(0.541575 0.145592 -0.174724)
(0.566411 0.142407 -0.174839)
(0.470779 0.179424 -0.174374)
(0.495418 0.176266 -0.174454)
(0.520125 0.173259 -0.17454)
(0.544907 0.17024 -0.174626)
(0.569713 0.167056 -0.174704)
(0.474021 0.204199 -0.174376)
(0.49864 0.201047 -0.17444)
(0.523315 0.198002 -0.174496)
(0.548119 0.19494 -0.174553)
(0.57295 0.19176 -0.174615)
(0.45 0 -0.15)
(0.475 0 -0.15)
(0.5 0 -0.15)
(0.525 0 -0.15)
(0.55 0 -0.15)
(0.452721 0.0269992 -0.149541)
(0.476788 0.0254856 -0.149708)
(0.501502 0.0247821 -0.149979)
(0.526613 0.0240538 -0.150273)
(0.552203 0.0224088 -0.150475)
(0.455035 0.0530296 -0.149396)
(0.479299 0.0510353 -0.149606)
(0.503951 0.0495572 -0.149909)
(0.529003 0.0480393 -0.150225)
(0.554351 0.0459049 -0.150456)
(0.45788 0.0788746 -0.149339)
(0.482224 0.0763831 -0.149552)
(0.506885 0.0743131 -0.149831)
(0.531844 0.0722012 -0.150117)
(0.557023 0.0695733 -0.15034)
(0.461001 0.104369 -0.149343)
(0.485448 0.101541 -0.149531)
(0.51012 0.0990458 -0.149759)
(0.535005 0.0965146 -0.149991)
(0.560027 0.0935785 -0.150182)
(0.464281 0.129569 -0.149373)
(0.488815 0.126537 -0.149526)
(0.5135 0.123764 -0.1497)
(0.53833 0.120965 -0.149875)
(0.563237 0.117858 -0.150026)
(0.467598 0.154542 -0.149403)
(0.492201 0.151415 -0.149524)
(0.516901 0.14848 -0.149651)
(0.541694 0.145528 -0.149778)
(0.566526 0.142355 -0.149896)
(0.470878 0.179375 -0.149418)
(0.495521 0.176221 -0.149517)
(0.520229 0.173206 -0.149611)
(0.545005 0.170179 -0.149703)
(0.569805 0.166998 -0.149799)
(0.474116 0.204164 -0.14941)
(0.498741 0.201007 -0.149499)
(0.523418 0.197951 -0.149574)
(0.548216 0.194879 -0.149649)
(0.573037 0.191696 -0.149735)
(0.45 0 -0.125)
(0.475 0 -0.125)
(0.5 0 -0.125)
(0.525 0 -0.125)
(0.55 0 -0.125)
(0.452816 0.0270244 -0.124724)
(0.476844 0.0254773 -0.124822)
(0.501549 0.024771 -0.124985)
(0.526676 0.0240389 -0.125164)
(0.552301 0.0223425 -0.125284)
(0.455173 0.05301 -0.124604)
(0.479405 0.0510031 -0.124736)
(0.504046 0.0495302 -0.124931)
(0.529115 0.0480165 -0.125135)
(0.554494 0.0458663 -0.125282)
(0.458035 0.078824 -0.124535)
(0.482357 0.0763353 -0.124679)
(0.507008 0.0742741 -0.124869)
(0.531978 0.0721707 -0.125063)
(0.557179 0.0695456 -0.125215)
(0.461151 0.104302 -0.124506)
(0.485586 0.101485 -0.124644)
(0.510251 0.0990006 -0.124809)
(0.535141 0.09648 -0.124977)
(0.560175 0.0935554 -0.125118)
(0.464417 0.129499 -0.124498)
(0.488946 0.12648 -0.124622)
(0.513627 0.123717 -0.124758)
(0.538458 0.120927 -0.124895)
(0.563369 0.117834 -0.125018)
(0.467718 0.154479 -0.124497)
(0.492322 0.151362 -0.124606)
(0.517019 0.148434 -0.124715)
(0.541811 0.145488 -0.124825)
(0.566641 0.142326 -0.124931)
(0.470987 0.179327 -0.124492)
(0.495634 0.176175 -0.124591)
(0.520341 0.173161 -0.12468)
(0.545115 0.170136 -0.124769)
(0.569909 0.166958 -0.124864)
(0.474225 0.204128 -0.124478)
(0.498855 0.200968 -0.124572)
(0.523533 0.197907 -0.124651)
(0.548325 0.19483 -0.12473)
(0.573139 0.191645 -0.12482)
(0.45 0 -0.1)
(0.475 0 -0.1)
(0.5 0 -0.1)
(0.525 0 -0.1)
(0.55 0 -0.1)
(0.452871 0.0270425 -0.0998316)
(0.476872 0.0254749 -0.0998892)
(0.50157 0.0247656 -0.099988)
(0.526707 0.0240291 -0.100096)
(0.552356 0.0223 -0.100168)
(0.455255 0.0530056 -0.0997414)
(0.479465 0.0509874 -0.0998237)
(0.504098 0.0495162 -0.099948)
(0.529179 0.0480034 -0.100077)
(0.554579 0.0458383 -0.10017)
(0.458136 0.0787985 -0.0996788)
(0.48244 0.0763068 -0.0997734)
(0.507085 0.0742516 -0.0999)
(0.532063 0.0721541 -0.10003)
(0.557281 0.0695249 -0.100131)
(0.46126 0.104261 -0.0996394)
(0.485682 0.101447 -0.0997367)
(0.510343 0.0989718 -0.0998532)
(0.535238 0.09646 -0.0999715)
(0.560283 0.0935383 -0.100071)
(0.464525 0.129452 -0.0996152)
(0.489047 0.126439 -0.0997096)
(0.513726 0.123685 -0.0998118)
(0.538559 0.120904 -0.0999145)
(0.563475 0.117816 -0.100008)
(0.467823 0.154433 -0.0995988)
(0.492424 0.151322 -0.0996885)
(0.517119 0.1484 -0.0997768)
(0.541912 0.145461 -0.0998648)
(0.566743 0.142303 -0.0999523)
(0.471089 0.179288 -0.0995846)
(0.495737 0.176137 -0.0996706)
(0.520443 0.173126 -0.0997482)
(0.545216 0.170104 -0.0998251)
(0.570007 0.166928 -0.0999079)
(0.474328 0.204097 -0.0995702)
(0.49896 0.200934 -0.0996538)
(0.523637 0.197872 -0.0997258)
(0.548427 0.194794 -0.0997973)
(0.573236 0.191607 -0.0998779)
(0.45 0 -0.075)
(0.475 0 -0.075)
(0.5 0 -0.075)
(0.525 0 -0.075)
(0.55 0 -0.075)
(0.452903 0.0270547 -0.0748975)
(0.476887 0.0254747 -0.0749314)
(0.501581 0.0247629 -0.0749905)
(0.526724 0.0240228 -0.0750553)
(0.552388 0.0222734 -0.0750974)
(0.455306 0.0530075 -0.074834)
(0.479501 0.0509804 -0.0748846)
(0.504128 0.0495088 -0.074962)
(0.529216 0.0479948 -0.0750426)
(0.554631 0.0458177 -0.0750993)
(0.458202 0.0787883 -0.0747849)
(0.482494 0.0762914 -0.0748456)
(0.507134 0.0742386 -0.0749275)
(0.532117 0.0721432 -0.0750115)
(0.557347 0.0695075 -0.0750763)
(0.461335 0.10424 -0.0747486)
(0.485749 0.101425 -0.0748143)
(0.510406 0.0989538 -0.074893)
(0.535304 0.0964464 -0.0749729)
(0.560357 0.0935226 -0.0750404)
(0.464605 0.129425 -0.0747219)
(0.489123 0.126412 -0.0747894)
(0.513799 0.123663 -0.0748619)
(0.538633 0.120887 -0.0749347)
(0.563553 0.1178 -0.075002)
(0.467905 0.154404 -0.0747018)
(0.492504 0.151293 -0.0747693)
(0.517198 0.148376 -0.0748353)
(0.541991 0.145441 -0.0749011)
(0.566823 0.142285 -0.0749669)
(0.471174 0.179261 -0.0746859)
(0.495821 0.17611 -0.0747531)
(0.520526 0.173101 -0.0748138)
(0.545298 0.170081 -0.0748739)
(0.570088 0.166905 -0.0749386)
(0.474415 0.204074 -0.0746739)
(0.499047 0.200909 -0.0747403)
(0.523722 0.197846 -0.0747979)
(0.548511 0.194767 -0.074855)
(0.573318 0.19158 -0.0749189)
(0.45 0 -0.05)
(0.475 0 -0.05)
(0.5 0 -0.05)
(0.525 0 -0.05)
(0.55 0 -0.05)
(0.452921 0.0270626 -0.0499409)
(0.476896 0.0254751 -0.0499599)
(0.501587 0.0247614 -0.0499933)
(0.526733 0.0240188 -0.0500298)
(0.552406 0.022257 -0.0500534)
(0.455336 0.053011 -0.0499007)
(0.479522 0.0509776 -0.0499299)
(0.504146 0.0495049 -0.049975)
(0.529238 0.0479891 -0.0500218)
(0.554661 0.0458035 -0.0500546)
(0.458243 0.0787856 -0.0498674)
(0.482527 0.0762838 -0.0499036)
(0.507164 0.0742313 -0.0499526)
(0.532151 0.0721358 -0.0500029)
(0.557388 0.0694941 -0.0500416)
(0.461385 0.104231 -0.0498407)
(0.485793 0.101413 -0.0498814)
(0.510448 0.098943 -0.04993)
(0.535348 0.0964371 -0.0499793)
(0.560406 0.0935097 -0.0500212)
(0.464661 0.129411 -0.0498197)
(0.489175 0.126396 -0.049863)
(0.513849 0.123649 -0.0499093)
(0.538685 0.120876 -0.0499559)
(0.563607 0.117787 -0.0499991)
(0.467965 0.154388 -0.0498031)
(0.492562 0.151276 -0.0498479)
(0.517255 0.14836 -0.0498916)
(0.542048 0.145428 -0.0499351)
(0.56688 0.14227 -0.0499788)
(0.471236 0.179244 -0.0497903)
(0.495882 0.176093 -0.0498359)
(0.520586 0.173084 -0.0498773)
(0.545358 0.170065 -0.0499182)
(0.570147 0.166889 -0.0499621)
(0.474479 0.204059 -0.0497821)
(0.49911 0.200892 -0.0498276)
(0.523785 0.197828 -0.0498671)
(0.548573 0.194749 -0.0499064)
(0.573378 0.19156 -0.0499501)
(0.45 0 -0.025)
(0.475 0 -0.025)
(0.5 0 -0.025)
(0.525 0 -0.025)
(0.55 0 -0.025)
(0.452931 0.0270671 -0.0249729)
(0.4769 0.0254755 -0.0249814)
(0.50159 0.0247607 -0.0249965)
(0.526738 0.0240165 -0.025013)
(0.552416 0.0222481 -0.0250236)
(0.455352 0.0530139 -0.0249534)
(0.479533 0.0509768 -0.0249668)
(0.504156 0.049503 -0.0249876)
(0.529249 0.0479858 -0.0250091)
(0.554678 0.0457952 -0.0250242)
(0.458266 0.0787856 -0.0249366)
(0.482546 0.0762805 -0.0249536)
(0.507181 0.0742276 -0.0249766)
(0.532169 0.0721314 -0.0250001)
(0.55741 0.0694857 -0.0250183)
(0.461413 0.104227 -0.0249227)
(0.485818 0.101407 -0.0249422)
(0.510472 0.0989373 -0.0249654)
(0.535373 0.0964315 -0.0249889)
(0.560433 0.0935013 -0.025009)
(0.464694 0.129404 -0.0249113)
(0.489205 0.126388 -0.0249325)
(0.513879 0.123642 -0.0249551)
(0.538715 0.120869 -0.0249778)
(0.563639 0.117778 -0.0249989)
(0.468001 0.15438 -0.0249022)
(0.492596 0.151267 -0.0249245)
(0.517288 0.148352 -0.0249462)
(0.542081 0.145419 -0.0249678)
(0.566914 0.142261 -0.0249895)
(0.471273 0.179236 -0.0248952)
(0.495919 0.176083 -0.0249182)
(0.520623 0.173075 -0.0249391)
(0.545394 0.170056 -0.0249597)
(0.570182 0.166879 -0.0249818)
(0.474519 0.20405 -0.0248911)
(0.499149 0.200883 -0.0249141)
(0.523822 0.197818 -0.0249342)
(0.54861 0.194738 -0.024954)
(0.573415 0.191549 -0.0249761)
(0.45 0 0)
(0.475 0 0)
(0.5 0 0)
(0.525 0 0)
(0.55 0 0)
(0.452934 0.0270685 0)
(0.476901 0.0254757 0)
(0.501591 0.0247605 0)
(0.52674 0.0240158 0)
(0.552419 0.0222453 0)
(0.455358 0.053015 0)
(0.479536 0.0509766 0)
(0.504159 0.0495024 0)
(0.529253 0.0479847 0)
(0.554683 0.0457924 0)
(0.458273 0.0787858 0)
(0.482552 0.0762796 0)
(0.507187 0.0742265 0)
(0.532175 0.0721299 0)
(0.557418 0.0694828 0)
(0.461422 0.104227 0)
(0.485826 0.101405 0)
(0.510479 0.0989356 0)
(0.535381 0.0964296 0)
(0.560442 0.0934984 0)
(0.464704 0.129402 0)
(0.489215 0.126386 0)
(0.513888 0.123639 0)
(0.538725 0.120866 0)
(0.563649 0.117775 0)
(0.468012 0.154377 0)
(0.492608 0.151264 0)
(0.5173 0.148349 0)
(0.542093 0.145417 0)
(0.566925 0.142258 0)
(0.471286 0.179233 0)
(0.495931 0.17608 0)
(0.520635 0.173072 0)
(0.545406 0.170053 0)
(0.570194 0.166875 0)
(0.474532 0.204048 0)
(0.499162 0.200879 0)
(0.523835 0.197815 0)
(0.548623 0.194735 0)
(0.573427 0.191545 0)
)


// ************************************************************************* //
