/*--------------------------------*- C++ -*----------------------------------*\
| =========                 |                                                 |
| \\      /  F ield         | foam-extend: Open Source CFD                    |
|  \\    /   O peration     | Version:     3.1                                |
|   \\  /    A nd           | Web:         http://www.extend-project.de       |
|    \\/     M anipulation  |                                                 |
\*---------------------------------------------------------------------------*/
FoamFile
{
    version     2.0;
    format      ascii;
    class       volScalarField;
    location    "0.0003";
    object      sigmaEq;
}
// * * * * * * * * * * * * * * * * * * * * * * * * * * * * * * * * * * * * * //

dimensions      [1 -1 -2 0 0 0 0];

internalField   nonuniform List<scalar> 
6400
(
2212.67
2103.77
1935.44
1716.83
2209.31
2101
1931.58
1714.15
2208.67
2100.5
1931.23
1714.13
2208.25
2100.18
1930.93
1713.84
2207.81
2099.73
1930.48
1713.34
2207.25
2099.11
1929.82
1712.63
2206.59
2098.31
1928.97
1711.74
2205.91
2097.44
1928.04
1710.79
2205.33
2096.66
1927.22
1709.96
2204.96
2096.17
1926.71
1709.46
2204.96
2096.17
1926.71
1709.46
2205.33
2096.66
1927.22
1709.96
2205.91
2097.44
1928.04
1710.79
2206.59
2098.31
1928.97
1711.74
2207.25
2099.11
1929.82
1712.63
2207.81
2099.73
1930.48
1713.34
2208.25
2100.18
1930.93
1713.84
2208.67
2100.5
1931.23
1714.13
2209.31
2101
1931.58
1714.14
2212.67
2103.77
1935.44
1716.83
1108.81
1238.9
1136.11
759.811
1111.7
1238.66
1131.04
751.447
1110.76
1238.26
1130.66
751.441
1110.23
1237.9
1130.37
751.411
1109.91
1237.43
1129.93
751.264
1109.76
1236.84
1129.3
750.961
1109.77
1236.14
1128.5
750.509
1109.93
1235.42
1127.62
749.971
1110.22
1234.79
1126.84
749.458
1110.87
1234.44
1126.36
749.132
1110.87
1234.44
1126.36
749.132
1110.22
1234.79
1126.84
749.458
1109.93
1235.42
1127.62
749.971
1109.77
1236.14
1128.5
750.509
1109.76
1236.84
1129.3
750.961
1109.91
1237.43
1129.93
751.264
1110.23
1237.9
1130.37
751.411
1110.76
1238.26
1130.66
751.441
1111.7
1238.66
1131.04
751.447
1108.81
1238.9
1136.11
759.811
1135.88
927.815
826.72
918.158
1132.1
923.8
824.086
920.402
1131.08
923.492
824.069
921.114
1130.56
923.34
824.105
921.241
1130.32
923.242
824.041
921.072
1130.35
923.208
823.856
920.639
1130.68
923.249
823.573
919.983
1131.28
923.369
823.244
919.208
1132.05
923.544
822.936
918.48
1133
923.728
822.746
918.022
1133
923.728
822.746
918.022
1132.05
923.544
822.936
918.48
1131.28
923.369
823.244
919.208
1130.68
923.249
823.573
919.983
1130.35
923.208
823.856
920.639
1130.32
923.242
824.041
921.072
1130.56
923.34
824.105
921.241
1131.08
923.492
824.069
921.114
1132.1
923.8
824.086
920.402
1135.88
927.815
826.72
918.158
1009.72
915.037
838.159
808.138
1008.51
912.864
835.806
806.481
1007.68
912.678
835.798
807.042
1007.12
912.468
835.757
807.159
1006.78
912.284
835.61
806.944
1006.72
912.155
835.336
806.4
1006.96
912.099
834.958
805.57
1007.46
912.118
834.53
804.578
1008.14
912.195
834.137
803.64
1008.89
912.294
833.892
803.048
1008.89
912.294
833.892
803.048
1008.14
912.195
834.137
803.64
1007.46
912.118
834.53
804.578
1006.96
912.099
834.958
805.57
1006.72
912.155
835.336
806.4
1006.78
912.284
835.61
806.944
1007.12
912.468
835.757
807.159
1007.68
912.678
835.798
807.042
1008.51
912.864
835.806
806.481
1009.72
915.037
838.159
808.138
747.159
731.049
675.006
573.392
748.276
730.504
673.073
569.845
747.696
730.419
673.03
570.135
747.201
730.177
672.913
570.235
746.852
729.878
672.664
570.089
746.732
729.57
672.263
569.649
746.869
729.28
671.733
568.928
747.229
729.03
671.14
568.031
747.717
728.842
670.595
567.156
748.226
728.755
670.255
566.593
748.226
728.755
670.255
566.593
747.717
728.842
670.595
567.156
747.229
729.03
671.14
568.031
746.869
729.28
671.733
568.928
746.732
729.57
672.263
569.649
746.852
729.878
672.664
570.089
747.201
730.177
672.913
570.235
747.696
730.419
673.03
570.135
748.276
730.504
673.073
569.845
747.159
731.049
675.006
573.392
542.09
501.793
457.919
399.039
543.005
501.72
457.037
397.448
542.559
501.683
457.03
397.62
542.174
501.514
456.967
397.734
541.9
501.285
456.791
397.682
541.806
501.044
456.489
397.412
541.915
500.813
456.079
396.925
542.189
500.608
455.611
396.292
542.542
500.445
455.175
395.66
542.88
500.36
454.902
395.249
542.88
500.36
454.902
395.249
542.542
500.445
455.175
395.66
542.189
500.608
455.611
396.292
541.915
500.813
456.079
396.925
541.806
501.044
456.489
397.412
541.9
501.285
456.791
397.682
542.174
501.514
456.967
397.734
542.559
501.683
457.03
397.62
543.005
501.72
457.037
397.448
542.09
501.793
457.919
399.039
420.153
343.419
302.806
297.741
420.226
343.237
302.764
298.154
419.852
343.195
302.785
298.273
419.555
343.115
302.805
298.376
419.347
343.013
302.755
298.359
419.271
342.93
302.631
298.183
419.342
342.877
302.44
297.855
419.532
342.852
302.211
297.429
419.778
342.846
301.992
297.009
420.008
342.854
301.855
296.739
420.008
342.854
301.855
296.739
419.778
342.846
301.992
297.009
419.532
342.852
302.211
297.429
419.342
342.877
302.44
297.855
419.271
342.93
302.631
298.183
419.347
343.013
302.755
298.359
419.555
343.115
302.805
298.376
419.852
343.195
302.785
298.273
420.226
343.237
302.764
298.154
420.153
343.419
302.806
297.741
331.051
255.434
217.146
223.785
330.912
255.142
217.275
224.547
330.619
255.081
217.276
224.605
330.393
255.044
217.322
224.684
330.232
255.003
217.332
224.681
330.161
254.99
217.301
224.562
330.193
255.014
217.235
224.336
330.312
255.065
217.146
224.044
330.477
255.127
217.058
223.761
330.639
255.176
217.004
223.582
330.639
255.176
217.004
223.582
330.477
255.127
217.058
223.761
330.312
255.065
217.146
224.044
330.193
255.014
217.235
224.336
330.161
254.99
217.301
224.562
330.232
255.003
217.332
224.681
330.393
255.044
217.322
224.684
330.618
255.081
217.276
224.605
330.912
255.142
217.275
224.547
331.051
255.434
217.146
223.785
255.389
198.543
165.527
163.982
255.371
198.257
165.502
164.38
255.159
198.196
165.474
164.388
254.999
198.174
165.512
164.452
254.884
198.149
165.532
164.472
254.827
198.143
165.525
164.415
254.842
198.163
165.496
164.28
254.919
198.204
165.452
164.098
255.034
198.255
165.408
163.918
255.154
198.297
165.381
163.804
255.154
198.297
165.381
163.804
255.034
198.255
165.408
163.918
254.919
198.204
165.452
164.098
254.842
198.163
165.496
164.28
254.827
198.143
165.525
164.415
254.884
198.149
165.532
164.472
254.999
198.174
165.512
164.452
255.159
198.196
165.474
164.388
255.371
198.257
165.502
164.379
255.389
198.543
165.527
163.982
194.957
155.087
128.628
120.697
195.05
154.845
128.476
120.743
194.897
154.794
128.436
120.728
194.788
154.781
128.465
120.782
194.709
154.765
128.486
120.822
194.671
154.758
128.488
120.813
194.682
154.767
128.473
120.749
194.737
154.79
128.447
120.649
194.821
154.821
128.42
120.544
194.916
154.849
128.404
120.476
194.916
154.849
128.404
120.476
194.821
154.821
128.42
120.544
194.737
154.79
128.447
120.649
194.682
154.767
128.473
120.749
194.671
154.758
128.488
120.813
194.709
154.765
128.486
120.822
194.788
154.781
128.465
120.782
194.897
154.794
128.436
120.728
195.05
154.845
128.476
120.743
194.957
155.087
128.628
120.697
149.929
121.531
101.152
91.8484
150.054
121.336
100.963
91.7247
149.939
121.297
100.924
91.7049
149.861
121.288
100.944
91.7478
149.807
121.277
100.963
91.7896
149.782
121.271
100.969
91.8011
149.792
121.275
100.962
91.7752
149.833
121.289
100.946
91.7205
149.897
121.309
100.928
91.6576
149.971
121.328
100.917
91.6149
149.971
121.328
100.917
91.6149
149.897
121.309
100.928
91.6576
149.833
121.289
100.946
91.7204
149.792
121.275
100.962
91.7752
149.782
121.271
100.969
91.8011
149.807
121.277
100.963
91.7896
149.861
121.288
100.944
91.7478
149.939
121.297
100.924
91.7049
150.054
121.335
100.963
91.7247
149.929
121.531
101.152
91.8483
116.74
95.7697
80.2504
71.9752
116.854
95.6165
80.076
71.8106
116.765
95.5863
80.0431
71.7926
116.706
95.5785
80.0558
71.8235
116.666
95.5692
80.0688
71.8569
116.647
95.564
80.0737
71.8702
116.656
95.5656
80.0691
71.8567
116.688
95.574
80.0573
71.8212
116.737
95.5868
80.0432
71.7778
116.796
95.6
80.0341
71.7473
116.796
95.6
80.0341
71.7473
116.737
95.5868
80.0432
71.7778
116.688
95.574
80.0572
71.8212
116.656
95.5656
80.0691
71.8567
116.647
95.5639
80.0737
71.8702
116.666
95.5692
80.0688
71.8569
116.706
95.5785
80.0558
71.8236
116.765
95.5863
80.0431
71.7926
116.854
95.6164
80.076
71.8106
116.74
95.7697
80.2504
71.9751
91.6884
75.6557
63.7527
57.0697
91.7818
75.5384
63.6105
56.9213
91.7107
75.5149
63.5838
56.9065
91.6642
75.507
63.5909
56.9278
91.6328
75.4983
63.5985
56.9514
91.619
75.493
63.6005
56.9605
91.6259
75.4932
63.5956
56.9498
91.6515
75.4986
63.5853
56.9223
91.6903
75.5074
63.5732
56.8884
91.7375
75.5169
63.5653
56.8644
91.7375
75.5169
63.5653
56.8644
91.6903
75.5074
63.5732
56.8884
91.6515
75.4986
63.5852
56.9223
91.6259
75.4932
63.5956
56.9497
91.619
75.493
63.6005
56.9605
91.6327
75.4982
63.5985
56.9514
91.6641
75.507
63.5909
56.9279
91.7106
75.5148
63.5838
56.9065
91.7818
75.5383
63.6105
56.9213
91.6885
75.6557
63.7527
57.0697
72.3205
59.7378
50.4839
45.2931
72.3928
59.648
50.3738
45.1766
72.3364
59.6297
50.3528
45.1649
72.2994
59.6224
50.3567
45.1799
72.2746
59.6146
50.361
45.1961
72.264
59.6099
50.3612
45.2013
72.2699
59.6096
50.3562
45.1914
72.2906
59.6136
50.3472
45.1688
72.3217
59.6203
50.3371
45.1414
72.3592
59.6277
50.3304
45.122
72.3592
59.6276
50.3304
45.122
72.3217
59.6203
50.3371
45.1414
72.2906
59.6136
50.3472
45.1688
72.2699
59.6096
50.3562
45.1914
72.264
59.6099
50.3612
45.2013
72.2746
59.6146
50.361
45.1961
72.2993
59.6224
50.3567
45.1799
72.3363
59.6297
50.3528
45.165
72.3928
59.6479
50.3738
45.1766
72.3205
59.7378
50.4839
45.293
57.1377
47.1264
39.8485
35.8621
57.1929
47.0567
39.7644
35.7753
57.1482
47.0425
39.7482
35.7662
57.1189
47.0365
39.7507
35.7772
57.0993
47.0301
39.7534
35.7887
57.0911
47.0262
39.7529
35.7915
57.096
47.0262
39.7487
35.7828
57.1127
47.0295
39.7413
35.7643
57.1377
47.035
39.7332
35.7422
57.1675
47.041
39.7279
35.7266
57.1675
47.041
39.7279
35.7266
57.1377
47.035
39.7332
35.7422
57.1127
47.0295
39.7413
35.7643
57.096
47.0261
39.7486
35.7828
57.0911
47.0262
39.7529
35.7915
57.0992
47.03
39.7534
35.7887
57.1188
47.0365
39.7507
35.7772
57.1482
47.0425
39.7482
35.7662
57.1928
47.0567
39.7644
35.7753
57.1377
47.1264
39.8485
35.862
45.1592
37.1698
31.4076
28.3275
45.2015
37.1149
31.3428
28.2629
45.1662
37.1038
31.3302
28.2559
45.143
37.0991
31.3322
28.2643
45.1276
37.0941
31.3342
28.2729
45.1212
37.0912
31.3338
28.2747
45.1252
37.0913
31.3304
28.2674
45.1385
37.0943
31.3248
28.2526
45.1584
37.0989
31.3185
28.235
45.182
37.1038
31.3144
28.2227
45.182
37.1038
31.3144
28.2227
45.1584
37.0989
31.3185
28.235
45.1385
37.0943
31.3248
28.2525
45.1252
37.0913
31.3304
28.2674
45.1212
37.0912
31.3337
28.2747
45.1275
37.0941
31.3342
28.273
45.143
37.0991
31.3322
28.2644
45.1662
37.1038
31.3302
28.2559
45.2015
37.1149
31.3427
28.2629
45.1592
37.1698
31.4076
28.3275
35.6877
29.3268
24.7533
22.343
35.7205
29.2831
24.7025
22.2936
35.6926
29.2745
24.6928
22.2882
35.6743
29.2709
24.6945
22.2949
35.6621
29.267
24.6962
22.3016
35.6571
29.2648
24.6959
22.3029
35.6602
29.2651
24.6934
22.2971
35.6708
29.2676
24.6891
22.2854
35.6865
29.2715
24.6844
22.2717
35.7052
29.2755
24.6813
22.262
35.7052
29.2755
24.6813
22.262
35.6865
29.2715
24.6844
22.2716
35.6708
29.2676
24.6891
22.2854
35.6602
29.2651
24.6934
22.2971
35.6571
29.2648
24.6959
22.3029
35.6621
29.267
24.6962
22.3016
35.6743
29.2709
24.6945
22.2949
35.6926
29.2745
24.6928
22.2882
35.7204
29.2831
24.7025
22.2936
35.6877
29.3268
24.7533
22.3429
28.1979
23.1501
19.5198
17.613
28.2235
23.1152
19.4795
17.5742
28.2015
23.1085
19.4719
17.57
28.1871
23.1057
19.4734
17.5754
28.1775
23.1028
19.4748
17.5808
28.1735
23.1011
19.4747
17.5819
28.1759
23.1014
19.4728
17.5774
28.1842
23.1035
19.4696
17.5683
28.1965
23.1066
19.466
17.5576
28.2114
23.1098
19.4636
17.5501
28.2114
23.1098
19.4636
17.5501
28.1965
23.1066
19.4659
17.5576
28.1842
23.1034
19.4696
17.5683
28.1759
23.1014
19.4728
17.5774
28.1734
23.1011
19.4747
17.5819
28.1774
23.1027
19.4748
17.5808
28.187
23.1057
19.4734
17.5754
28.2014
23.1084
19.4719
17.5701
28.2235
23.1152
19.4794
17.5742
28.1979
23.1501
19.5198
17.6129
22.2791
18.282
15.4022
13.8852
22.2991
18.2541
15.37
13.8543
22.2817
18.2487
15.3641
13.851
22.2704
18.2466
15.3653
13.8554
22.2628
18.2443
15.3665
13.8597
22.2596
18.2431
15.3665
13.8607
22.2615
18.2433
15.3652
13.8573
22.268
18.2449
15.3627
13.8502
22.2777
18.2474
15.3598
13.8418
22.2895
18.25
15.358
13.836
22.2895
18.25
15.358
13.836
22.2777
18.2474
15.3598
13.8418
22.268
18.2449
15.3626
13.8502
22.2615
18.2433
15.3651
13.8572
22.2596
18.2431
15.3665
13.8607
22.2627
18.2443
15.3665
13.8597
22.2703
18.2466
15.3653
13.8554
22.2817
18.2487
15.3641
13.851
22.2991
18.254
15.37
13.8543
22.2791
18.282
15.4022
13.8852
17.6041
14.4414
12.1585
10.9498
17.6199
14.4191
12.1327
10.925
17.6061
14.4149
12.1281
10.9225
17.5972
14.4133
12.1291
10.926
17.5912
14.4115
12.1301
10.9294
17.5887
14.4105
12.1301
10.9303
17.5901
14.4107
12.1291
10.9277
17.5952
14.412
12.1271
10.9222
17.6029
14.4139
12.1249
10.9157
17.6122
14.4159
12.1235
10.9111
17.6122
14.4159
12.1235
10.9111
17.6029
14.4139
12.1249
10.9156
17.5952
14.412
12.1271
10.9222
17.5901
14.4107
12.1291
10.9277
17.5886
14.4105
12.1301
10.9303
17.5911
14.4115
12.1301
10.9295
17.5971
14.4133
12.1291
10.926
17.6061
14.4149
12.128
10.9225
17.6199
14.4191
12.1327
10.925
17.6041
14.4414
12.1585
10.9498
13.9123
11.4093
9.6
8.63757
13.9246
11.3915
9.57938
8.61774
13.9137
11.3882
9.57571
8.61574
13.9066
11.3869
9.57656
8.61852
13.9019
11.3855
9.57736
8.62131
13.8999
11.3847
9.57741
8.62201
13.901
11.3849
9.57659
8.62
13.905
11.3859
9.57507
8.61572
13.9111
11.3874
9.57335
8.61059
13.9184
11.389
9.57222
8.60698
13.9184
11.389
9.57222
8.60697
13.9111
11.3874
9.57334
8.61058
13.905
11.3859
9.57506
8.6157
13.901
11.3849
9.57657
8.61999
13.8999
11.3847
9.5774
8.62201
13.9018
11.3855
9.57735
8.62131
13.9065
11.3869
9.57654
8.61852
13.9136
11.3882
9.57568
8.61574
13.9246
11.3915
9.57935
8.61771
13.9122
11.4093
9.59997
8.63752
10.9962
9.01436
7.58029
6.81483
11.0058
9.00015
7.56384
6.79899
10.9972
8.99755
7.56095
6.79743
10.9916
8.99655
7.56163
6.79964
10.9879
8.99544
7.56228
6.80187
10.9863
8.99482
7.56232
6.80244
10.9872
8.99493
7.56168
6.80088
10.9903
8.9957
7.56049
6.79752
10.9951
8.99691
7.55913
6.79349
11.0009
8.99816
7.55824
6.79065
11.0009
8.99815
7.55824
6.79064
10.9951
8.99689
7.55912
6.79348
10.9903
8.99569
7.56047
6.79751
10.9872
8.99491
7.56167
6.80087
10.9863
8.9948
7.56231
6.80244
10.9878
8.99541
7.56226
6.80187
10.9915
8.99651
7.56161
6.79965
10.9971
8.9975
7.56092
6.79742
11.0058
9.00011
7.5638
6.79896
10.9961
9.01433
7.58026
6.81478
8.69218
7.12223
5.98535
5.37703
8.69973
7.11089
5.97222
5.36442
8.69287
7.10883
5.96995
5.3632
8.68844
7.10805
5.9705
5.36496
8.6855
7.10717
5.97102
5.36673
8.68424
7.10668
5.97106
5.3672
8.68493
7.10676
5.97056
5.36598
8.68739
7.10737
5.96962
5.36334
8.69115
7.10832
5.96855
5.36016
8.69578
7.1093
5.96784
5.35792
8.69577
7.1093
5.96784
5.35791
8.69114
7.1083
5.96854
5.36015
8.68738
7.10736
5.9696
5.36332
8.68491
7.10674
5.97054
5.36596
8.68421
7.10666
5.97104
5.36719
8.68545
7.10714
5.971
5.36673
8.68837
7.10801
5.97048
5.36496
8.6928
7.10878
5.96992
5.36319
8.69968
7.11084
5.97218
5.36438
8.69214
7.12219
5.98531
5.37699
6.87127
5.6272
4.72573
4.24247
6.87717
5.61815
4.71527
4.23244
6.87173
5.61653
4.71348
4.23149
6.86822
5.61592
4.71393
4.23289
6.86589
5.61523
4.71434
4.23429
6.86489
5.61484
4.71437
4.23467
6.86543
5.6149
4.71398
4.23371
6.86737
5.61538
4.71324
4.23163
6.87033
5.61612
4.71239
4.22913
6.874
5.6169
4.71183
4.22736
6.87399
5.6169
4.71183
4.22736
6.87032
5.61611
4.71238
4.22912
6.86735
5.61536
4.71322
4.23162
6.86541
5.61488
4.71396
4.2337
6.86486
5.61481
4.71435
4.23466
6.86584
5.61519
4.71432
4.23429
6.86815
5.61587
4.7139
4.23288
6.87165
5.61648
4.71344
4.23147
6.87711
5.6181
4.71522
4.2324
6.87123
5.62716
4.72569
4.24243
5.43186
4.44591
3.73097
3.34708
5.43647
4.43868
3.72263
3.3391
5.43216
4.43741
3.72123
3.33836
5.42939
4.43692
3.72159
3.33948
5.42754
4.43638
3.72192
3.34059
5.42675
4.43607
3.72195
3.34089
5.42717
4.43611
3.72163
3.34014
5.42869
4.43649
3.72105
3.3385
5.43103
4.43708
3.72039
3.33653
5.43393
4.43769
3.71995
3.33513
5.43393
4.43769
3.71994
3.33513
5.43102
4.43706
3.72038
3.33652
5.42867
4.43647
3.72104
3.33849
5.42715
4.43609
3.72162
3.34012
5.42672
4.43604
3.72193
3.34088
5.4275
4.43634
3.7219
3.34058
5.42932
4.43688
3.72156
3.33947
5.43209
4.43735
3.72119
3.33834
5.43641
4.43863
3.72259
3.33906
5.43182
4.44586
3.73093
3.34704
4.29393
3.51249
2.94544
2.64045
4.29753
3.50673
2.93879
2.6341
4.29411
3.50572
2.93769
2.63352
4.29191
3.50534
2.93798
2.63442
4.29045
3.50491
2.93824
2.6353
4.28982
3.50466
2.93826
2.63554
4.29015
3.5047
2.93802
2.63494
4.29134
3.50499
2.93756
2.63365
4.29319
3.50545
2.93703
2.6321
4.29549
3.50594
2.93668
2.63099
4.29549
3.50593
2.93668
2.63099
4.29318
3.50544
2.93702
2.63209
4.29133
3.50497
2.93754
2.63364
4.29013
3.50468
2.938
2.63493
4.2898
3.50464
2.93824
2.63552
4.29041
3.50487
2.93822
2.63529
4.29185
3.50529
2.93795
2.6344
4.29403
3.50566
2.93765
2.63351
4.29747
3.50667
2.93875
2.63407
4.29388
3.51244
2.9454
2.64041
3.3943
2.77494
2.32515
2.08284
3.39711
2.77033
2.31985
2.07779
3.3944
2.76954
2.31898
2.07734
3.39267
2.76924
2.31922
2.07805
3.39151
2.7689
2.31943
2.07875
3.39101
2.7687
2.31944
2.07894
3.39126
2.76873
2.31925
2.07847
3.3922
2.76896
2.31888
2.07745
3.39366
2.76932
2.31846
2.07622
3.39548
2.7697
2.31819
2.07535
3.39548
2.7697
2.31818
2.07535
3.39365
2.76931
2.31846
2.07621
3.39219
2.76894
2.31887
2.07744
3.39125
2.76871
2.31923
2.07846
3.39099
2.76868
2.31943
2.07892
3.39147
2.76887
2.3194
2.07873
3.39261
2.7692
2.31919
2.07804
3.39433
2.76948
2.31895
2.07732
3.39705
2.77028
2.31981
2.07776
3.39425
2.77489
2.32512
2.0828
2.6831
2.19215
1.83538
1.64287
2.6853
2.18848
1.83115
1.63886
2.68315
2.18785
1.83047
1.6385
2.68178
2.18762
1.83065
1.63907
2.68087
2.18735
1.83082
1.63962
2.68047
2.18719
1.83083
1.63977
2.68067
2.1872
1.83067
1.6394
2.68141
2.18738
1.83038
1.63859
2.68256
2.18767
1.83005
1.63762
2.684
2.18797
1.82983
1.63693
2.684
2.18796
1.82982
1.63692
2.68255
2.18766
1.83004
1.63761
2.6814
2.18737
1.83037
1.63858
2.68065
2.18719
1.83066
1.63939
2.68045
2.18717
1.83081
1.63976
2.68084
2.18732
1.8308
1.63961
2.68173
2.18758
1.83063
1.63905
2.68309
2.1878
1.83043
1.63849
2.68525
2.18843
1.83111
1.63883
2.68306
2.19211
1.83534
1.64284
2.12091
1.73168
1.44867
1.29577
2.12262
1.72875
1.4453
1.29257
2.12093
1.72825
1.44476
1.2923
2.11984
1.72807
1.44491
1.29274
2.11912
1.72786
1.44504
1.29318
2.11881
1.72773
1.44505
1.2933
2.11896
1.72774
1.44492
1.293
2.11954
1.72787
1.44469
1.29236
2.12045
1.72809
1.44442
1.29159
2.1216
1.72833
1.44425
1.29104
2.1216
1.72833
1.44424
1.29104
2.12045
1.72809
1.44442
1.29158
2.11954
1.72786
1.44468
1.29235
2.11895
1.72773
1.44491
1.29299
2.1188
1.72771
1.44504
1.29328
2.1191
1.72784
1.44503
1.29317
2.11981
1.72804
1.44489
1.29273
2.12088
1.72821
1.44473
1.29228
2.12258
1.7287
1.44527
1.29255
2.12088
1.73164
1.44864
1.29573
1.67655
1.36788
1.14338
1.02196
1.67788
1.36554
1.14069
1.01942
1.67654
1.36515
1.14027
1.0192
1.67568
1.365
1.14039
1.01956
1.67511
1.36484
1.14049
1.0199
1.67486
1.36473
1.14049
1.01999
1.67498
1.36473
1.14039
1.01975
1.67545
1.36484
1.1402
1.01924
1.67616
1.36501
1.13998
1.01862
1.67707
1.3652
1.13984
1.01819
1.67707
1.36519
1.13984
1.01819
1.67616
1.36501
1.13998
1.01862
1.67544
1.36483
1.14019
1.01923
1.67498
1.36473
1.14038
1.01974
1.67486
1.36472
1.14048
1.01998
1.67511
1.36482
1.14048
1.01989
1.67566
1.36498
1.14037
1.01955
1.6765
1.36511
1.14024
1.01919
1.67785
1.3655
1.14066
1.01939
1.67653
1.36785
1.14335
1.02192
1.32534
1.08048
0.902385
0.805991
1.32638
1.07861
0.900246
0.803975
1.32532
1.07831
0.899915
0.803804
1.32464
1.0782
0.900012
0.804085
1.32419
1.07806
0.900091
0.804355
1.324
1.07798
0.900088
0.80442
1.32409
1.07798
0.9
0.804226
1.32445
1.07806
0.899846
0.803818
1.32502
1.07819
0.899675
0.803329
1.32575
1.07834
0.899562
0.802983
1.32574
1.07834
0.899561
0.802984
1.32502
1.07819
0.899673
0.80333
1.32445
1.07805
0.899844
0.803817
1.3241
1.07798
0.899996
0.804221
1.324
1.07798
0.900082
0.804411
1.3242
1.07806
0.90008
0.804343
1.32463
1.07818
0.899997
0.804074
1.32529
1.07828
0.899892
0.80379
1.32636
1.07859
0.900221
0.803951
1.32533
1.08046
0.902363
0.80596
1.04777
0.853477
0.712183
0.635664
1.04858
0.851985
0.71048
0.634063
1.04774
0.851746
0.71022
0.633928
1.04721
0.851662
0.710299
0.634151
1.04686
0.851556
0.71036
0.634363
1.0467
0.851488
0.710355
0.634411
1.04678
0.851484
0.710282
0.634253
1.04707
0.851544
0.710157
0.633927
1.04752
0.851648
0.710018
0.633537
1.04809
0.851763
0.709927
0.633262
1.04809
0.851763
0.709927
0.633263
1.04752
0.851647
0.710018
0.633539
1.04707
0.851545
0.710157
0.633928
1.04679
0.851487
0.710281
0.634251
1.04672
0.851491
0.710352
0.634403
1.04687
0.851556
0.710353
0.634352
1.04721
0.851654
0.710287
0.634142
1.04773
0.851729
0.710201
0.633917
1.04858
0.851967
0.710458
0.63404
1.04778
0.853463
0.712165
0.635635
0.828404
0.674196
0.562088
0.501341
0.829034
0.673006
0.560732
0.500069
0.828377
0.67282
0.560529
0.499963
0.827962
0.672756
0.560593
0.500139
0.827682
0.672673
0.560641
0.500306
0.827558
0.672617
0.560635
0.500342
0.827618
0.672613
0.560574
0.500213
0.827848
0.672659
0.560472
0.499951
0.828207
0.67274
0.56036
0.499639
0.828664
0.67283
0.560288
0.49942
0.828663
0.67283
0.560288
0.499422
0.828206
0.67274
0.560362
0.499644
0.827853
0.672662
0.560475
0.499955
0.827634
0.672619
0.560576
0.500212
0.827583
0.672626
0.560634
0.500335
0.827704
0.672678
0.560637
0.500296
0.827968
0.672754
0.560584
0.500131
0.828375
0.672808
0.560513
0.499952
0.82904
0.672993
0.560714
0.500047
0.828419
0.674188
0.562074
0.501313
0.655031
0.532621
0.443656
0.395411
0.655522
0.531671
0.442576
0.394399
0.655006
0.531528
0.442419
0.394317
0.654681
0.53148
0.442471
0.394457
0.654462
0.531415
0.442509
0.394588
0.654364
0.531371
0.442503
0.394614
0.654413
0.531367
0.442453
0.39451
0.654596
0.531402
0.44237
0.394299
0.654883
0.531466
0.44228
0.39405
0.655247
0.531538
0.442222
0.393876
0.655246
0.531538
0.442223
0.393879
0.654882
0.531468
0.442283
0.394056
0.654603
0.531408
0.442375
0.394305
0.654432
0.531376
0.442457
0.39451
0.654394
0.531383
0.442504
0.394608
0.654489
0.531425
0.442507
0.394578
0.654694
0.531482
0.442464
0.394448
0.65501
0.531521
0.442405
0.394306
0.655534
0.531664
0.442561
0.394379
0.655052
0.532618
0.443644
0.395383
0.517997
0.42083
0.350213
0.311867
0.518381
0.420072
0.349353
0.311062
0.517977
0.419962
0.34923
0.310997
0.517723
0.419928
0.349274
0.311108
0.517552
0.419878
0.349304
0.311213
0.517476
0.419843
0.349299
0.311233
0.517516
0.419839
0.349258
0.311148
0.517663
0.419868
0.349192
0.310979
0.517892
0.419918
0.34912
0.31078
0.518183
0.419976
0.349074
0.310641
0.518182
0.419976
0.349075
0.310644
0.517892
0.419921
0.349124
0.310787
0.51767
0.419874
0.349198
0.310985
0.517536
0.419851
0.349263
0.311149
0.517507
0.419857
0.349302
0.311226
0.517581
0.419889
0.349303
0.311203
0.517739
0.419931
0.349268
0.3111
0.517983
0.419957
0.349218
0.310986
0.518395
0.420067
0.349338
0.311041
0.518019
0.420829
0.350202
0.31184
0.409675
0.332557
0.276484
0.245971
0.409977
0.331953
0.275797
0.245328
0.409662
0.331869
0.275703
0.245277
0.409465
0.331845
0.275739
0.245366
0.409331
0.331807
0.275765
0.24545
0.409272
0.331781
0.275761
0.245466
0.409306
0.331779
0.275728
0.245397
0.409425
0.331802
0.275675
0.245261
0.40961
0.331843
0.275618
0.245103
0.409843
0.331889
0.275581
0.244993
0.409842
0.33189
0.275583
0.244996
0.409609
0.331846
0.275622
0.24511
0.409432
0.331809
0.275681
0.245269
0.409326
0.33179
0.275733
0.245399
0.409303
0.331795
0.275763
0.245459
0.40936
0.331819
0.275764
0.245439
0.409479
0.331849
0.275734
0.245357
0.409666
0.331864
0.27569
0.245266
0.409988
0.331947
0.275783
0.245307
0.409694
0.332556
0.276473
0.245943
0.324043
0.262852
0.218304
0.193988
0.324283
0.262371
0.217755
0.193473
0.324038
0.262307
0.217682
0.193432
0.323886
0.262291
0.217713
0.193504
0.323781
0.262263
0.217734
0.193572
0.323736
0.262243
0.217732
0.193584
0.323765
0.262243
0.217706
0.193529
0.323863
0.262263
0.217664
0.19342
0.324013
0.262297
0.217619
0.193293
0.324199
0.262334
0.217591
0.193206
0.324198
0.262334
0.217592
0.193209
0.324011
0.262299
0.217623
0.193301
0.323868
0.262268
0.21767
0.193428
0.323783
0.262253
0.217711
0.193531
0.323764
0.262256
0.217734
0.193578
0.323806
0.262273
0.217733
0.193561
0.323895
0.262292
0.217706
0.193495
0.324036
0.262299
0.217668
0.193421
0.324288
0.262361
0.217739
0.193451
0.324056
0.262847
0.21829
0.193959
0.256349
0.207804
0.172386
0.152975
0.25654
0.20742
0.171947
0.152562
0.256351
0.207372
0.171891
0.152529
0.256234
0.207362
0.171917
0.152587
0.256152
0.207342
0.171936
0.152642
0.256118
0.207327
0.171934
0.152653
0.256143
0.207328
0.171914
0.152609
0.256225
0.207346
0.171881
0.152521
0.256347
0.207374
0.171846
0.152419
0.256497
0.207405
0.171823
0.152349
0.256494
0.207405
0.171825
0.152353
0.256342
0.207375
0.17185
0.152427
0.256226
0.20735
0.171886
0.152528
0.256157
0.207337
0.171918
0.15261
0.25614
0.207338
0.171935
0.152646
0.256171
0.207349
0.171932
0.15263
0.256235
0.207359
0.171909
0.152577
0.256341
0.207359
0.171875
0.152517
0.256536
0.207405
0.171928
0.152539
0.256352
0.207794
0.17237
0.152945
0.20284
0.164325
0.136141
0.120619
0.202994
0.164018
0.135789
0.120285
0.202848
0.163983
0.135746
0.120259
0.202759
0.163977
0.135768
0.120306
0.202695
0.163963
0.135784
0.120351
0.202669
0.163953
0.135784
0.120361
0.202691
0.163955
0.135768
0.120325
0.202759
0.16397
0.135742
0.120253
0.20286
0.163994
0.135713
0.120171
0.20298
0.164019
0.135696
0.120115
0.202977
0.164018
0.135697
0.120119
0.202853
0.163994
0.135717
0.120179
0.202757
0.163972
0.135745
0.12026
0.2027
0.16396
0.13577
0.120325
0.202685
0.163959
0.135782
0.120353
0.202706
0.163965
0.135779
0.120339
0.202751
0.16397
0.135757
0.120295
0.202828
0.163965
0.135727
0.120246
0.202979
0.163998
0.135767
0.120261
0.202831
0.164308
0.136122
0.120588
0.160555
0.12998
0.107529
0.0950978
0.16068
0.129735
0.107246
0.0948278
0.160569
0.129709
0.107212
0.094806
0.160501
0.129707
0.107231
0.0948442
0.16045
0.129696
0.107245
0.0948816
0.16043
0.129689
0.107245
0.0948895
0.16045
0.129691
0.107232
0.0948599
0.160507
0.129705
0.107211
0.0948011
0.16059
0.129725
0.107188
0.0947337
0.160687
0.129745
0.107173
0.0946884
0.160683
0.129744
0.107174
0.0946915
0.160581
0.129723
0.10719
0.0947409
0.160501
0.129704
0.107213
0.0948071
0.160453
0.129693
0.107232
0.0948592
0.160439
0.129692
0.107241
0.0948809
0.160453
0.129694
0.107237
0.094869
0.160484
0.129694
0.107218
0.0948331
0.160539
0.129685
0.107191
0.0947922
0.160654
0.129709
0.107221
0.0948029
0.160536
0.129957
0.107506
0.0950651
0.127156
0.10285
0.0849427
0.0749778
0.127258
0.102654
0.0847146
0.0747589
0.127174
0.102635
0.0846883
0.0747404
0.127121
0.102635
0.0847046
0.0747712
0.127081
0.102627
0.0847158
0.074802
0.127064
0.102621
0.0847155
0.0748085
0.127081
0.102623
0.0847043
0.0747834
0.12713
0.102634
0.0846862
0.0747339
0.127199
0.10265
0.084667
0.0746776
0.127277
0.102666
0.0846549
0.0746402
0.127272
0.102664
0.0846554
0.0746432
0.127188
0.102647
0.0846682
0.0746843
0.127121
0.102631
0.084687
0.0747391
0.12708
0.102622
0.0847029
0.0747819
0.127068
0.10262
0.0847103
0.0747995
0.127076
0.102621
0.0847062
0.0747895
0.127096
0.102617
0.0846893
0.0747604
0.127134
0.102606
0.0846648
0.0747265
0.127223
0.102622
0.0846872
0.0747333
0.127127
0.102821
0.0849169
0.0749441
0.100793
0.0814203
0.067118
0.0591289
0.100876
0.0812637
0.0669341
0.0589512
0.100813
0.0812503
0.0669135
0.0589351
0.100773
0.081251
0.066927
0.0589596
0.10074
0.0812445
0.0669358
0.0589849
0.100725
0.0812387
0.0669347
0.0589898
0.100739
0.0812395
0.0669242
0.0589678
0.10078
0.0812477
0.0669077
0.0589249
0.100837
0.0812604
0.0668906
0.0588767
0.100901
0.0812726
0.0668798
0.0588451
0.100895
0.0812706
0.0668799
0.0588479
0.100824
0.0812557
0.0668908
0.0588829
0.100768
0.0812429
0.0669072
0.0589294
0.100734
0.0812358
0.0669211
0.0589657
0.100723
0.0812345
0.0669279
0.0589808
0.100728
0.0812345
0.0669247
0.058973
0.10074
0.0812295
0.0669102
0.0589496
0.100766
0.0812168
0.0668883
0.0589215
0.100833
0.0812274
0.0669045
0.0589254
0.100757
0.0813869
0.0670897
0.0590946
0.080002
0.0644994
0.0530582
0.0466583
0.0800693
0.0643736
0.05291
0.0465141
0.0800234
0.0643646
0.0528938
0.0464996
0.0799926
0.0643657
0.0529047
0.0465188
0.0799642
0.0643595
0.0529111
0.0465393
0.0799502
0.0643531
0.0529087
0.0465426
0.0799609
0.0643519
0.052898
0.0465224
0.0799946
0.0643571
0.0528821
0.0464842
0.080042
0.0643662
0.0528659
0.0464417
0.0800936
0.0643749
0.0528556
0.0464143
0.0800877
0.0643725
0.0528554
0.0464168
0.0800279
0.0643603
0.0528653
0.0464474
0.0799804
0.0643505
0.0528803
0.046488
0.0799523
0.0643461
0.0528936
0.0465199
0.079944
0.0643463
0.0529007
0.0465337
0.0799473
0.0643467
0.0528991
0.0465283
0.0799537
0.0643411
0.052887
0.04651
0.0799704
0.0643278
0.0528675
0.0464868
0.0800216
0.0643341
0.0528789
0.0464883
0.0799606
0.0644627
0.0530281
0.0466237
0.0636214
0.0511459
0.0419774
0.0368587
0.0636756
0.0510447
0.0418579
0.0367416
0.0636426
0.051039
0.0418453
0.0367283
0.0636188
0.05104
0.0418537
0.0367429
0.0635935
0.0510334
0.0418577
0.0367593
0.0635792
0.0510258
0.0418538
0.036761
0.0635863
0.0510223
0.0418424
0.0367418
0.0636137
0.0510242
0.0418262
0.0367067
0.0636529
0.0510297
0.0418101
0.0366684
0.0636949
0.0510354
0.0417998
0.0366438
0.0636887
0.0510327
0.0417994
0.0366462
0.0636379
0.051023
0.0418088
0.0366737
0.0635979
0.0510163
0.0418235
0.0367101
0.0635754
0.0510148
0.0418369
0.0367391
0.0635698
0.0510172
0.041845
0.0367525
0.0635728
0.0510186
0.0418452
0.0367494
0.0635757
0.0510132
0.0418356
0.0367355
0.0635857
0.0510001
0.0418184
0.0367165
0.0636246
0.051003
0.041826
0.0367161
0.063577
0.0511071
0.041946
0.0368239
0.0507272
0.0406168
0.0332538
0.0291676
0.0507705
0.040535
0.0331577
0.0290725
0.0507476
0.0405318
0.0331478
0.0290601
0.0507289
0.0405325
0.0331539
0.0290708
0.0507055
0.0405252
0.0331558
0.0290836
0.0506902
0.0405161
0.0331504
0.0290838
0.0506938
0.0405101
0.0331378
0.0290654
0.0507157
0.0405088
0.033121
0.0290324
0.0507479
0.040511
0.0331045
0.0289969
0.0507821
0.0405139
0.033094
0.0289744
0.0507756
0.040511
0.0330934
0.0289768
0.0507321
0.0405035
0.0331027
0.0290019
0.0506986
0.0404998
0.0331175
0.0290355
0.0506811
0.0405013
0.0331316
0.0290626
0.0506786
0.040506
0.033141
0.0290759
0.0506819
0.0405089
0.033143
0.0290751
0.0506827
0.0405042
0.0331358
0.0290649
0.050688
0.0404915
0.0331207
0.0290494
0.0507175
0.0404919
0.0331251
0.0290475
0.0506812
0.0405764
0.0332215
0.0291327
0.0405831
0.0323233
0.0263944
0.0231366
0.0406174
0.0322568
0.026317
0.0230593
0.0406023
0.0322558
0.0263092
0.0230474
0.0405876
0.032256
0.0263135
0.0230548
0.0405653
0.0322478
0.0263134
0.0230647
0.0405488
0.0322371
0.0263066
0.0230637
0.0405491
0.0322289
0.0262931
0.0230457
0.0405661
0.0322248
0.0262755
0.0230144
0.0405926
0.032224
0.0262585
0.022981
0.0406205
0.0322246
0.0262477
0.0229601
0.0406138
0.0322214
0.0262469
0.0229624
0.0405761
0.0322159
0.0262563
0.0229859
0.0405478
0.0322147
0.0262714
0.0230174
0.0405348
0.0322188
0.0262862
0.023043
0.0405351
0.0322257
0.0262967
0.0230564
0.0405392
0.0322301
0.0263005
0.0230574
0.0405388
0.0322264
0.0262953
0.0230504
0.0405405
0.0322142
0.026282
0.0230377
0.0405628
0.0322126
0.0262839
0.0230346
0.0405359
0.0322816
0.0263611
0.0231016
0.0326008
0.0257971
0.021006
0.0184071
0.0326277
0.0257428
0.0209436
0.0183438
0.0326188
0.0257434
0.0209374
0.0183323
0.0326072
0.0257431
0.0209401
0.018337
0.0325857
0.0257342
0.0209386
0.0183446
0.032568
0.0257222
0.0209307
0.0183428
0.0325654
0.0257122
0.0209165
0.0183253
0.0325784
0.0257058
0.0208984
0.0182955
0.0326003
0.0257027
0.0208811
0.0182638
0.0326231
0.0257015
0.02087
0.0182442
0.032616
0.025698
0.0208691
0.0182465
0.0325827
0.0256939
0.0208784
0.0182687
0.0325586
0.0256947
0.0208937
0.0182983
0.032549
0.0257008
0.020909
0.0183227
0.0325517
0.0257094
0.0209203
0.0183359
0.0325566
0.025715
0.0209253
0.0183382
0.0325553
0.025712
0.0209216
0.0183336
0.0325544
0.0257004
0.0209098
0.0183232
0.0325709
0.025697
0.0209097
0.0183191
0.0325516
0.0257536
0.0209714
0.0183717
0.0263089
0.0206635
0.0167738
0.0146922
0.0263302
0.0206189
0.0167233
0.0146397
0.0263263
0.0206208
0.0167184
0.0146284
0.0263172
0.0206202
0.0167199
0.0146308
0.0262963
0.0206107
0.0167172
0.0146368
0.0262777
0.020598
0.0167088
0.0146346
0.0262728
0.0205867
0.0166943
0.0146179
0.0262828
0.0205789
0.0166762
0.0145895
0.026301
0.0205742
0.0166589
0.0145596
0.0263198
0.0205715
0.0166477
0.0145412
0.0263123
0.0205678
0.0166467
0.0145434
0.0262821
0.0205645
0.0166558
0.0145644
0.0262608
0.0205664
0.0166709
0.0145925
0.0262537
0.0205737
0.0166861
0.0146154
0.026258
0.0205832
0.0166977
0.0146281
0.0262633
0.0205894
0.0167033
0.014631
0.0262612
0.0205868
0.0167006
0.0146281
0.0262579
0.0205755
0.0166899
0.0146195
0.0262699
0.0205707
0.0166881
0.0146145
0.0262564
0.0206174
0.0167375
0.0146558
0.0213306
0.0166211
0.0134451
0.0117629
0.0213478
0.0165844
0.0134037
0.0117185
0.0213479
0.0165873
0.0133998
0.0117073
0.0213408
0.0165865
0.0134003
0.0117081
0.0213206
0.016577
0.0133971
0.0117129
0.0213016
0.016564
0.0133886
0.0117108
0.0212953
0.0165524
0.0133745
0.0116952
0.0213032
0.0165438
0.0133569
0.0116685
0.0213186
0.0165382
0.01334
0.0116403
0.0213341
0.0165346
0.013329
0.0116231
0.021326
0.0165306
0.0133279
0.0116254
0.021298
0.0165275
0.0133365
0.0116453
0.0212783
0.0165297
0.0133509
0.0116716
0.0212724
0.0165372
0.0133654
0.0116929
0.0212772
0.0165467
0.0133766
0.0117046
0.0212823
0.0165528
0.013382
0.0117075
0.0212791
0.01655
0.0133798
0.0117055
0.0212738
0.0165387
0.0133697
0.011698
0.0212819
0.0165327
0.0133665
0.0116924
0.0212726
0.0165713
0.0134062
0.011725
0.0173655
0.0134279
0.0108169
0.00943852
0.01738
0.0133975
0.0107826
0.00940016
0.0173834
0.0134012
0.0107793
0.00938886
0.0173782
0.0134005
0.0107793
0.00938847
0.017359
0.0133912
0.010776
0.00939281
0.01734
0.0133787
0.010768
0.00939127
0.0173331
0.0133673
0.0107548
0.00937707
0.0173397
0.0133589
0.0107382
0.00935223
0.0173533
0.0133531
0.0107221
0.00932587
0.0173661
0.013349
0.0107117
0.00930988
0.0173572
0.0133446
0.0107104
0.00931223
0.0173303
0.0133412
0.0107182
0.00933094
0.0173112
0.0133428
0.0107314
0.00935539
0.0173053
0.0133495
0.0107447
0.00937482
0.0173098
0.0133581
0.0107546
0.00938509
0.0173139
0.0133633
0.0107594
0.00938738
0.0173093
0.0133597
0.0107569
0.00938556
0.0173019
0.0133481
0.010747
0.00937879
0.0173066
0.0133412
0.0107428
0.00937265
0.0173001
0.0133732
0.0107749
0.00939877
0.0141782
0.0108907
0.00872885
0.00757894
0.0141912
0.0108656
0.0086998
0.00754483
0.0141974
0.0108699
0.00869695
0.00753343
0.0141939
0.0108694
0.00869657
0.00753226
0.0141758
0.0108608
0.00869359
0.00753655
0.0141575
0.0108492
0.00868656
0.00753592
0.0141507
0.0108389
0.00867474
0.00752341
0.0141568
0.0108312
0.0086596
0.00750058
0.0141691
0.0108258
0.00864481
0.00747616
0.0141798
0.0108216
0.00863506
0.00746146
0.01417
0.0108167
0.00863364
0.00746389
0.0141437
0.0108125
0.00864047
0.00748142
0.0141241
0.0108129
0.00865201
0.00750394
0.0141173
0.010818
0.00866349
0.00752129
0.0141204
0.0108249
0.00867176
0.00752976
0.014123
0.0108285
0.00867513
0.00753093
0.0141166
0.0108237
0.00867191
0.00752877
0.014107
0.0108114
0.00866193
0.00752226
0.0141087
0.0108036
0.00865677
0.00751568
0.0141037
0.0108301
0.00868317
0.00753702
0.0115888
0.00885905
0.00705666
0.00607816
0.0116016
0.00883846
0.00703156
0.00604702
0.01161
0.0088431
0.00702895
0.00603545
0.0116081
0.00884295
0.00702848
0.00603385
0.0115913
0.00883537
0.00702614
0.00603843
0.0115741
0.00882518
0.00702039
0.00603897
0.0115679
0.00881629
0.00701026
0.00602826
0.0115741
0.00880993
0.00699691
0.0060075
0.0115857
0.00880539
0.00698364
0.00598503
0.0115945
0.00880133
0.00697473
0.00597163
0.0115839
0.00879591
0.00697317
0.00597418
0.0115576
0.00879067
0.00697884
0.00599058
0.0115371
0.00878927
0.00698852
0.00601118
0.0115287
0.00879221
0.00699787
0.00602638
0.0115298
0.00879692
0.00700407
0.00603288
0.0115302
0.00879837
0.0070057
0.00603263
0.0115217
0.00879194
0.00700134
0.00602975
0.01151
0.00877881
0.00699097
0.00602319
0.011509
0.00877031
0.00698512
0.00601628
0.0115045
0.00879219
0.00700714
0.0060341
0.00946605
0.00721986
0.00570776
0.00485869
0.00947919
0.0072031
0.00568561
0.00482959
0.00948953
0.0072079
0.00568305
0.0048178
0.00948885
0.00720818
0.00568267
0.00481599
0.00947357
0.00720176
0.00568112
0.00482107
0.00945766
0.00719316
0.0056768
0.00482286
0.00945251
0.007186
0.00566848
0.00481392
0.00945913
0.00718121
0.00565701
0.00479514
0.00947043
0.00717775
0.00564535
0.00477452
0.00947766
0.00717396
0.00563735
0.00476236
0.00946619
0.0071681
0.00563567
0.00476506
0.00943979
0.00716167
0.00564016
0.00478044
0.00941805
0.00715831
0.00564791
0.00479928
0.00940767
0.00715887
0.00565505
0.00481246
0.00940652
0.00716109
0.00565909
0.00481703
0.00940456
0.00716022
0.00565884
0.00481528
0.00939392
0.007152
0.00565317
0.00481151
0.00938015
0.00713792
0.0056423
0.00480475
0.00937666
0.00712887
0.00563594
0.00479765
0.00937192
0.00714678
0.00565461
0.00481289
0.00771864
0.00589162
0.00461588
0.00386575
0.00773263
0.00587808
0.00459592
0.00383803
0.00774439
0.00588284
0.00459327
0.00382595
0.00774474
0.00588352
0.00459301
0.00382409
0.00773087
0.00587825
0.00459228
0.00382969
0.0077164
0.00587124
0.00458931
0.00383262
0.00771241
0.00586581
0.00458269
0.00382526
0.00771963
0.00586259
0.00457299
0.0038082
0.00773071
0.00586022
0.00456285
0.00378919
0.00773657
0.00585676
0.00455571
0.00377815
0.00772441
0.00585052
0.00455394
0.00378103
0.00769799
0.00584301
0.00455736
0.00379559
0.0076751
0.00583779
0.00456336
0.00381295
0.00766285
0.00583608
0.00456848
0.00382444
0.00765946
0.00583594
0.00457053
0.00382735
0.00765525
0.00583286
0.00456854
0.00382426
0.00764263
0.00582294
0.00456163
0.00381964
0.00762709
0.005808
0.00455029
0.00381269
0.00762143
0.00579858
0.00454364
0.00380559
0.00761589
0.00581307
0.00455976
0.00381892
0.00628662
0.00481748
0.00373487
0.00306139
0.00630152
0.00480654
0.00371651
0.0030346
0.00631423
0.00481107
0.00371365
0.00302219
0.00631528
0.00481203
0.00371349
0.00302029
0.00630264
0.00480774
0.0037134
0.0030263
0.00628955
0.0048021
0.00371152
0.00303011
0.00628664
0.00479817
0.0037063
0.00302395
0.00629437
0.00479628
0.00369807
0.00300821
0.00630523
0.00479483
0.00368919
0.00299047
0.00630991
0.00479165
0.00368278
0.00298034
0.00629729
0.00478516
0.00368096
0.00298343
0.00627112
0.00477682
0.00368354
0.00299741
0.00624748
0.00477016
0.00368814
0.00301372
0.0062338
0.00476663
0.00369168
0.00302397
0.0062286
0.00476457
0.00369218
0.00302567
0.00622255
0.0047597
0.00368883
0.0030216
0.00620836
0.00474845
0.00368098
0.00301639
0.00619145
0.00473291
0.00366939
0.00300941
0.00618395
0.00472331
0.00366269
0.00300253
0.00617744
0.0047349
0.00367683
0.00301448
0.00513021
0.00395677
0.0030316
0.00241871
0.00514574
0.0039478
0.00301442
0.0023926
0.00515891
0.0039519
0.00301126
0.00237985
0.00516032
0.00395298
0.0030111
0.00237787
0.00514868
0.0039494
0.0030114
0.00238404
0.00513676
0.00394476
0.00301021
0.00238834
0.00513469
0.0039419
0.00300593
0.00238291
0.00514271
0.00394095
0.00299873
0.00236802
0.00515323
0.00394011
0.00299075
0.00235112
0.00515693
0.00393711
0.00298487
0.00234164
0.00514416
0.00393052
0.00298306
0.00234494
0.00511864
0.00392179
0.0029851
0.00235864
0.0050949
0.00391428
0.00298881
0.00237435
0.00508049
0.00390963
0.00299134
0.00238391
0.00507418
0.00390634
0.00299091
0.00238496
0.00506694
0.00390035
0.00298677
0.00238042
0.00505178
0.00388832
0.00297845
0.00237499
0.00503402
0.0038726
0.00296693
0.00236826
0.00502509
0.00386301
0.00296043
0.00236184
0.00501772
0.00387222
0.00297302
0.00237279
0.00421851
0.00327639
0.00247891
0.00191651
0.00423414
0.00326878
0.00246268
0.00189103
0.00424732
0.00327234
0.0024592
0.00187803
0.00424879
0.00327335
0.00245895
0.00187593
0.00423792
0.00327016
0.00245932
0.00188199
0.00422693
0.00326612
0.0024584
0.00188634
0.00422542
0.00326385
0.00245456
0.00188116
0.00423346
0.00326335
0.00244789
0.00186664
0.00424355
0.00326277
0.00244041
0.00185018
0.00424651
0.00325986
0.00243487
0.0018411
0.00423396
0.00325338
0.00243313
0.00184459
0.00420953
0.00324474
0.00243498
0.00185824
0.00418641
0.0032371
0.00243832
0.00187378
0.00417211
0.00323213
0.0024405
0.00188319
0.00416551
0.00322842
0.00243979
0.00188414
0.00415786
0.00322206
0.00243549
0.00187966
0.00414242
0.00320992
0.00242724
0.00187446
0.00412437
0.00319447
0.00241619
0.00186826
0.00411445
0.00318509
0.00241005
0.0018625
0.00410659
0.00319239
0.00242136
0.00187268
0.00352002
0.00274437
0.00205041
0.00153505
0.0035352
0.00273763
0.00203511
0.00151041
0.00354806
0.00274064
0.00203141
0.00149739
0.00354945
0.00274149
0.002031
0.00149518
0.00353917
0.00273844
0.00203124
0.0015009
0.0035289
0.00273462
0.00203021
0.00150494
0.00352775
0.00273253
0.00202638
0.00149961
0.00353567
0.00273209
0.00201984
0.0014851
0.00354539
0.00273149
0.00201251
0.00146879
0.00354797
0.00272864
0.00200713
0.0014599
0.00353602
0.00272249
0.00200556
0.00146356
0.00351305
0.00271442
0.00200755
0.00147734
0.00349119
0.00270731
0.00201102
0.00149304
0.00347775
0.00270275
0.00201338
0.0015027
0.00347164
0.00269938
0.00201297
0.00150402
0.00346432
0.00269336
0.00200907
0.00150003
0.00344928
0.00268173
0.00200137
0.00149543
0.00343149
0.00266698
0.00199108
0.00149002
0.00342105
0.00265792
0.00198541
0.00148499
0.00341321
0.00266379
0.00199552
0.00149442
0.00299886
0.00232834
0.00171927
0.00125403
0.00301319
0.00232219
0.00170507
0.00123066
0.00302567
0.00232481
0.00170133
0.00121799
0.00302695
0.0023255
0.00170082
0.00121579
0.00301714
0.00232246
0.00170083
0.0012211
0.00300748
0.00231863
0.00169951
0.00122464
0.00300665
0.00231644
0.00169543
0.00121896
0.00301458
0.00231585
0.00168872
0.0012043
0.00302421
0.00231514
0.00168134
0.00118798
0.00302692
0.00231242
0.00167605
0.0011792
0.00301594
0.00230684
0.00167475
0.00118305
0.00299464
0.00229971
0.00167716
0.00119709
0.00297445
0.00229364
0.00168114
0.00121312
0.00296243
0.00229008
0.0016841
0.00122324
0.00295745
0.00228763
0.00168438
0.00122516
0.00295112
0.00228252
0.00168124
0.00122193
0.00293707
0.00227188
0.0016744
0.00121816
0.00292002
0.00225811
0.00166507
0.00121364
0.00290955
0.00224945
0.00165981
0.00120928
0.00290228
0.00225429
0.00166867
0.00121774
0.00261824
0.00199944
0.00146157
0.00105383
0.0026316
0.00199379
0.00144871
0.00103228
0.00264382
0.00199632
0.00144521
0.00102037
0.0026451
0.00199695
0.00144472
0.00101839
0.00263569
0.00199386
0.00144456
0.00102338
0.00262653
0.00198991
0.0014429
0.00102644
0.00262614
0.00198754
0.00143847
0.00102042
0.00263442
0.00198678
0.00143147
0.00100561
0.0026445
0.00198603
0.00142393
0.000989313
0.00264798
0.00198362
0.00141875
0.00098068
0.00263829
0.00197886
0.00141788
0.00098478
0.00261874
0.00197295
0.00142098
0.000999146
0.00260042
0.00196827
0.00142576
0.00101558
0.00259022
0.00196612
0.00142959
0.00102621
0.00258692
0.00196506
0.00143079
0.0010288
0.0025822
0.00196131
0.00142864
0.00102641
0.00256968
0.00195201
0.00142285
0.00102355
0.00255383
0.00193944
0.00141451
0.00101991
0.00254385
0.00193122
0.00140954
0.00101599
0.00253772
0.0019354
0.00141705
0.0010231
0.00234755
0.0017382
0.00126141
0.000918338
0.0023599
0.0017331
0.00125012
0.000899135
0.00237207
0.00173588
0.00124712
0.000888377
0.00237345
0.00173654
0.00124679
0.000886821
0.00236432
0.00173339
0.00124654
0.000891613
0.00235557
0.00172925
0.00124459
0.000894311
0.00235573
0.00172667
0.00123977
0.000888034
0.00236476
0.0017258
0.00123243
0.000873207
0.00237582
0.0017252
0.00122473
0.00085707
0.00238068
0.00172335
0.00121975
0.000848713
0.00237263
0.00171967
0.00121952
0.000853165
0.0023549
0.00171523
0.00122357
0.000867918
0.00233867
0.00171226
0.00122943
0.000884763
0.00233071
0.00171192
0.00123437
0.00089587
0.0023297
0.00171267
0.00123671
0.00089911
0.00232724
0.00171072
0.00123575
0.000897593
0.00231684
0.00170316
0.00123119
0.00089569
0.00230268
0.00169201
0.0012239
0.000892883
0.00229381
0.00168435
0.00121914
0.000889155
0.00228947
0.0016883
0.00122524
0.000894548
0.00216489
0.00153688
0.00111278
0.00083574
0.00217605
0.00153232
0.00110321
0.000819233
0.00218819
0.00153559
0.00110088
0.000809918
0.00218969
0.00153633
0.00110074
0.000808839
0.00218074
0.00153304
0.00110042
0.000813437
0.00217229
0.00152863
0.00109818
0.00081576
0.00217298
0.00152579
0.00109294
0.0008093
0.00218287
0.00152482
0.00108523
0.0007946
0.0021952
0.00152447
0.00107742
0.000778812
0.00220183
0.00152341
0.00107277
0.000770885
0.00219572
0.00152106
0.00107338
0.000775746
0.00218004
0.0015184
0.00107865
0.000790851
0.00216632
0.00151752
0.00108587
0.000808027
0.00216118
0.00151944
0.00109221
0.000819576
0.00216315
0.00152253
0.00109599
0.000823511
0.00216366
0.00152291
0.00109652
0.000822977
0.00215601
0.00151755
0.00109349
0.000822158
0.00214408
0.00150817
0.00108745
0.000820229
0.00213698
0.00150135
0.00108296
0.000816562
0.00213523
0.00150556
0.00108776
0.000820089
0.00205153
0.00139405
0.0010146
0.000794939
0.00206109
0.00138987
0.00100668
0.000781182
0.00207295
0.00139364
0.00100506
0.000773419
0.00207451
0.00139438
0.00100503
0.000772703
0.0020657
0.00139088
0.00100453
0.000776882
0.00205744
0.00138608
0.0010019
0.000778635
0.00205846
0.00138284
0.000996182
0.00077194
0.00206896
0.00138166
0.00098811
0.000757475
0.00208236
0.00138151
0.000980257
0.000742209
0.00209078
0.00138132
0.000976061
0.000734809
0.00208682
0.0013805
0.000977664
0.000740006
0.00207359
0.0013799
0.000984278
0.000755262
0.00206294
0.00138149
0.00099302
0.000772584
0.00206123
0.0013861
0.00100098
0.000784521
0.00206676
0.00139198
0.00100647
0.000789253
0.00207076
0.00139515
0.00100884
0.000789899
0.00206635
0.00139246
0.00100771
0.000790343
0.00205709
0.00138529
0.00100327
0.00078941
0.00205228
0.00137966
0.000999284
0.000785861
0.00205383
0.00138465
0.00100312
0.000787747
0.00198356
0.00130296
0.000960319
0.000781489
0.00199112
0.00129889
0.000953729
0.000770204
0.00200231
0.00130292
0.000952699
0.000763902
0.0020038
0.00130351
0.000952612
0.000763345
0.00199519
0.00129976
0.000951783
0.000766796
0.00198714
0.00129456
0.000948661
0.000767698
0.00198823
0.0012908
0.000942467
0.000760653
0.00199886
0.00128921
0.000934114
0.000746482
0.00201277
0.00128909
0.000926343
0.000731855
0.00202264
0.00128966
0.000922681
0.000724986
0.00202086
0.00129037
0.000925224
0.000730323
0.00201044
0.00129194
0.000933053
0.000745404
0.00200331
0.00129613
0.000943186
0.000762586
0.00200539
0.00130355
0.000952707
0.000774799
0.00201466
0.0013123
0.000959954
0.000780383
0.00202224
0.00131835
0.000964283
0.000782328
0.00202115
0.00131851
0.000965241
0.000784125
0.00201468
0.00131379
0.000962644
0.000784271
0.00201233
0.00130962
0.000959437
0.00078102
0.00201746
0.0013157
0.000962787
0.000781776
0.00192962
0.00124318
0.000931245
0.000777705
0.00193508
0.00123896
0.000925592
0.000768434
0.00194525
0.00124293
0.00092496
0.000763391
0.00194659
0.0012433
0.000924735
0.000762859
0.00193837
0.00123939
0.000923516
0.000765404
0.00193072
0.00123392
0.000919939
0.000765316
0.0019318
0.0012297
0.000913403
0.000757905
0.00194215
0.00122765
0.000904981
0.000744133
0.00195604
0.00122741
0.000897476
0.000730264
0.00196689
0.00122854
0.000894376
0.000723921
0.00196714
0.0012306
0.000897667
0.00072919
0.00195966
0.00123414
0.000906345
0.000743748
0.00195615
0.00124066
0.000917443
0.000760453
0.00196188
0.00125051
0.000928134
0.000772723
0.00197456
0.00126169
0.000936818
0.000779042
0.00198528
0.0012702
0.000942836
0.000782192
0.00198717
0.00127288
0.00094567
0.000785218
0.00198325
0.00127047
0.00094484
0.000786384
0.00198311
0.00126775
0.000942562
0.000783614
0.00199145
0.00127486
0.000945794
0.000783766
0.001857
0.00118503
0.000901298
0.00076556
0.00186071
0.00118063
0.000896298
0.000757874
0.00186976
0.00118433
0.000895946
0.000753901
0.00187095
0.00118457
0.000895669
0.000753442
0.00186344
0.00118072
0.000894191
0.000755183
0.00185657
0.00117528
0.00089037
0.000754256
0.00185785
0.0011709
0.000883795
0.000746705
0.00186788
0.0011686
0.000875636
0.000733606
0.00188151
0.0011683
0.000868652
0.000720739
0.00189299
0.0011699
0.000866176
0.000715025
0.00189507
0.00117306
0.000870023
0.000720131
0.00189042
0.00117816
0.00087914
0.000733894
0.00189021
0.00118643
0.000890666
0.000749775
0.00189902
0.00119799
0.00090195
0.000761761
0.00191432
0.0012108
0.000911495
0.000768488
0.00192739
0.001221
0.00091864
0.000772491
0.00193159
0.00122555
0.000922821
0.00077639
0.00192974
0.00122496
0.000923392
0.000778344
0.00193128
0.00122344
0.000921984
0.000776128
0.0019419
0.00123116
0.000925206
0.000776011
0.0017408
0.00110342
0.000848297
0.000729057
0.00174345
0.00109899
0.00084383
0.000722601
0.00175151
0.00110242
0.000843762
0.000719589
0.00175274
0.00110275
0.000843657
0.000719423
0.00174632
0.00109928
0.0008422
0.000720732
0.0017408
0.00109431
0.000838479
0.000719392
0.00174278
0.00109024
0.000832268
0.000712141
0.00175282
0.00108813
0.000824778
0.000700129
0.00176632
0.0010881
0.000818639
0.000688613
0.00177831
0.00109026
0.000816933
0.000683761
0.00178204
0.00109434
0.000821248
0.000688764
0.00177997
0.00110057
0.000830487
0.000701605
0.00178245
0.00110991
0.000841951
0.000716375
0.00179344
0.00112237
0.000853237
0.000727683
0.00181035
0.00113594
0.000863003
0.000734341
0.00182478
0.00114696
0.000870607
0.000738662
0.00183047
0.00115256
0.000875476
0.000742911
0.00183009
0.00115319
0.000876934
0.000745275
0.00183265
0.00115248
0.00087619
0.000743527
0.00184433
0.00116024
0.000879304
0.000743271
0.00156951
0.000988859
0.00076326
0.000657446
0.00157194
0.00098465
0.000759265
0.000651835
0.00157934
0.000987902
0.000759541
0.000649723
0.0015809
0.00098861
0.000759873
0.000650133
0.00157608
0.000985925
0.000758777
0.000651496
0.00157251
0.000981914
0.000755547
0.000650267
0.00157586
0.000978766
0.000750133
0.000643769
0.00158648
0.000977463
0.000743747
0.000633204
0.00160023
0.000978205
0.000738815
0.000623321
0.00161277
0.000981177
0.000738078
0.000619552
0.001618
0.000986088
0.000742832
0.00062459
0.00161813
0.00099301
0.000751924
0.000636507
0.00162251
0.00100273
0.000762867
0.000649982
0.00163463
0.00101522
0.000773575
0.000660238
0.00165196
0.00102866
0.000782915
0.000666302
0.00166666
0.00103962
0.00079029
0.000670335
0.00167296
0.00104545
0.000795157
0.000674355
0.00167343
0.00104662
0.000796935
0.000676679
0.00167636
0.00104633
0.000796583
0.000675175
0.00168787
0.0010536
0.000799466
0.000674867
0.00134459
0.000847973
0.000653104
0.000551566
0.00134763
0.0008443
0.000649525
0.000546328
0.00135475
0.000847466
0.000650184
0.000545035
0.00135705
0.000848837
0.000651146
0.000546215
0.00135431
0.000847373
0.000650733
0.000548035
0.00135326
0.000844905
0.0006484
0.000547314
0.00135861
0.000843358
0.00064424
0.000541846
0.00137039
0.000843576
0.000639423
0.000532872
0.00138481
0.000845688
0.000636078
0.000524694
0.00139793
0.000849751
0.000636483
0.000522057
0.00140444
0.000855359
0.000641548
0.000527153
0.00140625
0.000862428
0.000650067
0.000538073
0.00141156
0.000871658
0.000659856
0.00055002
0.0014236
0.000883191
0.000669252
0.000558803
0.0014401
0.00089548
0.000677393
0.000563698
0.00145393
0.00090539
0.000683764
0.000566812
0.00145991
0.000910572
0.000687889
0.000570019
0.00146053
0.000911582
0.000689381
0.00057184
0.00146326
0.000911354
0.000689121
0.000570295
0.00147354
0.000917669
0.00069173
0.000570117
0.00107652
0.000693562
0.000533953
0.000429385
0.00108084
0.000690837
0.000530875
0.000424223
0.00108806
0.000693999
0.000531908
0.000423601
0.00109146
0.000696253
0.000533552
0.000425504
0.00109122
0.000696435
0.00053405
0.000427898
0.00109307
0.000696075
0.000532974
0.000427826
0.00110081
0.000696771
0.000530498
0.000423471
0.00111412
0.000699145
0.000527669
0.000416093
0.00112941
0.000703102
0.000526196
0.000409535
0.00114299
0.000708385
0.000527725
0.000407815
0.00115038
0.000714363
0.000532683
0.00041258
0.00115317
0.000720829
0.000539863
0.000421951
0.00115835
0.000728525
0.000547543
0.000431693
0.00116905
0.000737927
0.000554633
0.000438259
0.00118344
0.000747901
0.000560626
0.000441218
0.00119525
0.000755708
0.000565118
0.000442681
0.00119999
0.000759331
0.000567727
0.000444452
0.00120004
0.000759478
0.000568317
0.000445304
0.00120208
0.00075899
0.000567837
0.00044345
0.0012104
0.000764018
0.000570146
0.00044359
0.000786464
0.000539222
0.000422028
0.00032061
0.000792287
0.000537884
0.000419743
0.000315877
0.000799881
0.000541132
0.000421089
0.0003157
0.000804653
0.000544367
0.000423258
0.000317864
0.000807114
0.000546417
0.00042464
0.000320418
0.000811934
0.000548416
0.000424876
0.000320752
0.000821992
0.000551557
0.000424156
0.000317469
0.000836655
0.000556191
0.000423329
0.00031176
0.000852557
0.000561954
0.000423576
0.000306748
0.000866144
0.000568201
0.000425812
0.000305429
0.000873875
0.000574067
0.000429966
0.000308806
0.000877026
0.000579254
0.000434934
0.000315221
0.000881224
0.000584606
0.0004396
0.000321353
0.000889598
0.00059101
0.00044355
0.000324532
0.000900875
0.000597824
0.000446677
0.000324662
0.000909768
0.000602785
0.000448691
0.000323779
0.00091251
0.000604237
0.000449287
0.000323555
0.000911388
0.000603062
0.000448563
0.000323056
0.000912354
0.000602155
0.000447655
0.000320786
0.000918334
0.000605786
0.000449637
0.000321239
0.000532543
0.0004235
0.00034281
0.000246934
0.000538811
0.000423484
0.000341329
0.000243348
0.000546351
0.000426606
0.000342709
0.000243355
0.000552153
0.000430364
0.000344831
0.000244894
0.000556926
0.00043374
0.000346469
0.000246532
0.000563887
0.000437365
0.000347349
0.000246495
0.000574852
0.000441957
0.000347665
0.000243992
0.000589101
0.00044768
0.00034805
0.000239972
0.000603933
0.000454093
0.000349171
0.000236398
0.000616305
0.000460383
0.000351299
0.000234832
0.000623791
0.00046561
0.000354019
0.000235579
0.000627211
0.000469395
0.000356453
0.000237571
0.000630467
0.000472513
0.000358089
0.000238903
0.000636371
0.000476044
0.000359103
0.000238127
0.000644164
0.000479793
0.000359711
0.000235454
0.000649807
0.000482078
0.000359679
0.000232508
0.000650449
0.000481671
0.000358689
0.000230509
0.00064819
0.00047957
0.000357011
0.000228866
0.000648039
0.000478573
0.000355947
0.000226614
0.000651638
0.000481128
0.000357949
0.000227642
0.000453567
0.000418224
0.000334245
0.000212482
0.000455706
0.000418014
0.000332662
0.000209912
0.000460214
0.000420018
0.000333453
0.000209969
0.000464342
0.000422635
0.000334485
0.000210141
0.000468466
0.000425266
0.00033513
0.000209823
0.000473607
0.000428113
0.000335312
0.000208503
0.000480255
0.000431468
0.000335271
0.000206187
0.000488293
0.000435517
0.000335472
0.000203513
0.000496863
0.000440115
0.000336225
0.000201131
0.00050463
0.000444749
0.000337466
0.000199174
0.000510491
0.000448707
0.000338729
0.000197399
0.000514456
0.000451544
0.000339447
0.000195471
0.000517924
0.000453615
0.000339506
0.00019306
0.000522225
0.000455666
0.000339334
0.000190055
0.000526938
0.000457724
0.000339243
0.000186877
0.000529965
0.000458839
0.000338985
0.000184224
0.000529902
0.000458301
0.000338169
0.000182365
0.000528226
0.00045697
0.000337086
0.000181043
0.000527858
0.000456774
0.000336807
0.000180077
0.000529708
0.000459171
0.000339656
0.000182896
0.000559498
0.000498894
0.000381111
0.000215747
0.000556173
0.000497149
0.00037857
0.000213543
0.000556707
0.000497698
0.000378475
0.000213497
0.000557601
0.00049846
0.000378075
0.000212248
0.000558544
0.00049917
0.000377224
0.000210019
0.000559182
0.00049988
0.000376044
0.000207304
0.000559239
0.000500699
0.000374823
0.000204719
0.000559221
0.00050192
0.00037395
0.000202688
0.000559925
0.000503756
0.00037364
0.000201012
0.000561956
0.000506158
0.000373831
0.000199047
0.000565142
0.000508761
0.000374223
0.000196336
0.000568938
0.000511138
0.000374497
0.000193066
0.000572942
0.000513221
0.000374643
0.000189912
0.000576696
0.000515223
0.000374981
0.000187608
0.000579827
0.000517141
0.000375698
0.000186522
0.000581881
0.000518522
0.000376499
0.000186327
0.000582708
0.000519018
0.000376949
0.000186381
0.000582941
0.000519193
0.000377258
0.000186649
0.000583375
0.000519953
0.000378053
0.000187471
0.000585132
0.000522906
0.000381937
0.000192029
0.000642959
0.000557259
0.000423085
0.000241715
0.000636996
0.000554246
0.00041966
0.000239441
0.0006356
0.000553687
0.00041871
0.000238773
0.000634754
0.000553131
0.000417204
0.000236327
0.000633519
0.000552384
0.00041521
0.00023286
0.000631239
0.00055148
0.000412953
0.000229183
0.000627543
0.000550482
0.000410703
0.000226008
0.000623167
0.000549721
0.000408807
0.00022365
0.000619533
0.000549589
0.000407495
0.000221732
0.00061819
0.00055034
0.000406837
0.000219578
0.000619271
0.00055186
0.00040672
0.000216837
0.000622161
0.000553807
0.000406976
0.000213866
0.000626
0.000555913
0.000407553
0.0002115
0.000629443
0.000558046
0.000408558
0.000210513
0.000632003
0.00056008
0.000409996
0.000211074
0.000633813
0.00056174
0.000411531
0.00021244
0.000635168
0.000562825
0.00041275
0.000213727
0.000636266
0.000563734
0.000413833
0.000214965
0.000637223
0.000564957
0.00041522
0.000216604
0.000639425
0.000568316
0.000419636
0.000221499
0.000600564
0.000524971
0.000413947
0.000258692
0.000593937
0.000521787
0.000410467
0.000256414
0.000591687
0.000520597
0.000408992
0.000254959
0.00058993
0.000519331
0.000406943
0.000251705
0.000587237
0.000517777
0.000404445
0.000247547
0.000582991
0.000516013
0.00040178
0.000243297
0.000577014
0.000514131
0.000399194
0.000239523
0.000570104
0.000512422
0.000396956
0.000236475
0.00056386
0.000511269
0.000395259
0.000233881
0.000560216
0.000510995
0.000394196
0.000231293
0.00055941
0.0005116
0.000393743
0.00022855
0.000560952
0.000512854
0.000393825
0.000226
0.000564033
0.000514493
0.000394391
0.000224267
0.000566934
0.000516266
0.000395434
0.000223875
0.000569012
0.000517991
0.000396882
0.000224868
0.00057052
0.000519452
0.000398429
0.000226558
0.000571824
0.000520513
0.000399737
0.000228184
0.000572899
0.000521495
0.000400975
0.000229744
0.000573794
0.000522827
0.000402591
0.000231684
0.000575835
0.000525903
0.000406808
0.000236197
0.000443539
0.000381208
0.000327064
0.000236598
0.000437197
0.00037901
0.000324665
0.0002349
0.000434521
0.000377848
0.000323406
0.000233243
0.000431938
0.000376493
0.000321745
0.000230202
0.000427802
0.000374667
0.000319649
0.000226298
0.000421601
0.000372541
0.000317417
0.000222258
0.000413502
0.000370291
0.000315293
0.000218531
0.000404339
0.000368182
0.000313485
0.000215343
0.00039572
0.000366518
0.000312105
0.000212555
0.000389705
0.000365569
0.000311188
0.000209919
0.000386629
0.000365356
0.000310703
0.000207391
0.000386235
0.000365763
0.000310631
0.000205259
0.000387898
0.000366624
0.000310974
0.000203931
0.000389763
0.000367728
0.00031174
0.000203718
0.000391062
0.000368911
0.000312872
0.000204626
0.000392078
0.000369992
0.000314133
0.000206163
0.000393144
0.000370841
0.000315264
0.000207765
0.000393967
0.000371669
0.00031639
0.000209334
0.000394322
0.000372778
0.000317867
0.000211176
0.000395676
0.000374586
0.000320783
0.000214405
0.000284061
0.000162786
0.000172951
0.000178899
0.000278567
0.000162049
0.000172802
0.000179219
0.000275781
0.000161268
0.000172504
0.000178232
0.00027223
0.00015986
0.000171951
0.000176264
0.000266874
0.000157585
0.000171002
0.000173591
0.000259345
0.00015479
0.00016992
0.000170711
0.00024995
0.000151687
0.000168876
0.000167863
0.000239418
0.000148538
0.000168006
0.000165216
0.00022895
0.000145574
0.000167353
0.000162746
0.000220099
0.000142998
0.000166888
0.000160381
0.00021329
0.000140851
0.000166555
0.000158159
0.000208678
0.000139185
0.000166386
0.000156298
0.000206082
0.000138063
0.000166469
0.000155047
0.000204177
0.000137484
0.000166896
0.000154587
0.000202452
0.000137414
0.000167661
0.000154933
0.000201403
0.000137686
0.000168591
0.000155825
0.00020134
0.000138058
0.000169479
0.000156909
0.000201407
0.000138461
0.000170354
0.000157984
0.000200378
0.000138894
0.000171379
0.000159079
0.000201527
0.000138763
0.00017216
0.000159968
0.000304798
0.000118615
2.96543e-05
8.79838e-05
0.000301783
0.000116953
2.72305e-05
9.07972e-05
0.000301906
0.000117226
2.71923e-05
9.1275e-05
0.000301941
0.000117778
2.8989e-05
9.13067e-05
0.00030189
0.00011837
3.09761e-05
9.09766e-05
0.000301652
0.000118962
3.25727e-05
9.0717e-05
0.000301129
0.000119501
3.40071e-05
9.05396e-05
0.00030034
0.000119917
3.55701e-05
9.0382e-05
0.000299355
0.000120193
3.76452e-05
9.01603e-05
0.000298217
0.000120328
4.04862e-05
8.98493e-05
0.000296966
0.000120357
4.40606e-05
8.95135e-05
0.000295698
0.000120387
4.82432e-05
8.93337e-05
0.000294401
0.000120484
5.27751e-05
8.94858e-05
0.00029302
0.000120681
5.72791e-05
9.00457e-05
0.000291689
0.000120996
6.14048e-05
9.09657e-05
0.000290775
0.000121432
6.49728e-05
9.21253e-05
0.000290446
0.000121917
6.79162e-05
9.3354e-05
0.000290362
0.000122267
7.01976e-05
9.44273e-05
0.000289956
0.000122504
7.18524e-05
9.51011e-05
0.000292614
0.000124208
7.30021e-05
9.41164e-05
0.00028223
0.000259436
0.000224517
0.000162899
0.00028336
0.000259153
0.000223213
0.000161045
0.000286153
0.000259343
0.000222399
0.000160245
0.000290634
0.000260524
0.000222273
0.000160065
0.000296585
0.000262609
0.000222806
0.000160623
0.000303291
0.000264863
0.000223334
0.000161442
0.000310378
0.000267163
0.000223867
0.000162612
0.000317533
0.000269668
0.000224816
0.000164552
0.000324501
0.00027267
0.00022674
0.000167749
0.000331157
0.0002765
0.000230159
0.000172581
0.000337522
0.000281333
0.000235282
0.0001791
0.000343513
0.000286982
0.000241806
0.000186908
0.000348894
0.000292945
0.000249029
0.000195289
0.000353525
0.000298663
0.00025616
0.000203478
0.000357376
0.00030373
0.000262616
0.000210898
0.000360498
0.00030798
0.000268142
0.000217274
0.000362976
0.000311433
0.000272727
0.00022256
0.000364925
0.000314154
0.000276392
0.000226725
0.000366412
0.000316116
0.000278979
0.000229558
0.000368393
0.000317686
0.0002809
0.000231884
)
;

boundaryField
{
    inlet
    {
        type            calculated;
        value           nonuniform List<scalar> 
80
(
3233.95
3232
3231.33
3230.95
3230.55
3230.02
3229.36
3228.7
3228.22
3228.02
3228.02
3228.22
3228.7
3229.36
3230.02
3230.55
3230.95
3231.33
3232
3233.95
2516.09
2514.93
2514.61
2514.45
2514.18
2513.72
2513.08
2512.36
2511.71
2511.28
2511.28
2511.71
2512.36
2513.08
2513.72
2514.18
2514.45
2514.61
2514.93
2516.09
2263.39
2262.04
2261.84
2261.71
2261.43
2260.9
2260.16
2259.31
2258.52
2258.01
2258.01
2258.52
2259.31
2260.16
2260.9
2261.43
2261.71
2261.84
2262.04
2263.39
2446.96
2446.16
2446.01
2445.78
2445.29
2444.5
2443.45
2442.3
2441.27
2440.62
2440.62
2441.27
2442.3
2443.45
2444.5
2445.29
2445.78
2446.01
2446.16
2446.96
)
;
    }
    outlet
    {
        type            calculated;
        value           nonuniform List<scalar> 
80
(
0.000286135
0.000286829
0.000289069
0.000293706
0.000299695
0.000306137
0.000312793
0.000319529
0.000326461
0.000333899
0.000342095
0.00035073
0.000359189
0.0003669
0.000373477
0.000378713
0.000382717
0.000385978
0.000388731
0.000388955
0.000329896
0.00032941
0.000330444
0.000333233
0.000337156
0.00034128
0.000345509
0.000350005
0.000355178
0.000361528
0.000369319
0.000378172
0.000387269
0.0003958
0.000403226
0.000409316
0.000414217
0.000418361
0.000421972
0.000421786
0.000328113
0.000327195
0.000328093
0.000330095
0.000333132
0.000336331
0.000339657
0.000343412
0.000348132
0.000354394
0.000362463
0.000371908
0.000381793
0.000391202
0.000399519
0.00040648
0.000412201
0.000417082
0.000421292
0.000421089
0.000332148
0.000330667
0.000330697
0.00033109
0.00033217
0.000333237
0.000334364
0.000336016
0.000338889
0.000343691
0.000350754
0.000359641
0.000369332
0.000378806
0.000387352
0.00039464
0.000400698
0.000405942
0.000410278
0.000410167
)
;
    }
    inner-wall
    {
        type            calculated;
        value           nonuniform List<scalar> 
1600
(
2245.99
2229.62
2228.2
2227.55
2227.08
2226.69
2226.39
2226.28
2226.46
2227.02
2227.02
2226.46
2226.28
2226.39
2226.69
2227.08
2227.55
2228.2
2229.62
2245.99
1065.03
1067.33
1064.78
1064.14
1063.91
1064.08
1064.64
1065.51
1066.58
1068.48
1068.48
1066.58
1065.51
1064.64
1064.08
1063.91
1064.14
1064.78
1067.33
1065.03
1274.6
1270.76
1268.69
1267.98
1267.59
1267.56
1267.93
1268.64
1269.59
1271.01
1271.01
1269.59
1268.64
1267.93
1267.56
1267.59
1267.98
1268.69
1270.76
1274.6
1063.89
1062.84
1061.09
1060.31
1059.83
1059.74
1060.08
1060.8
1061.75
1062.94
1062.94
1061.75
1060.8
1060.08
1059.74
1059.83
1060.31
1061.09
1062.84
1063.89
757.461
759.76
758.263
757.585
757.173
757.161
757.581
758.357
759.297
760.277
760.277
759.297
758.357
757.581
757.161
757.173
757.585
758.263
759.76
757.461
580.457
583.109
581.86
581.318
580.979
580.953
581.264
581.844
582.531
583.202
583.202
582.531
581.844
581.264
580.953
580.979
581.317
581.86
583.109
580.457
477.512
479.299
478.301
477.861
477.557
477.454
477.574
477.879
478.27
478.688
478.688
478.27
477.879
477.574
477.454
477.557
477.861
478.301
479.299
477.513
379.599
380.96
380.191
379.852
379.6
379.477
379.501
379.654
379.879
380.165
380.165
379.879
379.654
379.501
379.477
379.6
379.852
380.191
380.96
379.6
288.288
289.519
288.939
288.698
288.516
288.421
288.426
288.522
288.673
288.892
288.892
288.673
288.522
288.426
288.421
288.516
288.698
288.939
289.519
288.288
216.214
217.315
216.875
216.709
216.587
216.526
216.535
216.609
216.723
216.898
216.898
216.723
216.609
216.535
216.526
216.587
216.709
216.875
217.315
216.214
164.379
165.295
164.955
164.837
164.754
164.715
164.728
164.788
164.877
165.018
165.018
164.877
164.788
164.728
164.715
164.753
164.837
164.955
165.295
164.379
127.361
128.088
127.821
127.732
127.671
127.645
127.658
127.708
127.779
127.892
127.892
127.779
127.708
127.658
127.645
127.671
127.732
127.821
128.088
127.361
99.9726
100.54
100.33
100.261
100.214
100.195
100.208
100.248
100.306
100.396
100.396
100.306
100.248
100.208
100.195
100.214
100.261
100.33
100.54
99.9726
78.9737
79.4162
79.2505
79.196
79.1595
79.1454
79.156
79.189
79.2358
79.3073
79.3073
79.2358
79.189
79.156
79.1453
79.1595
79.1959
79.2504
79.4162
78.9737
62.5121
62.8589
62.728
62.6849
62.656
62.645
62.6537
62.68
62.7173
62.7741
62.7741
62.7174
62.6801
62.6537
62.645
62.656
62.6848
62.7279
62.8589
62.5122
49.4753
49.7483
49.6448
49.6106
49.5878
49.579
49.5857
49.6065
49.636
49.6809
49.6809
49.636
49.6065
49.5858
49.579
49.5877
49.6105
49.6447
49.7483
49.4753
39.1259
39.3415
39.2596
39.2326
39.2145
39.2075
39.2127
39.2289
39.252
39.2876
39.2876
39.252
39.2289
39.2127
39.2075
39.2145
39.2325
39.2595
39.3415
39.1259
30.9214
31.092
31.0272
31.0059
30.9916
30.9859
30.9899
31.0026
31.0207
31.0489
31.0489
31.0207
31.0026
30.9899
30.9859
30.9915
31.0058
31.0271
31.092
30.9215
24.4315
24.5664
24.5151
24.4983
24.487
24.4825
24.4856
24.4955
24.5097
24.532
24.532
24.5097
24.4955
24.4856
24.4825
24.4869
24.4982
24.515
24.5664
24.4315
19.3051
19.4118
19.3712
19.3579
19.349
19.3455
19.3478
19.3556
19.3668
19.3845
19.3845
19.3668
19.3556
19.3478
19.3454
19.349
19.3578
19.3711
19.4118
19.3051
15.2577
15.3421
15.3099
15.2994
15.2924
15.2895
15.2914
15.2975
15.3064
15.3204
15.3204
15.3063
15.2975
15.2914
15.2895
15.2923
15.2993
15.3098
15.342
15.2577
12.0614
12.1281
12.1026
12.0943
12.0887
12.0865
12.088
12.0928
12.0998
12.1109
12.1109
12.0997
12.0928
12.088
12.0865
12.0887
12.0942
12.1025
12.1281
12.0614
9.5361
9.58882
9.56859
9.56203
9.55763
9.55586
9.55699
9.56078
9.56628
9.57511
9.57511
9.56627
9.56076
9.55698
9.55583
9.55758
9.56194
9.56849
9.58877
9.53608
7.54
7.58167
7.56564
7.56045
7.55697
7.55556
7.55644
7.55941
7.56376
7.57076
7.57076
7.56374
7.5594
7.55642
7.55553
7.55691
7.56035
7.56554
7.58161
7.53997
5.96178
5.99471
5.98201
5.9779
5.97514
5.97402
5.97471
5.97705
5.98047
5.98602
5.98602
5.98046
5.97703
5.97469
5.97399
5.97509
5.97781
5.98191
5.99465
5.96174
4.7138
4.73984
4.72977
4.72652
4.72434
4.72344
4.72398
4.72582
4.72852
4.73292
4.73292
4.72851
4.7258
4.72396
4.72342
4.72429
4.72643
4.72968
4.73978
4.71376
3.72698
3.74757
3.73959
3.73702
3.73529
3.73458
3.735
3.73645
3.73858
3.74208
3.74207
3.73857
3.73644
3.73499
3.73456
3.73525
3.73694
3.73951
3.74751
3.72695
2.94673
2.96301
2.9567
2.95466
2.9533
2.95274
2.95306
2.95421
2.95589
2.95867
2.95866
2.95588
2.9542
2.95306
2.95273
2.95327
2.9546
2.95662
2.96297
2.94671
2.32989
2.34276
2.33776
2.33615
2.33508
2.33463
2.33489
2.3358
2.33713
2.33933
2.33933
2.33712
2.33579
2.33489
2.33463
2.33506
2.33611
2.3377
2.34273
2.32987
1.84227
1.85246
1.8485
1.84723
1.84638
1.84603
1.84623
1.84695
1.84801
1.84976
1.84976
1.848
1.84695
1.84624
1.84604
1.84638
1.8472
1.84845
1.85244
1.84227
1.45683
1.46489
1.46176
1.46076
1.46009
1.45981
1.45998
1.46054
1.46139
1.46278
1.46278
1.46138
1.46054
1.45999
1.45983
1.4601
1.46074
1.46173
1.46489
1.45685
1.15216
1.15853
1.15605
1.15527
1.15474
1.15452
1.15465
1.15511
1.15578
1.15689
1.15689
1.15577
1.15511
1.15467
1.15455
1.15477
1.15527
1.15604
1.15854
1.15218
0.911301
0.916349
0.914391
0.913775
0.913356
0.913186
0.913293
0.913655
0.91419
0.915075
0.915073
0.914187
0.913662
0.913318
0.913227
0.913394
0.913786
0.914391
0.916372
0.91134
0.720869
0.724869
0.723323
0.72284
0.72251
0.722376
0.722464
0.722754
0.723181
0.723889
0.723886
0.723179
0.722762
0.722492
0.722423
0.722555
0.722859
0.72333
0.724899
0.720915
0.570276
0.573447
0.572228
0.571851
0.571591
0.571486
0.571558
0.571792
0.572135
0.5727
0.572697
0.572131
0.5718
0.571587
0.571535
0.571639
0.571872
0.572237
0.573479
0.570323
0.451166
0.453683
0.452723
0.452429
0.452224
0.452142
0.452202
0.452392
0.452668
0.45312
0.453116
0.452663
0.452397
0.452229
0.452189
0.45227
0.452448
0.452728
0.45371
0.451208
0.356946
0.358946
0.358192
0.357964
0.357802
0.357738
0.357788
0.357943
0.358167
0.358529
0.358525
0.358159
0.357946
0.357812
0.35778
0.357842
0.357976
0.358189
0.358964
0.356978
0.282419
0.28401
0.28342
0.283243
0.283114
0.283064
0.283107
0.283235
0.283418
0.283708
0.283703
0.283408
0.283233
0.283125
0.2831
0.283146
0.283244
0.283405
0.284016
0.282437
0.223485
0.224753
0.224292
0.224155
0.224053
0.224013
0.22405
0.224157
0.224307
0.22454
0.224534
0.224294
0.22415
0.224061
0.22404
0.224074
0.224144
0.224264
0.224744
0.223488
0.176908
0.177921
0.177562
0.177456
0.177373
0.177341
0.177373
0.177464
0.177588
0.177776
0.177769
0.177572
0.177452
0.177378
0.177359
0.177383
0.177433
0.17752
0.177898
0.176897
0.140129
0.14094
0.140662
0.140581
0.140513
0.140486
0.140513
0.14059
0.140694
0.140846
0.140838
0.140675
0.140574
0.140512
0.140496
0.140512
0.140545
0.140607
0.140905
0.140106
0.111122
0.111773
0.111558
0.111496
0.111439
0.111416
0.111439
0.111504
0.111592
0.111716
0.111707
0.111571
0.111485
0.111432
0.111418
0.111429
0.11145
0.111494
0.111728
0.111089
0.0882747
0.0888004
0.0886356
0.0885875
0.0885383
0.0885164
0.0885351
0.0885909
0.0886654
0.0887672
0.0887578
0.0886433
0.0885693
0.0885247
0.0885138
0.0885219
0.088534
0.0885635
0.088749
0.0882358
0.0703047
0.0707311
0.0706055
0.0705683
0.0705246
0.0705031
0.0705175
0.0705651
0.0706288
0.0707132
0.0707035
0.0706057
0.0705418
0.0705045
0.0704966
0.0705032
0.0705093
0.0705283
0.0706758
0.0702625
0.0561856
0.0565338
0.0564387
0.05641
0.0563701
0.0563481
0.0563582
0.0563987
0.0564535
0.0565241
0.0565142
0.0564297
0.0563741
0.0563433
0.0563388
0.0563449
0.056347
0.0563582
0.0564764
0.056142
0.0450953
0.0453821
0.045311
0.0452888
0.0452516
0.0452285
0.0452346
0.0452691
0.0453166
0.0453764
0.0453662
0.0452921
0.0452433
0.045218
0.0452167
0.045223
0.0452223
0.0452278
0.0453232
0.045051
0.0363746
0.0366129
0.0365607
0.0365437
0.0365083
0.0364841
0.0364867
0.036516
0.0365575
0.0366086
0.0365981
0.036532
0.0364885
0.0364677
0.0364691
0.0364759
0.0364733
0.0364742
0.0365517
0.0363286
0.0294949
0.0296947
0.0296575
0.0296446
0.0296107
0.0295855
0.0295853
0.0296104
0.0296472
0.0296912
0.0296802
0.0296201
0.0295804
0.0295627
0.0295661
0.0295731
0.0295689
0.0295662
0.0296292
0.0294451
0.0240338
0.0242029
0.0241779
0.0241684
0.0241358
0.02411
0.0241076
0.0241296
0.0241625
0.0242006
0.0241888
0.0241331
0.0240959
0.0240801
0.0240845
0.0240913
0.0240854
0.0240794
0.0241305
0.0239777
0.019658
0.0198021
0.0197872
0.0197806
0.0197494
0.0197233
0.0197196
0.0197393
0.0197692
0.0198023
0.0197896
0.019737
0.0197009
0.0196858
0.0196901
0.0196959
0.0196883
0.0196792
0.0197202
0.0195927
0.0161089
0.0162326
0.016226
0.016222
0.0161923
0.0161665
0.0161621
0.0161804
0.016208
0.0162366
0.0162227
0.0161724
0.0161364
0.0161209
0.0161242
0.0161285
0.0161188
0.0161068
0.0161389
0.0160322
0.013193
0.0132999
0.0133004
0.0132984
0.0132703
0.0132453
0.0132408
0.0132582
0.0132841
0.0133086
0.0132935
0.0132449
0.0132085
0.0131919
0.0131934
0.0131957
0.0131838
0.013169
0.0131932
0.0131039
0.0107729
0.0108657
0.0108722
0.0108719
0.0108453
0.0108214
0.0108173
0.0108342
0.0108587
0.0108795
0.0108634
0.0108163
0.0107792
0.010761
0.0107605
0.0107605
0.0107464
0.010729
0.0107462
0.0106715
0.00875737
0.00883842
0.00884982
0.00885071
0.0088257
0.00880296
0.00879953
0.00881625
0.00883954
0.008857
0.00884005
0.00879446
0.00875667
0.00873702
0.00873454
0.00873241
0.0087163
0.00869665
0.00870773
0.00864521
0.00709043
0.00716172
0.00717692
0.00717855
0.00715492
0.00713346
0.0071307
0.00714728
0.0071695
0.00718404
0.00716652
0.00712264
0.00708468
0.00706396
0.00705987
0.00705597
0.0070383
0.00701692
0.00702274
0.00697036
0.00573862
0.00580182
0.00581971
0.00582164
0.00579919
0.00577894
0.00577681
0.00579313
0.00581437
0.00582652
0.00580885
0.00576696
0.00572939
0.00570831
0.00570323
0.00569822
0.00567956
0.00565701
0.00565852
0.00561449
0.00467719
0.00473379
0.00475325
0.00475513
0.00473373
0.00471463
0.00471299
0.00472901
0.00474932
0.00475967
0.0047423
0.00470264
0.00466624
0.00464559
0.00464036
0.00463493
0.00461597
0.00459288
0.00459109
0.00455374
0.00387846
0.00392992
0.00395006
0.00395171
0.00393128
0.00391327
0.00391217
0.00392795
0.00394763
0.00395701
0.0039404
0.00390309
0.00386836
0.00384885
0.00384414
0.00383905
0.00382043
0.0037974
0.00379337
0.00376114
0.00330564
0.00335358
0.00337375
0.0033752
0.00335569
0.0033388
0.00333837
0.0033543
0.0033739
0.00338319
0.00336778
0.00333273
0.00330006
0.00328216
0.00327865
0.00327451
0.0032569
0.00323452
0.00322937
0.00320079
0.00291644
0.00296247
0.00298238
0.00298378
0.00296513
0.00294932
0.00294988
0.00296658
0.00298694
0.00299726
0.00298343
0.00295039
0.00291979
0.00290386
0.00290206
0.00289957
0.00288358
0.00286246
0.00285735
0.0028312
0.0026709
0.00271621
0.00273564
0.00273714
0.00271924
0.00270446
0.00270621
0.00272428
0.00274614
0.00275839
0.0027465
0.00271536
0.00268709
0.00267356
0.00267419
0.00267408
0.00266046
0.00264128
0.00263738
0.0026131
0.00253501
0.00257983
0.00259848
0.00260015
0.00258294
0.00256911
0.00257208
0.00259165
0.00261533
0.0026301
0.00262053
0.00259151
0.00256601
0.00255557
0.00255935
0.00256241
0.00255189
0.00253532
0.00253364
0.00251148
0.00247557
0.00251925
0.00253662
0.0025384
0.00252195
0.00250906
0.002513
0.00253372
0.00255886
0.00257608
0.00256908
0.00254274
0.00252084
0.00251423
0.00252182
0.00252854
0.00252163
0.00250815
0.00250931
0.00249006
0.00245519
0.00249674
0.00251236
0.00251413
0.00249864
0.00248675
0.00249138
0.00251255
0.00253844
0.00255765
0.00255329
0.00253022
0.00251256
0.00251029
0.00252188
0.00253233
0.00252909
0.00251878
0.00252287
0.00250718
0.00243336
0.00247217
0.00248574
0.00248741
0.00247312
0.00246251
0.00246767
0.00248874
0.00251462
0.00253513
0.00253332
0.00251395
0.00250087
0.00250295
0.00251828
0.00253201
0.00253207
0.00252465
0.00253126
0.00251921
0.0023729
0.00240892
0.00242052
0.00242204
0.00240929
0.00240037
0.00240625
0.00242701
0.00245247
0.00247373
0.00247429
0.00245878
0.0024501
0.00245606
0.00247437
0.00249062
0.00249329
0.00248826
0.00249666
0.00248772
0.00224572
0.00227925
0.00228922
0.00229071
0.00227992
0.00227328
0.00228032
0.00230099
0.00232595
0.00234754
0.00235028
0.00233858
0.00233385
0.00234284
0.00236311
0.00238086
0.00238533
0.00238211
0.0023914
0.00238478
0.00203578
0.00206707
0.00207606
0.00207781
0.00206944
0.00206566
0.00207447
0.00209546
0.00212012
0.00214184
0.00214656
0.00213844
0.00213685
0.00214778
0.00216876
0.0021869
0.00219229
0.00219026
0.00219952
0.00219456
0.0017397
0.00176869
0.00177747
0.00177994
0.00177442
0.00177393
0.00178495
0.00180665
0.00183123
0.00185278
0.00185917
0.00185424
0.00185487
0.00186652
0.00188693
0.0019043
0.00190974
0.00190824
0.0019166
0.00191308
0.00136963
0.00139594
0.00140532
0.00140898
0.00140659
0.00140952
0.00142289
0.0014454
0.00146987
0.00149084
0.00149842
0.00149605
0.00149781
0.00150895
0.00152752
0.00154303
0.00154763
0.00154595
0.00155259
0.00155067
0.000960832
0.000983751
0.000994258
0.000999424
0.00100027
0.00100645
0.00102183
0.00104469
0.00106855
0.00108817
0.00109622
0.00109569
0.0010976
0.00110712
0.00112272
0.00113534
0.00113825
0.00113563
0.00113983
0.00113984
0.000595361
0.000612424
0.000623462
0.00062972
0.000633477
0.00064195
0.000657517
0.000678308
0.000699199
0.000715525
0.000723076
0.000723934
0.000725655
0.000732894
0.000744508
0.000753262
0.000753855
0.00074993
0.000751181
0.000753325
0.000464957
0.000467769
0.000473825
0.000477683
0.000481264
0.000486908
0.000494836
0.000504305
0.000513765
0.000521211
0.000525988
0.000528222
0.000530821
0.000535765
0.000542181
0.000546222
0.000545255
0.000541701
0.000540649
0.000544516
0.000602283
0.000594535
0.000593767
0.000593625
0.000593828
0.000593204
0.000590716
0.000586833
0.000583152
0.000581163
0.000582112
0.000584783
0.000588774
0.000592554
0.000595307
0.0005966
0.000596529
0.000595879
0.000595302
0.000598944
0.00071611
0.000705946
0.000702663
0.000701174
0.000699408
0.000695426
0.000688216
0.000678725
0.000669537
0.000663761
0.000662647
0.000664786
0.00066929
0.000673013
0.000674983
0.000675924
0.000676885
0.000677861
0.000678338
0.000680892
0.000691946
0.000682509
0.000678295
0.000676422
0.000673433
0.000667277
0.000657438
0.000645072
0.00063306
0.000625254
0.00062248
0.000623534
0.000627872
0.000631583
0.000633406
0.000634337
0.000635655
0.000636948
0.000637626
0.00063797
0.000569343
0.000562525
0.000557564
0.000554901
0.000550609
0.000542584
0.000531056
0.000517149
0.000503598
0.000494363
0.000489665
0.000488773
0.000491737
0.000494449
0.000495452
0.000495888
0.000497086
0.000498304
0.000498623
0.000495633
0.000451425
0.000448518
0.000443901
0.000440728
0.000436333
0.000428997
0.000419406
0.000408482
0.000397842
0.000389999
0.000384514
0.000381224
0.000380725
0.000380222
0.000378853
0.000377783
0.000378293
0.000379347
0.000379297
0.000374455
0.000429116
0.000428427
0.000427421
0.000426975
0.000426681
0.000425743
0.000424453
0.000422968
0.000421559
0.00042049
0.000419447
0.000418685
0.000417995
0.000416921
0.000415434
0.000414381
0.000414405
0.000415003
0.000415139
0.000414523
0.000326228
0.000327987
0.00033064
0.000335195
0.000341599
0.000349327
0.000358137
0.000367581
0.000376993
0.000385713
0.000393512
0.000400298
0.000405607
0.000409553
0.000412485
0.000414812
0.000416863
0.000418666
0.00042011
0.00042196
)
;
    }
    outer-wall
    {
        type            calculated;
        value           nonuniform List<scalar> 
1600
(
1281.18
1299.76
1299.68
1299.26
1298.57
1297.65
1296.58
1295.49
1294.57
1294.03
1294.03
1294.57
1295.49
1296.58
1297.65
1298.57
1299.26
1299.68
1299.76
1281.18
771.56
775.953
776.292
776.394
776.435
776.354
776.142
775.834
775.507
775.284
775.284
775.507
775.834
776.142
776.354
776.435
776.394
776.292
775.953
771.56
1116.93
1121.03
1121.99
1122.04
1121.72
1121.09
1120.18
1119.14
1118.17
1117.57
1117.57
1118.17
1119.14
1120.18
1121.09
1121.72
1122.04
1121.99
1121.03
1116.93
840.63
839.75
840.748
840.857
840.537
839.78
838.647
837.303
836.034
835.232
835.232
836.034
837.303
838.647
839.78
840.537
840.857
840.748
839.75
840.63
509.819
506.313
507.059
507.281
507.198
506.731
505.89
504.798
503.703
502.986
502.986
503.703
504.798
505.89
506.731
507.198
507.281
507.059
506.313
509.819
370.422
369.349
369.774
369.985
370.008
369.77
369.266
368.57
367.849
367.37
367.37
367.849
368.57
369.266
369.771
370.008
369.985
369.774
369.349
370.422
312.709
313.687
313.891
314.008
313.978
313.757
313.356
312.839
312.33
312.001
312.001
312.33
312.839
313.356
313.757
313.978
314.008
313.891
313.687
312.709
243.615
244.744
244.829
244.897
244.86
244.677
244.361
243.969
243.594
243.359
243.359
243.594
243.969
244.361
244.677
244.86
244.897
244.829
244.744
243.615
174.891
175.54
175.568
175.627
175.63
175.532
175.337
175.084
174.839
174.684
174.684
174.839
175.084
175.337
175.532
175.63
175.627
175.568
175.54
174.891
124.147
124.353
124.362
124.42
124.459
124.436
124.343
124.204
124.06
123.967
123.967
124.06
124.204
124.343
124.436
124.46
124.42
124.362
124.353
124.146
91.7716
91.7384
91.7455
91.7966
91.8458
91.8558
91.8178
91.7427
91.6573
91.5991
91.5991
91.6573
91.7427
91.8177
91.8558
91.8458
91.7966
91.7455
91.7384
91.7716
70.7782
70.6657
70.674
70.7132
70.7552
70.771
70.7522
70.7048
70.6467
70.6056
70.6055
70.6467
70.7048
70.7522
70.771
70.7552
70.7133
70.674
70.6657
70.7782
55.7936
55.6812
55.6892
55.7176
55.7486
55.7607
55.7471
55.7116
55.6671
55.6352
55.6351
55.6671
55.7115
55.7471
55.7607
55.7486
55.7177
55.6892
55.6811
55.7935
44.2878
44.2008
44.2075
44.228
44.2499
44.2575
44.2455
44.2168
44.1812
44.1556
44.1556
44.1811
44.2167
44.2455
44.2575
44.25
44.2281
44.2075
44.2008
44.2877
35.157
35.0956
35.1008
35.1159
35.1316
35.136
35.1253
35.1017
35.0731
35.0526
35.0526
35.0731
35.1017
35.1253
35.136
35.1316
35.116
35.1008
35.0956
35.157
27.8405
27.7973
27.8012
27.8128
27.8244
27.827
27.8179
27.7989
27.776
27.7598
27.7598
27.776
27.7988
27.8179
27.827
27.8244
27.8128
27.8012
27.7972
27.8405
21.9896
21.9578
21.9608
21.9699
21.9788
21.9806
21.9733
21.9582
21.9402
21.9274
21.9274
21.9401
21.9582
21.9732
21.9806
21.9788
21.9699
21.9608
21.9578
21.9896
17.34
17.3153
17.3177
17.3249
17.3319
17.3334
17.3277
17.3159
17.3018
17.2918
17.2918
17.3018
17.3159
17.3277
17.3334
17.332
17.3249
17.3177
17.3153
17.3399
13.6656
13.6459
13.6478
13.6536
13.6592
13.6605
13.6561
13.6469
13.6359
13.6281
13.6281
13.6359
13.6469
13.6561
13.6605
13.6593
13.6536
13.6478
13.6459
13.6656
10.7709
10.755
10.7566
10.7612
10.7657
10.7668
10.7634
10.7563
10.7477
10.7416
10.7416
10.7477
10.7563
10.7634
10.7668
10.7657
10.7612
10.7566
10.755
10.7709
8.49224
8.47944
8.48069
8.48437
8.48802
8.48894
8.48633
8.48077
8.47403
8.46921
8.4692
8.47402
8.48075
8.48632
8.48893
8.48803
8.48439
8.4807
8.47941
8.49219
6.69762
6.68738
6.6884
6.69133
6.69423
6.69498
6.69296
6.6886
6.68331
6.67951
6.67951
6.6833
6.68859
6.69295
6.69498
6.69423
6.69134
6.6884
6.68735
6.69756
5.28309
5.27494
5.27576
5.27809
5.2804
5.281
5.27943
5.276
5.27183
5.26884
5.26884
5.27182
5.27599
5.27941
5.281
5.28039
5.2781
5.27576
5.27491
5.28303
4.16743
4.16096
4.16162
4.16348
4.16531
4.16579
4.16456
4.16186
4.15858
4.15622
4.15621
4.15857
4.16185
4.16454
4.16578
4.1653
4.16348
4.16162
4.16093
4.16737
3.28721
3.28208
3.28261
3.28408
3.28553
3.28592
3.28495
3.28283
3.28024
3.27838
3.27837
3.28023
3.28282
3.28494
3.28591
3.28553
3.28408
3.2826
3.28205
3.28716
2.59269
2.58862
2.58905
2.59022
2.59137
2.59168
2.59091
2.58924
2.5872
2.58573
2.58572
2.58719
2.58923
2.5909
2.59167
2.59136
2.59022
2.58904
2.58859
2.59264
2.04474
2.04151
2.04185
2.04279
2.0437
2.04394
2.04334
2.04202
2.0404
2.03924
2.03924
2.0404
2.04201
2.04333
2.04393
2.04369
2.04278
2.04185
2.04148
2.04469
1.61249
1.60993
1.6102
1.61094
1.61166
1.61186
1.61138
1.61033
1.60906
1.60814
1.60814
1.60905
1.61033
1.61137
1.61184
1.61165
1.61094
1.61019
1.6099
1.61245
1.27156
1.26953
1.26975
1.27033
1.2709
1.27105
1.27067
1.26984
1.26883
1.2681
1.2681
1.26883
1.26984
1.27066
1.27104
1.27089
1.27033
1.26974
1.2695
1.27152
1.00269
1.00108
1.00125
1.00172
1.00216
1.00228
1.00197
1.00131
1.00051
0.999935
0.999935
1.00051
1.00131
1.00197
1.00227
1.00215
1.00171
1.00124
1.00105
1.00265
0.790665
0.789389
0.789525
0.789893
0.790246
0.790332
0.790086
0.789561
0.788923
0.788465
0.788466
0.788925
0.789562
0.790083
0.790324
0.790234
0.789887
0.78952
0.789367
0.790628
0.623478
0.622467
0.622575
0.622865
0.623143
0.623208
0.623008
0.622588
0.62208
0.621716
0.621718
0.622085
0.622592
0.623007
0.6232
0.623131
0.622859
0.62257
0.622446
0.623443
0.491646
0.490844
0.490929
0.491158
0.491377
0.491426
0.491264
0.490927
0.490522
0.490232
0.490235
0.490528
0.490933
0.491263
0.491418
0.491365
0.491153
0.490925
0.490824
0.491612
0.387686
0.387049
0.387115
0.387297
0.387469
0.387506
0.387375
0.387105
0.386781
0.386551
0.386554
0.386789
0.387112
0.387375
0.387498
0.387457
0.387291
0.387111
0.387029
0.387652
0.305696
0.305188
0.30524
0.305384
0.305521
0.305549
0.305442
0.305226
0.304967
0.304784
0.304788
0.304977
0.305235
0.305444
0.305541
0.305508
0.305378
0.305235
0.305168
0.305661
0.241023
0.240617
0.240657
0.240772
0.240881
0.240904
0.240818
0.240644
0.240437
0.240292
0.240296
0.240448
0.240653
0.240819
0.240895
0.240868
0.240765
0.240652
0.240596
0.240988
0.190005
0.189678
0.189709
0.189801
0.189889
0.189908
0.189838
0.189699
0.189533
0.189418
0.189422
0.189544
0.189709
0.18984
0.189899
0.189876
0.189794
0.189703
0.189656
0.189969
0.149757
0.149493
0.149517
0.14959
0.149662
0.149678
0.149622
0.149509
0.149376
0.149284
0.149289
0.149387
0.149519
0.149623
0.149668
0.149648
0.149582
0.14951
0.14947
0.149721
0.118011
0.117796
0.117814
0.117873
0.117933
0.117946
0.117901
0.117809
0.117701
0.117627
0.117632
0.117712
0.117818
0.117901
0.117936
0.117918
0.117865
0.117806
0.117773
0.117974
0.0929816
0.0928061
0.0928181
0.0928662
0.0929153
0.0929268
0.0928897
0.0928141
0.0927261
0.0926662
0.0926707
0.0927364
0.0928229
0.0928897
0.0929169
0.0929014
0.0928581
0.0928105
0.0927819
0.0929432
0.0732617
0.0731178
0.0731254
0.073164
0.0732049
0.0732147
0.0731835
0.07312
0.0730468
0.0729975
0.0730018
0.0730566
0.0731281
0.073183
0.0732049
0.0731916
0.0731568
0.0731181
0.0730934
0.0732228
0.0577415
0.0576232
0.0576269
0.0576577
0.0576916
0.0576997
0.0576727
0.0576182
0.0575558
0.0575145
0.0575187
0.0575652
0.0576257
0.0576718
0.0576902
0.0576795
0.0576519
0.0576205
0.0575988
0.0577023
0.0455421
0.0454449
0.0454452
0.0454693
0.0454973
0.0455037
0.0454796
0.0454315
0.0453771
0.0453417
0.0453457
0.0453861
0.0454385
0.0454785
0.0454948
0.0454868
0.0454653
0.04544
0.0454209
0.045503
0.0359661
0.035886
0.0358834
0.0359018
0.0359248
0.0359296
0.0359073
0.0358638
0.0358153
0.0357841
0.0357879
0.035824
0.0358704
0.0359061
0.0359214
0.0359161
0.0358999
0.0358796
0.0358626
0.0359272
0.0284577
0.0283913
0.0283862
0.0283997
0.0284186
0.0284219
0.0284009
0.0283607
0.0283165
0.0282885
0.0282923
0.028325
0.0283672
0.0283999
0.0284147
0.0284117
0.0284
0.028384
0.0283687
0.0284191
0.022573
0.0225176
0.0225104
0.0225198
0.0225351
0.0225372
0.0225172
0.0224797
0.0224388
0.0224132
0.022417
0.0224472
0.0224862
0.0225166
0.022531
0.02253
0.022522
0.0225095
0.0224956
0.0225345
0.0179572
0.0179104
0.0179014
0.0179073
0.0179199
0.0179212
0.0179022
0.017867
0.0178287
0.0178051
0.0178088
0.0178372
0.0178736
0.0179019
0.0179158
0.0179163
0.0179112
0.0179014
0.0178886
0.0179186
0.0143275
0.0142871
0.0142765
0.0142798
0.0142903
0.0142912
0.0142734
0.0142402
0.0142043
0.0141824
0.0141862
0.014213
0.0142471
0.0142735
0.0142865
0.0142877
0.0142847
0.014277
0.014265
0.0142883
0.0114596
0.0114239
0.011412
0.0114131
0.0114223
0.0114233
0.0114069
0.0113758
0.0113422
0.0113218
0.0113258
0.0113511
0.011383
0.0114073
0.0114191
0.0114204
0.0114185
0.0114123
0.0114009
0.0114192
0.00917807
0.0091455
0.00913256
0.00913218
0.00914068
0.0091423
0.00912749
0.00909857
0.00906714
0.00904837
0.00905243
0.00907634
0.00910607
0.00912824
0.00913841
0.00913907
0.00913757
0.00913224
0.00912131
0.00913589
0.00734793
0.00731754
0.00730374
0.00730236
0.00731067
0.00731327
0.00730029
0.0072736
0.00724438
0.00722715
0.00723136
0.00725397
0.00728156
0.00730142
0.00730964
0.0073092
0.00730748
0.00730255
0.00729191
0.00730376
0.00586798
0.00583904
0.00582452
0.00582255
0.00583109
0.00583489
0.00582384
0.00579935
0.00577225
0.0057565
0.00576092
0.00578234
0.0058079
0.00582549
0.00583162
0.00582977
0.00582742
0.00582254
0.0058121
0.0058219
0.00466425
0.00463627
0.00462111
0.00461886
0.00462786
0.00463296
0.00462375
0.00460129
0.00457614
0.00456178
0.00456645
0.00458687
0.00461063
0.00462614
0.00463026
0.00462693
0.00462377
0.00461877
0.00460853
0.00461674
0.00368398
0.00365662
0.00364089
0.00363854
0.00364807
0.00365437
0.00364677
0.00362603
0.00360254
0.00358942
0.00359438
0.00361404
0.00363636
0.00365014
0.00365255
0.00364789
0.00364396
0.00363884
0.00362889
0.00363585
0.00289001
0.00286304
0.00284675
0.00284437
0.00285434
0.00286159
0.00285522
0.00283578
0.00281356
0.00280144
0.00280673
0.00282591
0.00284724
0.0028598
0.00286094
0.0028553
0.00285082
0.00284572
0.00283621
0.00284224
0.00225564
0.00222892
0.00221212
0.00220971
0.00221993
0.00222775
0.00222212
0.00220347
0.00218208
0.00217068
0.00217629
0.00219531
0.00221613
0.00222802
0.00222845
0.00222229
0.00221762
0.00221279
0.00220392
0.00220928
0.00176033
0.00173384
0.00171667
0.00171419
0.00172439
0.00173237
0.001727
0.00170866
0.00168765
0.00167668
0.00168261
0.00170173
0.00172249
0.00173424
0.00173452
0.00172835
0.00172391
0.00171961
0.00171156
0.00171648
0.00138611
0.00136005
0.00134276
0.00134024
0.00135017
0.00135793
0.00135245
0.00133405
0.00131312
0.00130236
0.00130857
0.00132798
0.00134903
0.00136106
0.00136164
0.00135592
0.00135208
0.00134856
0.00134142
0.00134599
0.00111546
0.00109028
0.0010733
0.00107083
0.00108033
0.00108765
0.00108184
0.00106326
0.00104229
0.00103164
0.00103811
0.0010579
0.00107942
0.00109197
0.00109317
0.00108823
0.00108527
0.00108267
0.00107643
0.00108056
0.000931084
0.000907357
0.000891233
0.000888993
0.00089802
0.000904809
0.000898688
0.000880041
0.000859149
0.000848673
0.000855396
0.000875555
0.000897543
0.000910682
0.000912628
0.000908672
0.000906742
0.0009051
0.00089961
0.000903055
0.000816506
0.000794847
0.000780116
0.00077827
0.000786816
0.000793066
0.000786763
0.000768316
0.000747792
0.000737652
0.000744623
0.000765019
0.000787323
0.00080095
0.000803671
0.000800799
0.000799952
0.000799236
0.000794295
0.000796749
0.000755826
0.000736683
0.000723741
0.000722348
0.000730318
0.000735946
0.000729545
0.00071155
0.000691684
0.000682031
0.000689168
0.000709545
0.000731885
0.000745825
0.000749292
0.000747569
0.000747826
0.000747984
0.000743404
0.000744676
0.000732325
0.000715865
0.000704874
0.000703854
0.000711033
0.00071582
0.000709255
0.000691813
0.00067275
0.000663611
0.000670729
0.000690746
0.00071279
0.000726847
0.000731015
0.000730477
0.000731838
0.000732815
0.000728497
0.000728603
0.000728616
0.00071473
0.000705632
0.000704838
0.000710972
0.000714641
0.000707749
0.000690837
0.0006726
0.000663902
0.000670752
0.000690041
0.000711451
0.000725426
0.000730231
0.000730859
0.000733272
0.00073501
0.000730972
0.000730113
0.000728684
0.000717091
0.000709704
0.000709034
0.000713965
0.000716339
0.000709035
0.000692683
0.000675337
0.000667045
0.000673405
0.000691599
0.000712016
0.000725678
0.000730988
0.000732658
0.000735982
0.000738382
0.000734734
0.000733213
0.000718812
0.000709166
0.000703287
0.000702773
0.00070658
0.000707755
0.000700206
0.000684668
0.000668471
0.00066071
0.000666469
0.000683249
0.000702292
0.000715325
0.000720874
0.000723295
0.000727228
0.000730098
0.000726943
0.000725056
0.000686172
0.0006781
0.000673566
0.000673407
0.000676478
0.000676897
0.000669558
0.000655284
0.000640642
0.000633685
0.000638898
0.000654089
0.000671436
0.000683456
0.000688811
0.000691486
0.000695556
0.000698568
0.000695864
0.000693792
0.000618812
0.000611878
0.000608548
0.000609046
0.000611994
0.0006123
0.000605694
0.000593057
0.000580246
0.00057432
0.000579164
0.000592818
0.000608333
0.000618994
0.000623622
0.000625919
0.000629561
0.000632298
0.000629797
0.000627588
0.000512748
0.000506427
0.000504132
0.000505548
0.000508971
0.00050971
0.000504106
0.000493096
0.000481981
0.00047703
0.000481618
0.000493923
0.000507648
0.000516689
0.000520035
0.000521289
0.000523953
0.000526005
0.00052333
0.000520967
0.000385204
0.000379091
0.000377593
0.000379948
0.000384111
0.000385467
0.00038081
0.000371126
0.000361281
0.000356912
0.000360985
0.000371769
0.000383458
0.000390417
0.0003918
0.000391271
0.000392392
0.000393387
0.000390203
0.000387645
0.000277004
0.000271456
0.000270481
0.000273149
0.000277419
0.000278999
0.000275269
0.000267157
0.000258713
0.000254485
0.000256851
0.000264459
0.000272498
0.000276105
0.000274576
0.000271481
0.000270431
0.000270034
0.000266351
0.000263638
0.000213355
0.000209497
0.000208946
0.00021064
0.000213332
0.000214169
0.000211557
0.000206091
0.000200082
0.000195886
0.000194802
0.000196488
0.000198408
0.000197375
0.000192776
0.000187303
0.000184038
0.000182296
0.000178876
0.000176809
0.000171182
0.000169435
0.000169669
0.000169926
0.000170131
0.000169643
0.000168148
0.00016574
0.000162587
0.000158594
0.000153909
0.000149293
0.000145038
0.000140316
0.000134648
0.000128879
0.000124642
0.000122223
0.000120344
0.000121131
0.000151727
0.000152255
0.000153579
0.000152848
0.000151218
0.000149996
0.00014999
0.000150818
0.000150881
0.000148365
0.000142641
0.000135063
0.000128023
0.000123048
0.000120007
0.00011751
0.000115084
0.000113629
0.000114338
0.000118614
0.000166106
0.000167568
0.000168856
0.000167437
0.00016518
0.000163848
0.000164474
0.00016656
0.000168132
0.000167131
0.000162842
0.000156575
0.00015092
0.000147916
0.000147597
0.000147996
0.000147927
0.00014804
0.000149837
0.000154385
0.000182649
0.000183178
0.000183206
0.00018079
0.000177738
0.000175455
0.000174719
0.000175263
0.00017567
0.000174441
0.000171102
0.000166651
0.000163018
0.000161745
0.000162834
0.000164612
0.000166
0.000167279
0.000169517
0.000173683
0.000183716
0.000183166
0.000181983
0.00017895
0.00017518
0.000171732
0.000169164
0.000167481
0.000165994
0.000163942
0.000161162
0.000158312
0.000156492
0.000156509
0.000158245
0.000160555
0.000162699
0.000164659
0.000167048
0.000170139
0.000166908
0.000166817
0.000165635
0.000163311
0.000160294
0.000157224
0.000154501
0.000152275
0.000150392
0.000148643
0.00014705
0.00014593
0.000145692
0.000146536
0.000148307
0.000150451
0.000152569
0.000154448
0.00015614
0.000156847
0.000136625
0.000139155
0.000139552
0.000139486
0.000139414
0.000139524
0.000139949
0.000140679
0.000141606
0.000142623
0.00014369
0.000144839
0.000146103
0.000147469
0.000148902
0.00015031
0.000151645
0.000152786
0.000153486
0.000151678
0.0001182
0.000114723
0.000107721
9.80341e-05
8.6396e-05
7.32664e-05
5.94655e-05
4.64093e-05
3.6421e-05
3.25759e-05
3.58384e-05
4.33913e-05
5.23452e-05
6.12199e-05
6.92872e-05
7.61385e-05
8.16399e-05
8.57933e-05
8.8478e-05
9.00116e-05
)
;
    }
    symmetry-x
    {
        type            symmetryPlane;
    }
    symmetry-y
    {
        type            symmetryPlane;
    }
}


// ************************************************************************* //
