/*--------------------------------*- C++ -*----------------------------------*\
| =========                 |                                                 |
| \\      /  F ield         | foam-extend: Open Source CFD                    |
|  \\    /   O peration     | Version:     3.1                                |
|   \\  /    A nd           | Web:         http://www.extend-project.de       |
|    \\/     M anipulation  |                                                 |
\*---------------------------------------------------------------------------*/
FoamFile
{
    version     2.0;
    format      ascii;
    class       faceList;
    location    "constant/polyMesh";
    object      faces;
}
// * * * * * * * * * * * * * * * * * * * * * * * * * * * * * * * * * * * * * //


896
(
4(1 6 51 46)
4(5 50 51 6)
4(45 46 51 50)
4(2 7 52 47)
4(6 51 52 7)
4(46 47 52 51)
4(3 8 53 48)
4(7 52 53 8)
4(47 48 53 52)
4(8 53 54 9)
4(48 49 54 53)
4(6 11 56 51)
4(10 55 56 11)
4(50 51 56 55)
4(7 12 57 52)
4(11 56 57 12)
4(51 52 57 56)
4(8 13 58 53)
4(12 57 58 13)
4(52 53 58 57)
4(13 58 59 14)
4(53 54 59 58)
4(11 16 61 56)
4(15 60 61 16)
4(55 56 61 60)
4(12 17 62 57)
4(16 61 62 17)
4(56 57 62 61)
4(13 18 63 58)
4(17 62 63 18)
4(57 58 63 62)
4(18 63 64 19)
4(58 59 64 63)
4(16 21 66 61)
4(20 65 66 21)
4(60 61 66 65)
4(17 22 67 62)
4(21 66 67 22)
4(61 62 67 66)
4(18 23 68 63)
4(22 67 68 23)
4(62 63 68 67)
4(23 68 69 24)
4(63 64 69 68)
4(21 26 71 66)
4(25 70 71 26)
4(65 66 71 70)
4(22 27 72 67)
4(26 71 72 27)
4(66 67 72 71)
4(23 28 73 68)
4(27 72 73 28)
4(67 68 73 72)
4(28 73 74 29)
4(68 69 74 73)
4(26 31 76 71)
4(30 75 76 31)
4(70 71 76 75)
4(27 32 77 72)
4(31 76 77 32)
4(71 72 77 76)
4(28 33 78 73)
4(32 77 78 33)
4(72 73 78 77)
4(33 78 79 34)
4(73 74 79 78)
4(31 36 81 76)
4(35 80 81 36)
4(75 76 81 80)
4(32 37 82 77)
4(36 81 82 37)
4(76 77 82 81)
4(33 38 83 78)
4(37 82 83 38)
4(77 78 83 82)
4(38 83 84 39)
4(78 79 84 83)
4(36 41 86 81)
4(80 81 86 85)
4(37 42 87 82)
4(81 82 87 86)
4(38 43 88 83)
4(82 83 88 87)
4(83 84 89 88)
4(46 51 96 91)
4(50 95 96 51)
4(90 91 96 95)
4(47 52 97 92)
4(51 96 97 52)
4(91 92 97 96)
4(48 53 98 93)
4(52 97 98 53)
4(92 93 98 97)
4(53 98 99 54)
4(93 94 99 98)
4(51 56 101 96)
4(55 100 101 56)
4(95 96 101 100)
4(52 57 102 97)
4(56 101 102 57)
4(96 97 102 101)
4(53 58 103 98)
4(57 102 103 58)
4(97 98 103 102)
4(58 103 104 59)
4(98 99 104 103)
4(56 61 106 101)
4(60 105 106 61)
4(100 101 106 105)
4(57 62 107 102)
4(61 106 107 62)
4(101 102 107 106)
4(58 63 108 103)
4(62 107 108 63)
4(102 103 108 107)
4(63 108 109 64)
4(103 104 109 108)
4(61 66 111 106)
4(65 110 111 66)
4(105 106 111 110)
4(62 67 112 107)
4(66 111 112 67)
4(106 107 112 111)
4(63 68 113 108)
4(67 112 113 68)
4(107 108 113 112)
4(68 113 114 69)
4(108 109 114 113)
4(66 71 116 111)
4(70 115 116 71)
4(110 111 116 115)
4(67 72 117 112)
4(71 116 117 72)
4(111 112 117 116)
4(68 73 118 113)
4(72 117 118 73)
4(112 113 118 117)
4(73 118 119 74)
4(113 114 119 118)
4(71 76 121 116)
4(75 120 121 76)
4(115 116 121 120)
4(72 77 122 117)
4(76 121 122 77)
4(116 117 122 121)
4(73 78 123 118)
4(77 122 123 78)
4(117 118 123 122)
4(78 123 124 79)
4(118 119 124 123)
4(76 81 126 121)
4(80 125 126 81)
4(120 121 126 125)
4(77 82 127 122)
4(81 126 127 82)
4(121 122 127 126)
4(78 83 128 123)
4(82 127 128 83)
4(122 123 128 127)
4(83 128 129 84)
4(123 124 129 128)
4(81 86 131 126)
4(125 126 131 130)
4(82 87 132 127)
4(126 127 132 131)
4(83 88 133 128)
4(127 128 133 132)
4(128 129 134 133)
4(91 96 141 136)
4(95 140 141 96)
4(135 136 141 140)
4(92 97 142 137)
4(96 141 142 97)
4(136 137 142 141)
4(93 98 143 138)
4(97 142 143 98)
4(137 138 143 142)
4(98 143 144 99)
4(138 139 144 143)
4(96 101 146 141)
4(100 145 146 101)
4(140 141 146 145)
4(97 102 147 142)
4(101 146 147 102)
4(141 142 147 146)
4(98 103 148 143)
4(102 147 148 103)
4(142 143 148 147)
4(103 148 149 104)
4(143 144 149 148)
4(101 106 151 146)
4(105 150 151 106)
4(145 146 151 150)
4(102 107 152 147)
4(106 151 152 107)
4(146 147 152 151)
4(103 108 153 148)
4(107 152 153 108)
4(147 148 153 152)
4(108 153 154 109)
4(148 149 154 153)
4(106 111 156 151)
4(110 155 156 111)
4(150 151 156 155)
4(107 112 157 152)
4(111 156 157 112)
4(151 152 157 156)
4(108 113 158 153)
4(112 157 158 113)
4(152 153 158 157)
4(113 158 159 114)
4(153 154 159 158)
4(111 116 161 156)
4(115 160 161 116)
4(155 156 161 160)
4(112 117 162 157)
4(116 161 162 117)
4(156 157 162 161)
4(113 118 163 158)
4(117 162 163 118)
4(157 158 163 162)
4(118 163 164 119)
4(158 159 164 163)
4(116 121 166 161)
4(120 165 166 121)
4(160 161 166 165)
4(117 122 167 162)
4(121 166 167 122)
4(161 162 167 166)
4(118 123 168 163)
4(122 167 168 123)
4(162 163 168 167)
4(123 168 169 124)
4(163 164 169 168)
4(121 126 171 166)
4(125 170 171 126)
4(165 166 171 170)
4(122 127 172 167)
4(126 171 172 127)
4(166 167 172 171)
4(123 128 173 168)
4(127 172 173 128)
4(167 168 173 172)
4(128 173 174 129)
4(168 169 174 173)
4(126 131 176 171)
4(170 171 176 175)
4(127 132 177 172)
4(171 172 177 176)
4(128 133 178 173)
4(172 173 178 177)
4(173 174 179 178)
4(136 141 186 181)
4(140 185 186 141)
4(180 181 186 185)
4(137 142 187 182)
4(141 186 187 142)
4(181 182 187 186)
4(138 143 188 183)
4(142 187 188 143)
4(182 183 188 187)
4(143 188 189 144)
4(183 184 189 188)
4(141 146 191 186)
4(145 190 191 146)
4(185 186 191 190)
4(142 147 192 187)
4(146 191 192 147)
4(186 187 192 191)
4(143 148 193 188)
4(147 192 193 148)
4(187 188 193 192)
4(148 193 194 149)
4(188 189 194 193)
4(146 151 196 191)
4(150 195 196 151)
4(190 191 196 195)
4(147 152 197 192)
4(151 196 197 152)
4(191 192 197 196)
4(148 153 198 193)
4(152 197 198 153)
4(192 193 198 197)
4(153 198 199 154)
4(193 194 199 198)
4(151 156 201 196)
4(155 200 201 156)
4(195 196 201 200)
4(152 157 202 197)
4(156 201 202 157)
4(196 197 202 201)
4(153 158 203 198)
4(157 202 203 158)
4(197 198 203 202)
4(158 203 204 159)
4(198 199 204 203)
4(156 161 206 201)
4(160 205 206 161)
4(200 201 206 205)
4(157 162 207 202)
4(161 206 207 162)
4(201 202 207 206)
4(158 163 208 203)
4(162 207 208 163)
4(202 203 208 207)
4(163 208 209 164)
4(203 204 209 208)
4(161 166 211 206)
4(165 210 211 166)
4(205 206 211 210)
4(162 167 212 207)
4(166 211 212 167)
4(206 207 212 211)
4(163 168 213 208)
4(167 212 213 168)
4(207 208 213 212)
4(168 213 214 169)
4(208 209 214 213)
4(166 171 216 211)
4(170 215 216 171)
4(210 211 216 215)
4(167 172 217 212)
4(171 216 217 172)
4(211 212 217 216)
4(168 173 218 213)
4(172 217 218 173)
4(212 213 218 217)
4(173 218 219 174)
4(213 214 219 218)
4(171 176 221 216)
4(215 216 221 220)
4(172 177 222 217)
4(216 217 222 221)
4(173 178 223 218)
4(217 218 223 222)
4(218 219 224 223)
4(181 186 231 226)
4(185 230 231 186)
4(225 226 231 230)
4(182 187 232 227)
4(186 231 232 187)
4(226 227 232 231)
4(183 188 233 228)
4(187 232 233 188)
4(227 228 233 232)
4(188 233 234 189)
4(228 229 234 233)
4(186 191 236 231)
4(190 235 236 191)
4(230 231 236 235)
4(187 192 237 232)
4(191 236 237 192)
4(231 232 237 236)
4(188 193 238 233)
4(192 237 238 193)
4(232 233 238 237)
4(193 238 239 194)
4(233 234 239 238)
4(191 196 241 236)
4(195 240 241 196)
4(235 236 241 240)
4(192 197 242 237)
4(196 241 242 197)
4(236 237 242 241)
4(193 198 243 238)
4(197 242 243 198)
4(237 238 243 242)
4(198 243 244 199)
4(238 239 244 243)
4(196 201 246 241)
4(200 245 246 201)
4(240 241 246 245)
4(197 202 247 242)
4(201 246 247 202)
4(241 242 247 246)
4(198 203 248 243)
4(202 247 248 203)
4(242 243 248 247)
4(203 248 249 204)
4(243 244 249 248)
4(201 206 251 246)
4(205 250 251 206)
4(245 246 251 250)
4(202 207 252 247)
4(206 251 252 207)
4(246 247 252 251)
4(203 208 253 248)
4(207 252 253 208)
4(247 248 253 252)
4(208 253 254 209)
4(248 249 254 253)
4(206 211 256 251)
4(210 255 256 211)
4(250 251 256 255)
4(207 212 257 252)
4(211 256 257 212)
4(251 252 257 256)
4(208 213 258 253)
4(212 257 258 213)
4(252 253 258 257)
4(213 258 259 214)
4(253 254 259 258)
4(211 216 261 256)
4(215 260 261 216)
4(255 256 261 260)
4(212 217 262 257)
4(216 261 262 217)
4(256 257 262 261)
4(213 218 263 258)
4(217 262 263 218)
4(257 258 263 262)
4(218 263 264 219)
4(258 259 264 263)
4(216 221 266 261)
4(260 261 266 265)
4(217 222 267 262)
4(261 262 267 266)
4(218 223 268 263)
4(262 263 268 267)
4(263 264 269 268)
4(226 231 276 271)
4(230 275 276 231)
4(270 271 276 275)
4(227 232 277 272)
4(231 276 277 232)
4(271 272 277 276)
4(228 233 278 273)
4(232 277 278 233)
4(272 273 278 277)
4(233 278 279 234)
4(273 274 279 278)
4(231 236 281 276)
4(235 280 281 236)
4(275 276 281 280)
4(232 237 282 277)
4(236 281 282 237)
4(276 277 282 281)
4(233 238 283 278)
4(237 282 283 238)
4(277 278 283 282)
4(238 283 284 239)
4(278 279 284 283)
4(236 241 286 281)
4(240 285 286 241)
4(280 281 286 285)
4(237 242 287 282)
4(241 286 287 242)
4(281 282 287 286)
4(238 243 288 283)
4(242 287 288 243)
4(282 283 288 287)
4(243 288 289 244)
4(283 284 289 288)
4(241 246 291 286)
4(245 290 291 246)
4(285 286 291 290)
4(242 247 292 287)
4(246 291 292 247)
4(286 287 292 291)
4(243 248 293 288)
4(247 292 293 248)
4(287 288 293 292)
4(248 293 294 249)
4(288 289 294 293)
4(246 251 296 291)
4(250 295 296 251)
4(290 291 296 295)
4(247 252 297 292)
4(251 296 297 252)
4(291 292 297 296)
4(248 253 298 293)
4(252 297 298 253)
4(292 293 298 297)
4(253 298 299 254)
4(293 294 299 298)
4(251 256 301 296)
4(255 300 301 256)
4(295 296 301 300)
4(252 257 302 297)
4(256 301 302 257)
4(296 297 302 301)
4(253 258 303 298)
4(257 302 303 258)
4(297 298 303 302)
4(258 303 304 259)
4(298 299 304 303)
4(256 261 306 301)
4(260 305 306 261)
4(300 301 306 305)
4(257 262 307 302)
4(261 306 307 262)
4(301 302 307 306)
4(258 263 308 303)
4(262 307 308 263)
4(302 303 308 307)
4(263 308 309 264)
4(303 304 309 308)
4(261 266 311 306)
4(305 306 311 310)
4(262 267 312 307)
4(306 307 312 311)
4(263 268 313 308)
4(307 308 313 312)
4(308 309 314 313)
4(271 276 321 316)
4(275 320 321 276)
4(315 316 321 320)
4(272 277 322 317)
4(276 321 322 277)
4(316 317 322 321)
4(273 278 323 318)
4(277 322 323 278)
4(317 318 323 322)
4(278 323 324 279)
4(318 319 324 323)
4(276 281 326 321)
4(280 325 326 281)
4(320 321 326 325)
4(277 282 327 322)
4(281 326 327 282)
4(321 322 327 326)
4(278 283 328 323)
4(282 327 328 283)
4(322 323 328 327)
4(283 328 329 284)
4(323 324 329 328)
4(281 286 331 326)
4(285 330 331 286)
4(325 326 331 330)
4(282 287 332 327)
4(286 331 332 287)
4(326 327 332 331)
4(283 288 333 328)
4(287 332 333 288)
4(327 328 333 332)
4(288 333 334 289)
4(328 329 334 333)
4(286 291 336 331)
4(290 335 336 291)
4(330 331 336 335)
4(287 292 337 332)
4(291 336 337 292)
4(331 332 337 336)
4(288 293 338 333)
4(292 337 338 293)
4(332 333 338 337)
4(293 338 339 294)
4(333 334 339 338)
4(291 296 341 336)
4(295 340 341 296)
4(335 336 341 340)
4(292 297 342 337)
4(296 341 342 297)
4(336 337 342 341)
4(293 298 343 338)
4(297 342 343 298)
4(337 338 343 342)
4(298 343 344 299)
4(338 339 344 343)
4(296 301 346 341)
4(300 345 346 301)
4(340 341 346 345)
4(297 302 347 342)
4(301 346 347 302)
4(341 342 347 346)
4(298 303 348 343)
4(302 347 348 303)
4(342 343 348 347)
4(303 348 349 304)
4(343 344 349 348)
4(301 306 351 346)
4(305 350 351 306)
4(345 346 351 350)
4(302 307 352 347)
4(306 351 352 307)
4(346 347 352 351)
4(303 308 353 348)
4(307 352 353 308)
4(347 348 353 352)
4(308 353 354 309)
4(348 349 354 353)
4(306 311 356 351)
4(350 351 356 355)
4(307 312 357 352)
4(351 352 357 356)
4(308 313 358 353)
4(352 353 358 357)
4(353 354 359 358)
4(316 321 366 361)
4(320 365 366 321)
4(317 322 367 362)
4(321 366 367 322)
4(318 323 368 363)
4(322 367 368 323)
4(323 368 369 324)
4(321 326 371 366)
4(325 370 371 326)
4(322 327 372 367)
4(326 371 372 327)
4(323 328 373 368)
4(327 372 373 328)
4(328 373 374 329)
4(326 331 376 371)
4(330 375 376 331)
4(327 332 377 372)
4(331 376 377 332)
4(328 333 378 373)
4(332 377 378 333)
4(333 378 379 334)
4(331 336 381 376)
4(335 380 381 336)
4(332 337 382 377)
4(336 381 382 337)
4(333 338 383 378)
4(337 382 383 338)
4(338 383 384 339)
4(336 341 386 381)
4(340 385 386 341)
4(337 342 387 382)
4(341 386 387 342)
4(338 343 388 383)
4(342 387 388 343)
4(343 388 389 344)
4(341 346 391 386)
4(345 390 391 346)
4(342 347 392 387)
4(346 391 392 347)
4(343 348 393 388)
4(347 392 393 348)
4(348 393 394 349)
4(346 351 396 391)
4(350 395 396 351)
4(347 352 397 392)
4(351 396 397 352)
4(348 353 398 393)
4(352 397 398 353)
4(353 398 399 354)
4(351 356 401 396)
4(352 357 402 397)
4(353 358 403 398)
4(0 45 50 5)
4(5 50 55 10)
4(10 55 60 15)
4(15 60 65 20)
4(20 65 70 25)
4(25 70 75 30)
4(30 75 80 35)
4(35 80 85 40)
4(45 90 95 50)
4(50 95 100 55)
4(55 100 105 60)
4(60 105 110 65)
4(65 110 115 70)
4(70 115 120 75)
4(75 120 125 80)
4(80 125 130 85)
4(90 135 140 95)
4(95 140 145 100)
4(100 145 150 105)
4(105 150 155 110)
4(110 155 160 115)
4(115 160 165 120)
4(120 165 170 125)
4(125 170 175 130)
4(135 180 185 140)
4(140 185 190 145)
4(145 190 195 150)
4(150 195 200 155)
4(155 200 205 160)
4(160 205 210 165)
4(165 210 215 170)
4(170 215 220 175)
4(180 225 230 185)
4(185 230 235 190)
4(190 235 240 195)
4(195 240 245 200)
4(200 245 250 205)
4(205 250 255 210)
4(210 255 260 215)
4(215 260 265 220)
4(225 270 275 230)
4(230 275 280 235)
4(235 280 285 240)
4(240 285 290 245)
4(245 290 295 250)
4(250 295 300 255)
4(255 300 305 260)
4(260 305 310 265)
4(270 315 320 275)
4(275 320 325 280)
4(280 325 330 285)
4(285 330 335 290)
4(290 335 340 295)
4(295 340 345 300)
4(300 345 350 305)
4(305 350 355 310)
4(315 360 365 320)
4(320 365 370 325)
4(325 370 375 330)
4(330 375 380 335)
4(335 380 385 340)
4(340 385 390 345)
4(345 390 395 350)
4(350 395 400 355)
4(0 5 6 1)
4(5 10 11 6)
4(10 15 16 11)
4(15 20 21 16)
4(20 25 26 21)
4(25 30 31 26)
4(30 35 36 31)
4(35 40 41 36)
4(1 6 7 2)
4(6 11 12 7)
4(11 16 17 12)
4(16 21 22 17)
4(21 26 27 22)
4(26 31 32 27)
4(31 36 37 32)
4(36 41 42 37)
4(2 7 8 3)
4(7 12 13 8)
4(12 17 18 13)
4(17 22 23 18)
4(22 27 28 23)
4(27 32 33 28)
4(32 37 38 33)
4(37 42 43 38)
4(3 8 9 4)
4(8 13 14 9)
4(13 18 19 14)
4(18 23 24 19)
4(23 28 29 24)
4(28 33 34 29)
4(33 38 39 34)
4(38 43 44 39)
4(4 9 54 49)
4(9 14 59 54)
4(14 19 64 59)
4(19 24 69 64)
4(24 29 74 69)
4(29 34 79 74)
4(34 39 84 79)
4(39 44 89 84)
4(49 54 99 94)
4(54 59 104 99)
4(59 64 109 104)
4(64 69 114 109)
4(69 74 119 114)
4(74 79 124 119)
4(79 84 129 124)
4(84 89 134 129)
4(94 99 144 139)
4(99 104 149 144)
4(104 109 154 149)
4(109 114 159 154)
4(114 119 164 159)
4(119 124 169 164)
4(124 129 174 169)
4(129 134 179 174)
4(139 144 189 184)
4(144 149 194 189)
4(149 154 199 194)
4(154 159 204 199)
4(159 164 209 204)
4(164 169 214 209)
4(169 174 219 214)
4(174 179 224 219)
4(184 189 234 229)
4(189 194 239 234)
4(194 199 244 239)
4(199 204 249 244)
4(204 209 254 249)
4(209 214 259 254)
4(214 219 264 259)
4(219 224 269 264)
4(229 234 279 274)
4(234 239 284 279)
4(239 244 289 284)
4(244 249 294 289)
4(249 254 299 294)
4(254 259 304 299)
4(259 264 309 304)
4(264 269 314 309)
4(274 279 324 319)
4(279 284 329 324)
4(284 289 334 329)
4(289 294 339 334)
4(294 299 344 339)
4(299 304 349 344)
4(304 309 354 349)
4(309 314 359 354)
4(319 324 369 364)
4(324 329 374 369)
4(329 334 379 374)
4(334 339 384 379)
4(339 344 389 384)
4(344 349 394 389)
4(349 354 399 394)
4(354 359 404 399)
4(40 85 86 41)
4(85 130 131 86)
4(130 175 176 131)
4(175 220 221 176)
4(220 265 266 221)
4(265 310 311 266)
4(310 355 356 311)
4(355 400 401 356)
4(41 86 87 42)
4(86 131 132 87)
4(131 176 177 132)
4(176 221 222 177)
4(221 266 267 222)
4(266 311 312 267)
4(311 356 357 312)
4(356 401 402 357)
4(42 87 88 43)
4(87 132 133 88)
4(132 177 178 133)
4(177 222 223 178)
4(222 267 268 223)
4(267 312 313 268)
4(312 357 358 313)
4(357 402 403 358)
4(43 88 89 44)
4(88 133 134 89)
4(133 178 179 134)
4(178 223 224 179)
4(223 268 269 224)
4(268 313 314 269)
4(313 358 359 314)
4(358 403 404 359)
4(360 361 366 365)
4(365 366 371 370)
4(370 371 376 375)
4(375 376 381 380)
4(380 381 386 385)
4(385 386 391 390)
4(390 391 396 395)
4(395 396 401 400)
4(361 362 367 366)
4(366 367 372 371)
4(371 372 377 376)
4(376 377 382 381)
4(381 382 387 386)
4(386 387 392 391)
4(391 392 397 396)
4(396 397 402 401)
4(362 363 368 367)
4(367 368 373 372)
4(372 373 378 377)
4(377 378 383 382)
4(382 383 388 387)
4(387 388 393 392)
4(392 393 398 397)
4(397 398 403 402)
4(363 364 369 368)
4(368 369 374 373)
4(373 374 379 378)
4(378 379 384 383)
4(383 384 389 388)
4(388 389 394 393)
4(393 394 399 398)
4(398 399 404 403)
4(0 1 46 45)
4(45 46 91 90)
4(90 91 136 135)
4(135 136 181 180)
4(180 181 226 225)
4(225 226 271 270)
4(270 271 316 315)
4(315 316 361 360)
4(1 2 47 46)
4(46 47 92 91)
4(91 92 137 136)
4(136 137 182 181)
4(181 182 227 226)
4(226 227 272 271)
4(271 272 317 316)
4(316 317 362 361)
4(2 3 48 47)
4(47 48 93 92)
4(92 93 138 137)
4(137 138 183 182)
4(182 183 228 227)
4(227 228 273 272)
4(272 273 318 317)
4(317 318 363 362)
4(3 4 49 48)
4(48 49 94 93)
4(93 94 139 138)
4(138 139 184 183)
4(183 184 229 228)
4(228 229 274 273)
4(273 274 319 318)
4(318 319 364 363)
)


// ************************************************************************* //
