/*--------------------------------*- C++ -*----------------------------------*\
| =========                 |                                                 |
| \\      /  F ield         | foam-extend: Open Source CFD                    |
|  \\    /   O peration     | Version:     3.1                                |
|   \\  /    A nd           | Web:         http://www.extend-project.de       |
|    \\/     M anipulation  |                                                 |
\*---------------------------------------------------------------------------*/
FoamFile
{
    version     2.0;
    format      ascii;
    class       vectorField;
    location    "2.5/polyMesh";
    object      points;
}
// * * * * * * * * * * * * * * * * * * * * * * * * * * * * * * * * * * * * * //


405
(
(0.45 0 -0.2)
(0.475 0 -0.2)
(0.5 0 -0.2)
(0.525 0 -0.2)
(0.55 0 -0.2)
(0.450926 0.0259767 -0.19959)
(0.475571 0.0253331 -0.199744)
(0.500443 0.0249795 -0.200021)
(0.525507 0.0246181 -0.200306)
(0.550777 0.0239772 -0.200483)
(0.451851 0.0514334 -0.199719)
(0.47656 0.050583 -0.199827)
(0.501409 0.0499749 -0.200039)
(0.526456 0.0493624 -0.200263)
(0.551636 0.0485055 -0.20041)
(0.453092 0.076899 -0.199831)
(0.477818 0.0758176 -0.199899)
(0.502669 0.0749627 -0.200055)
(0.52769 0.0741026 -0.200225)
(0.552827 0.0730062 -0.200336)
(0.454487 0.102219 -0.199981)
(0.479253 0.10098 -0.199987)
(0.504114 0.0999405 -0.200068)
(0.52911 0.0988959 -0.200161)
(0.55419 0.0976423 -0.200213)
(0.455986 0.12743 -0.20012)
(0.480785 0.126085 -0.200068)
(0.505656 0.12491 -0.200078)
(0.530634 0.123733 -0.200101)
(0.555671 0.122379 -0.200092)
(0.457522 0.152545 -0.200239)
(0.482348 0.151141 -0.200138)
(0.507228 0.149875 -0.200089)
(0.532192 0.148611 -0.200049)
(0.557198 0.147207 -0.199986)
(0.459054 0.177602 -0.200331)
(0.483894 0.176164 -0.200196)
(0.508776 0.17484 -0.200102)
(0.533732 0.173521 -0.200014)
(0.558723 0.172099 -0.19991)
(0.460579 0.202625 -0.200385)
(0.485395 0.201173 -0.200235)
(0.510244 0.199813 -0.200114)
(0.535208 0.198456 -0.200001)
(0.560212 0.197026 -0.199879)
(0.45 0 -0.175)
(0.475 0 -0.175)
(0.5 0 -0.175)
(0.525 0 -0.175)
(0.55 0 -0.175)
(0.450999 0.0259236 -0.174763)
(0.475659 0.0252921 -0.174853)
(0.500555 0.024987 -0.175018)
(0.525607 0.024682 -0.175192)
(0.550865 0.0240572 -0.175302)
(0.451929 0.0514733 -0.174805)
(0.476657 0.0506139 -0.174883)
(0.501535 0.0499781 -0.175034)
(0.526569 0.0493408 -0.175196)
(0.551738 0.0484752 -0.175303)
(0.453126 0.0769439 -0.174894)
(0.477876 0.0758552 -0.174939)
(0.502757 0.0749651 -0.175048)
(0.527766 0.0740716 -0.175167)
(0.552888 0.072969 -0.175245)
(0.454474 0.102272 -0.175005)
(0.479261 0.101024 -0.175004)
(0.504149 0.0999444 -0.175058)
(0.529137 0.098861 -0.175124)
(0.554205 0.0976001 -0.175157)
(0.455922 0.127479 -0.175114)
(0.480741 0.126128 -0.175068)
(0.505636 0.124917 -0.175068)
(0.530608 0.123705 -0.175079)
(0.555634 0.122346 -0.175064)
(0.457414 0.152588 -0.175208)
(0.482256 0.15118 -0.175123)
(0.507158 0.149886 -0.175078)
(0.532118 0.148595 -0.175042)
(0.557115 0.147188 -0.174984)
(0.458911 0.177636 -0.175281)
(0.483765 0.176195 -0.175169)
(0.508666 0.174854 -0.17509)
(0.533619 0.173519 -0.175019)
(0.558603 0.172098 -0.174928)
(0.460419 0.202652 -0.175323)
(0.485247 0.201198 -0.175198)
(0.510115 0.19983 -0.175103)
(0.535076 0.198464 -0.175017)
(0.560073 0.197037 -0.174912)
(0.45 0 -0.15)
(0.475 0 -0.15)
(0.5 0 -0.15)
(0.525 0 -0.15)
(0.55 0 -0.15)
(0.451051 0.0259329 -0.149876)
(0.475692 0.025291 -0.149925)
(0.500583 0.0249897 -0.150016)
(0.525639 0.0246883 -0.150114)
(0.55091 0.0240488 -0.150174)
(0.451987 0.0514639 -0.149895)
(0.476699 0.0506131 -0.149941)
(0.50157 0.0499818 -0.15003)
(0.526611 0.0493485 -0.150127)
(0.551795 0.0484875 -0.150188)
(0.45316 0.0769306 -0.14995)
(0.477904 0.0758581 -0.149977)
(0.502783 0.0749697 -0.150042)
(0.527795 0.0740777 -0.150114)
(0.552921 0.0729902 -0.150157)
(0.454478 0.102259 -0.150024)
(0.479262 0.10103 -0.150023)
(0.504149 0.0999511 -0.150052)
(0.529138 0.0988692 -0.150088)
(0.554207 0.097627 -0.150102)
(0.455892 0.127468 -0.1501)
(0.48071 0.126136 -0.150068)
(0.505606 0.124927 -0.150061)
(0.530576 0.123717 -0.15006)
(0.555601 0.122378 -0.150041)
(0.457351 0.152582 -0.150169)
(0.482194 0.15119 -0.15011)
(0.507097 0.149898 -0.15007)
(0.532055 0.148611 -0.150036)
(0.557049 0.147223 -0.149987)
(0.45882 0.177637 -0.150224)
(0.483676 0.176207 -0.150144)
(0.508579 0.174869 -0.150082)
(0.53353 0.173539 -0.150024)
(0.558509 0.172135 -0.149951)
(0.460313 0.202658 -0.150252)
(0.485144 0.201211 -0.150164)
(0.510013 0.199846 -0.150095)
(0.534968 0.198488 -0.150033)
(0.559958 0.197077 -0.149952)
(0.45 0 -0.125)
(0.475 0 -0.125)
(0.5 0 -0.125)
(0.525 0 -0.125)
(0.55 0 -0.125)
(0.451076 0.025939 -0.124943)
(0.475703 0.025291 -0.124965)
(0.500587 0.0249912 -0.125014)
(0.525646 0.024691 -0.125066)
(0.550928 0.0240448 -0.125096)
(0.452013 0.0514532 -0.124956)
(0.476712 0.0506089 -0.124977)
(0.501576 0.0499851 -0.125026)
(0.526621 0.0493587 -0.125079)
(0.551815 0.0485028 -0.125108)
(0.453176 0.0769116 -0.124991)
(0.47791 0.075853 -0.125002)
(0.502783 0.074975 -0.125036)
(0.527797 0.0740932 -0.125074)
(0.552931 0.0730189 -0.125092)
(0.454475 0.102237 -0.12504)
(0.479253 0.101025 -0.125033)
(0.504136 0.0999588 -0.125044)
(0.529125 0.098889 -0.12506)
(0.554199 0.0976643 -0.12506)
(0.455867 0.127449 -0.125092)
(0.480682 0.126134 -0.125065)
(0.505574 0.124937 -0.125052)
(0.530544 0.12374 -0.125043)
(0.555571 0.12242 -0.125022)
(0.457304 0.152568 -0.125141)
(0.482146 0.151191 -0.125095)
(0.507047 0.149911 -0.125061)
(0.532002 0.148636 -0.12503)
(0.556996 0.147268 -0.124988)
(0.458754 0.177631 -0.12518)
(0.48361 0.176212 -0.12512)
(0.508512 0.174884 -0.125072)
(0.533459 0.173567 -0.125025)
(0.558435 0.172181 -0.124966)
(0.460233 0.20266 -0.1252)
(0.485067 0.201221 -0.125135)
(0.509933 0.199864 -0.125085)
(0.534882 0.198517 -0.125038)
(0.559865 0.197122 -0.124975)
(0.45 0 -0.1)
(0.475 0 -0.1)
(0.5 0 -0.1)
(0.525 0 -0.1)
(0.55 0 -0.1)
(0.451086 0.0259407 -0.0999774)
(0.475704 0.0252907 -0.0999864)
(0.500584 0.0249924 -0.100011)
(0.525644 0.0246936 -0.100038)
(0.550932 0.0240463 -0.100051)
(0.452022 0.0514451 -0.099989)
(0.476711 0.0506058 -0.0999959)
(0.50157 0.0499882 -0.100021)
(0.526617 0.0493681 -0.100048)
(0.551818 0.048517 -0.100059)
(0.453178 0.0768973 -0.100014)
(0.477904 0.0758483 -0.100013)
(0.502772 0.0749803 -0.100029)
(0.527787 0.0741083 -0.100047)
(0.552928 0.0730439 -0.100051)
(0.454466 0.10222 -0.100046)
(0.479238 0.101021 -0.100035)
(0.504117 0.0999663 -0.100036)
(0.529106 0.0989089 -0.100039)
(0.554184 0.0976974 -0.100031)
(0.455844 0.127432 -0.100081)
(0.480655 0.126131 -0.100057)
(0.505545 0.124947 -0.100043)
(0.530514 0.123763 -0.10003)
(0.555542 0.122459 -0.100008)
(0.457266 0.152555 -0.100115)
(0.482106 0.151191 -0.100078)
(0.507005 0.149924 -0.10005)
(0.531959 0.148662 -0.100023)
(0.556952 0.147309 -0.0999873)
(0.458703 0.177623 -0.100143)
(0.483558 0.176215 -0.100097)
(0.508458 0.174899 -0.10006)
(0.533403 0.173594 -0.100023)
(0.558377 0.172223 -0.0999755)
(0.460171 0.202657 -0.100157)
(0.485004 0.201227 -0.100108)
(0.509868 0.19988 -0.100071)
(0.534812 0.198545 -0.100036)
(0.559791 0.197165 -0.099987)
(0.45 0 -0.075)
(0.475 0 -0.075)
(0.5 0 -0.075)
(0.525 0 -0.075)
(0.55 0 -0.075)
(0.45109 0.0259405 -0.0749938)
(0.475702 0.0252905 -0.0749964)
(0.500579 0.0249934 -0.075008)
(0.52564 0.024696 -0.0750209)
(0.550931 0.02405 -0.0750259)
(0.452023 0.0514394 -0.0750037)
(0.476706 0.0506039 -0.0750041)
(0.501561 0.0499909 -0.0750153)
(0.526609 0.0493755 -0.0750281)
(0.551814 0.0485287 -0.0750311)
(0.453174 0.0768878 -0.0750208)
(0.477894 0.0758456 -0.0750161)
(0.502759 0.0749849 -0.0750216)
(0.527775 0.0741206 -0.0750284)
(0.552919 0.0730631 -0.075026)
(0.454455 0.102209 -0.0750425)
(0.479222 0.101018 -0.0750306)
(0.504098 0.099973 -0.0750271)
(0.529087 0.0989251 -0.0750246)
(0.554168 0.0977228 -0.0750145)
(0.455824 0.127421 -0.0750659)
(0.480632 0.126129 -0.0750459)
(0.505519 0.124956 -0.0750324)
(0.530487 0.123783 -0.0750196)
(0.555517 0.122489 -0.0750007)
(0.457236 0.152545 -0.0750888)
(0.482074 0.151191 -0.0750607)
(0.50697 0.149934 -0.0750383)
(0.531924 0.148684 -0.0750162)
(0.556918 0.147342 -0.0749883)
(0.458663 0.177616 -0.0751082)
(0.483517 0.176218 -0.0750736)
(0.508415 0.174911 -0.0750458)
(0.533358 0.173617 -0.0750179)
(0.558331 0.172258 -0.0749823)
(0.460123 0.202654 -0.0751177)
(0.484955 0.201232 -0.0750816)
(0.509816 0.199894 -0.0750551)
(0.534757 0.198569 -0.0750296)
(0.559734 0.197201 -0.0749928)
(0.45 0 -0.05)
(0.475 0 -0.05)
(0.5 0 -0.05)
(0.525 0 -0.05)
(0.55 0 -0.05)
(0.45109 0.0259396 -0.0500001)
(0.475699 0.0252904 -0.0500002)
(0.500575 0.0249942 -0.0500052)
(0.525636 0.0246979 -0.0500109)
(0.550928 0.0240537 -0.0500123)
(0.452021 0.0514356 -0.0500074)
(0.476701 0.050603 -0.0500056)
(0.501554 0.0499931 -0.0500101)
(0.526601 0.0493809 -0.0500153)
(0.551808 0.0485373 -0.0500151)
(0.453168 0.076882 -0.0500184)
(0.477885 0.0758442 -0.0500134)
(0.502748 0.0749886 -0.0500143)
(0.527764 0.0741293 -0.0500159)
(0.552909 0.0730766 -0.0500121)
(0.454444 0.102202 -0.0500318)
(0.479209 0.101017 -0.0500224)
(0.504083 0.0999781 -0.0500181)
(0.529072 0.0989367 -0.0500142)
(0.554154 0.0977404 -0.0500056)
(0.455808 0.127414 -0.0500464)
(0.480613 0.126129 -0.050032)
(0.505499 0.124962 -0.0500217)
(0.530467 0.123796 -0.0500117)
(0.555498 0.122509 -0.0499979)
(0.457214 0.152539 -0.0500606)
(0.48205 0.151192 -0.0500414)
(0.506945 0.149942 -0.0500258)
(0.531899 0.148699 -0.0500103)
(0.556892 0.147366 -0.049991)
(0.458634 0.177612 -0.050073)
(0.483487 0.17622 -0.0500497)
(0.508384 0.17492 -0.050031)
(0.533326 0.173634 -0.0500122)
(0.558299 0.172283 -0.0499882)
(0.460088 0.202652 -0.0500789)
(0.484918 0.201236 -0.0500548)
(0.509778 0.199904 -0.0500374)
(0.534717 0.198587 -0.0500205)
(0.559693 0.197227 -0.0499959)
(0.45 0 -0.025)
(0.475 0 -0.025)
(0.5 0 -0.025)
(0.525 0 -0.025)
(0.55 0 -0.025)
(0.45109 0.0259388 -0.0250012)
(0.475697 0.0252903 -0.0250008)
(0.500572 0.0249947 -0.0250026)
(0.525633 0.0246991 -0.0250046)
(0.550926 0.0240563 -0.0250048)
(0.452019 0.0514335 -0.025005)
(0.476697 0.0506026 -0.0250036)
(0.501549 0.0499944 -0.025005)
(0.526596 0.0493841 -0.0250067)
(0.551804 0.0485426 -0.025006)
(0.453164 0.0768789 -0.0250104)
(0.477879 0.0758437 -0.0250074)
(0.502741 0.0749909 -0.0250071)
(0.527756 0.0741345 -0.0250071)
(0.552903 0.0730846 -0.0250046)
(0.454437 0.102198 -0.0250169)
(0.4792 0.101017 -0.0250118)
(0.504073 0.0999813 -0.025009)
(0.529063 0.0989436 -0.0250064)
(0.554145 0.0977508 -0.0250017)
(0.455798 0.12741 -0.0250239)
(0.480602 0.126129 -0.0250164)
(0.505487 0.124966 -0.0250109)
(0.530455 0.123805 -0.0250055)
(0.555486 0.122522 -0.0249981)
(0.4572 0.152536 -0.0250308)
(0.482035 0.151193 -0.025021)
(0.50693 0.149947 -0.025013)
(0.531883 0.148709 -0.025005)
(0.556877 0.147379 -0.0249951)
(0.458616 0.177609 -0.0250368)
(0.483468 0.176221 -0.0250251)
(0.508364 0.174925 -0.0250156)
(0.533307 0.173644 -0.0250062)
(0.558279 0.172298 -0.024994)
(0.460066 0.20265 -0.0250397)
(0.484896 0.201238 -0.0250276)
(0.509754 0.199911 -0.0250189)
(0.534693 0.198597 -0.0250104)
(0.559668 0.197243 -0.0249981)
(0.45 0 0)
(0.475 0 0)
(0.5 0 0)
(0.525 0 0)
(0.55 0 0)
(0.451089 0.0259385 0)
(0.475697 0.0252903 0)
(0.500571 0.0249949 0)
(0.525632 0.0246995 0)
(0.550925 0.0240572 0)
(0.452019 0.0514328 0)
(0.476696 0.0506025 0)
(0.501547 0.0499949 0)
(0.526594 0.0493852 0)
(0.551803 0.0485444 0)
(0.453163 0.0768779 0)
(0.477877 0.0758436 0)
(0.502738 0.0749916 0)
(0.527754 0.0741362 0)
(0.552901 0.0730872 0)
(0.454435 0.102197 0)
(0.479197 0.101017 0)
(0.50407 0.0999824 0)
(0.529059 0.0989459 0)
(0.554142 0.0977542 0)
(0.455794 0.127409 0)
(0.480598 0.126129 0)
(0.505482 0.124968 0)
(0.530451 0.123808 0)
(0.555482 0.122526 0)
(0.457196 0.152535 0)
(0.48203 0.151193 0)
(0.506924 0.149949 0)
(0.531878 0.148712 0)
(0.556871 0.147384 0)
(0.45861 0.177609 0)
(0.483462 0.176221 0)
(0.508358 0.174927 0)
(0.5333 0.173648 0)
(0.558272 0.172303 0)
(0.460059 0.202649 0)
(0.484888 0.201238 0)
(0.509746 0.199913 0)
(0.534685 0.198601 0)
(0.55966 0.197248 0)
)


// ************************************************************************* //
