/*--------------------------------*- C++ -*----------------------------------*\
| =========                 |                                                 |
| \\      /  F ield         | foam-extend: Open Source CFD                    |
|  \\    /   O peration     | Version:     3.1                                |
|   \\  /    A nd           | Web:         http://www.extend-project.de       |
|    \\/     M anipulation  |                                                 |
\*---------------------------------------------------------------------------*/
FoamFile
{
    version     2.0;
    format      ascii;
    class       volScalarField;
    location    "0.0018";
    object      sigmaEq;
}
// * * * * * * * * * * * * * * * * * * * * * * * * * * * * * * * * * * * * * //

dimensions      [1 -1 -2 0 0 0 0];

internalField   nonuniform List<scalar> 
6400
(
5502.1
3989.71
3547.51
4411.65
5465.64
3971.1
3547.58
4441.45
5463.14
3968.92
3546.48
4441.61
5461.9
3968.04
3545.9
4441.17
5461.31
3967.6
3545.49
4440.63
5461.07
3967.34
3545.1
4440.01
5461.03
3967.14
3544.69
4439.33
5461.08
3966.91
3544.21
4438.65
5461.16
3966.64
3543.72
4438.03
5461.15
3966.4
3543.36
4437.64
5461.15
3966.4
3543.36
4437.64
5461.16
3966.64
3543.72
4438.03
5461.08
3966.91
3544.21
4438.64
5461.03
3967.14
3544.68
4439.33
5461.07
3967.34
3545.1
4440
5461.31
3967.6
3545.48
4440.63
5461.9
3968.04
3545.89
4441.17
5463.14
3968.91
3546.48
4441.6
5465.64
3971.09
3547.58
4441.44
5502.1
3989.71
3547.5
4411.65
3764.48
3586.01
3182.68
2512.85
3764.7
3580.11
3172.27
2505.62
3762.15
3578.18
3171.08
2505.79
3760.91
3577.37
3170.49
2505.52
3760.24
3576.77
3169.96
2505.07
3759.83
3576.31
3169.47
2504.53
3759.63
3575.95
3169.02
2503.98
3759.58
3575.64
3168.59
2503.45
3759.68
3575.34
3168.2
2502.99
3760.07
3575.15
3167.93
2502.71
3760.07
3575.15
3167.93
2502.71
3759.68
3575.34
3168.19
2502.99
3759.58
3575.63
3168.59
2503.45
3759.62
3575.95
3169.01
2503.97
3759.83
3576.31
3169.46
2504.53
3760.23
3576.77
3169.95
2505.07
3760.91
3577.37
3170.49
2505.52
3762.15
3578.17
3171.08
2505.79
3764.7
3580.1
3172.27
2505.62
3764.47
3586.01
3182.68
2512.84
4026.41
3830.7
3446.79
2881.39
4035.11
3826.3
3434.54
2864.36
4033.86
3825.87
3433.66
2864.4
4033.31
3825.74
3433.58
2864.43
4032.88
3825.49
3433.44
2864.43
4032.5
3825.21
3433.25
2864.37
4032.24
3824.96
3433.05
2864.25
4032.17
3824.79
3432.85
2864.08
4032.42
3824.71
3432.67
2863.85
4033.31
3824.75
3432.55
2863.65
4033.31
3824.75
3432.54
2863.65
4032.41
3824.71
3432.67
2863.85
4032.17
3824.79
3432.85
2864.08
4032.24
3824.96
3433.04
2864.25
4032.5
3825.21
3433.25
2864.37
4032.88
3825.49
3433.44
2864.43
4033.31
3825.74
3433.57
2864.43
4033.86
3825.86
3433.66
2864.4
4035.1
3826.29
3434.54
2864.36
4026.4
3830.7
3446.79
2881.39
5338.69
4868.2
4418.48
4020.53
5343.5
4862.47
4407.77
4003.61
5342.46
4862.48
4407.18
4004.38
5342.16
4862.43
4407.12
4004.6
5341.93
4862.34
4407.13
4004.77
5341.74
4862.25
4407.15
4004.9
5341.64
4862.21
4407.16
4005
5341.72
4862.24
4407.16
4005.01
5342.12
4862.37
4407.15
4004.92
5343.19
4862.58
4407.13
4004.79
5343.19
4862.58
4407.13
4004.79
5342.12
4862.37
4407.15
4004.92
5341.72
4862.24
4407.16
4005.01
5341.63
4862.21
4407.16
4005
5341.73
4862.25
4407.15
4004.9
5341.93
4862.34
4407.13
4004.76
5342.15
4862.43
4407.11
4004.6
5342.45
4862.48
4407.18
4004.38
5343.5
4862.47
4407.77
4003.6
5338.68
4868.2
4418.48
4020.52
6558.05
5913.55
5382.03
5001.33
6561.41
5907.54
5372.05
4983.46
6560.47
5907.78
5371.59
4984.7
6560.18
5907.57
5371.33
4984.92
6560
5907.44
5371.28
4985.06
6559.92
5907.42
5371.33
4985.23
6559.96
5907.49
5371.42
4985.39
6560.19
5907.65
5371.53
4985.5
6560.7
5907.9
5371.61
4985.48
6561.85
5908.19
5371.65
4985.4
6561.85
5908.19
5371.65
4985.4
6560.7
5907.9
5371.61
4985.48
6560.19
5907.65
5371.53
4985.5
6559.96
5907.48
5371.42
4985.39
6559.92
5907.41
5371.33
4985.22
6560
5907.44
5371.28
4985.06
6560.18
5907.57
5371.33
4984.92
6560.46
5907.78
5371.59
4984.7
6561.41
5907.54
5372.05
4983.46
6558.05
5913.55
5382.03
5001.33
7414.1
6689.23
6100.94
5684.78
7418.27
6683.81
6091.4
5665.59
7417.56
6684.3
6091.02
5667.01
7417.38
6684.03
6090.61
5667.12
7417.29
6683.87
6090.45
5667.14
7417.33
6683.88
6090.47
5667.24
7417.51
6684.02
6090.58
5667.39
7417.86
6684.27
6090.73
5667.52
7418.48
6684.6
6090.86
5667.55
7419.67
6684.94
6090.93
5667.5
7419.67
6684.94
6090.93
5667.5
7418.47
6684.6
6090.86
5667.55
7417.86
6684.27
6090.73
5667.52
7417.51
6684.02
6090.57
5667.39
7417.33
6683.88
6090.46
5667.24
7417.29
6683.87
6090.45
5667.14
7417.38
6684.03
6090.6
5667.12
7417.56
6684.3
6091.02
5667.01
7418.26
6683.8
6091.39
5665.59
7414.1
6689.23
6100.94
5684.78
7884.01
7134.74
6519.54
6068.72
7889.7
7130.18
6510.39
6048.67
7889.32
7130.92
6510.07
6050.06
7889.38
7130.72
6509.58
6050.02
7889.49
7130.62
6509.35
6049.87
7889.74
7130.7
6509.33
6049.84
7890.13
7130.93
6509.42
6049.91
7890.66
7131.27
6509.59
6050.01
7891.4
7131.68
6509.75
6050.03
7892.66
7132.07
6509.84
6049.98
7892.65
7132.07
6509.84
6049.98
7891.4
7131.68
6509.74
6050.03
7890.66
7131.27
6509.59
6050
7890.13
7130.93
6509.42
6049.91
7889.74
7130.7
6509.32
6049.84
7889.49
7130.61
6509.35
6049.87
7889.37
7130.72
6509.58
6050.02
7889.31
7130.92
6510.06
6050.06
7889.7
7130.18
6510.39
6048.67
7884.01
7134.74
6519.54
6068.72
7990.89
7252.86
6637.66
6170.16
7997.98
7249.12
6628.91
6149.91
7997.94
7250.05
6628.59
6151.11
7998.34
7250.01
6628.08
6150.87
7998.8
7250.05
6627.82
6150.51
7999.39
7250.28
6627.76
6150.29
8000.09
7250.65
6627.84
6150.2
8000.88
7251.11
6628
6150.18
8001.81
7251.62
6628.17
6150.13
8003.15
7252.06
6628.27
6150.07
8003.15
7252.06
6628.27
6150.07
8001.81
7251.62
6628.17
6150.13
8000.88
7251.11
6628
6150.18
8000.08
7250.64
6627.84
6150.2
7999.39
7250.27
6627.76
6150.29
7998.8
7250.04
6627.82
6150.51
7998.34
7250
6628.08
6150.87
7997.93
7250.04
6628.59
6151.1
7997.98
7249.11
6628.91
6149.91
7990.89
7252.85
6637.66
6170.15
7762.4
7064.3
6473.47
6009.55
7770.53
7061.27
6465.17
5989.73
7770.82
7062.32
6464.79
5990.59
7771.64
7062.49
6464.28
5990.1
7772.56
7062.75
6464
5989.48
7773.61
7063.18
6463.9
5988.98
7774.73
7063.73
6463.94
5988.63
7775.89
7064.36
6464.08
5988.39
7777.07
7064.99
6464.23
5988.2
7778.51
7065.49
6464.34
5988.07
7778.51
7065.49
6464.34
5988.07
7777.07
7064.99
6464.23
5988.2
7775.88
7064.36
6464.08
5988.39
7774.72
7063.73
6463.94
5988.63
7773.6
7063.17
6463.9
5988.98
7772.56
7062.74
6463.99
5989.48
7771.64
7062.49
6464.28
5990.09
7770.81
7062.31
6464.79
5990.59
7770.52
7061.26
6465.16
5989.73
7762.4
7064.29
6473.47
6009.55
7228.46
6598.24
6054.71
5611.89
7237.36
6595.89
6046.95
5593.09
7237.97
6597.01
6046.48
5593.47
7239.25
6597.41
6045.96
5592.65
7240.69
6597.91
6045.65
5591.68
7242.26
6598.57
6045.49
5590.81
7243.89
6599.34
6045.47
5590.09
7245.48
6600.14
6045.54
5589.52
7246.98
6600.9
6045.65
5589.09
7248.55
6601.46
6045.73
5588.83
7248.55
6601.46
6045.73
5588.83
7246.98
6600.89
6045.65
5589.09
7245.48
6600.14
6045.54
5589.52
7243.89
6599.33
6045.47
5590.09
7242.26
6598.57
6045.49
5590.81
7240.68
6597.9
6045.64
5591.68
7239.25
6597.41
6045.96
5592.64
7237.97
6597
6046.47
5593.47
7237.36
6595.89
6046.94
5593.08
7228.45
6598.24
6054.71
5611.89
6431.13
5895.88
5420.61
5012.64
6440.79
5894.33
5413.6
4995.42
6441.69
5895.45
5413
4995.22
6443.4
5896.09
5412.48
4994.01
6445.34
5896.81
5412.12
4992.64
6447.43
5897.68
5411.87
4991.32
6449.56
5898.63
5411.73
4990.12
6451.59
5899.59
5411.69
4989.12
6453.41
5900.45
5411.71
4988.35
6455.08
5901.06
5411.74
4987.92
6455.08
5901.06
5411.74
4987.92
6453.41
5900.45
5411.71
4988.35
6451.59
5899.58
5411.69
4989.11
6449.55
5898.63
5411.73
4990.12
6447.43
5897.68
5411.87
4991.32
6445.33
5896.81
5412.11
4992.64
6443.39
5896.08
5412.48
4994.01
6441.68
5895.45
5413
4995.21
6440.78
5894.33
5413.6
4995.42
6431.12
5895.87
5420.6
5012.63
5440.8
5017.91
4626.54
4266.67
5451.24
5017.37
4620.63
4251.78
5452.4
5018.45
4619.91
4250.95
5454.44
5019.25
4619.37
4249.39
5456.76
5020.12
4618.93
4247.66
5459.26
5021.11
4618.55
4245.9
5461.78
5022.15
4618.25
4244.23
5464.16
5023.17
4618.05
4242.77
5466.22
5024.06
4617.93
4241.65
5467.94
5024.68
4617.89
4241.02
5467.94
5024.67
4617.89
4241.02
5466.22
5024.06
4617.93
4241.65
5464.15
5023.17
4618.05
4242.77
5461.77
5022.15
4618.25
4244.23
5459.25
5021.1
4618.55
4245.9
5456.76
5020.12
4618.92
4247.65
5454.43
5019.24
4619.37
4249.39
5452.39
5018.44
4619.9
4250.94
5451.24
5017.36
4620.62
4251.78
5440.79
5017.9
4626.54
4266.67
4375.3
4049.45
3744.76
3456.19
4386.02
4049.88
3740.39
3444.86
4387.32
4050.83
3739.56
3443.53
4389.53
4051.68
3739
3441.82
4392.05
4052.54
3738.43
3439.94
4394.75
4053.46
3737.88
3437.96
4397.46
4054.41
3737.37
3436.03
4399.99
4055.33
3736.95
3434.29
4402.15
4056.12
3736.65
3432.92
4403.81
4056.65
3736.5
3432.15
4403.81
4056.64
3736.49
3432.15
4402.15
4056.12
3736.65
3432.92
4399.99
4055.33
3736.95
3434.29
4397.45
4054.41
3737.37
3436.03
4394.74
4053.45
3737.88
3437.96
4392.05
4052.53
3738.43
3439.94
4389.52
4051.67
3738.99
3441.82
4387.31
4050.83
3739.56
3443.53
4386.01
4049.88
3740.39
3444.85
4375.3
4049.44
3744.76
3456.19
3401.66
3096.14
2857.97
2684.26
3410.67
3096.93
2855.63
2678.39
3411.93
3097.61
2854.71
2676.94
3414.07
3098.3
2854.07
2675.44
3416.55
3098.91
2853.34
2673.8
3419.17
3099.53
2852.54
2672.03
3421.81
3100.16
2851.76
2670.24
3424.25
3100.76
2851.07
2668.58
3426.27
3101.26
2850.54
2667.25
3427.71
3101.59
2850.24
2666.48
3427.71
3101.59
2850.24
2666.48
3426.27
3101.26
2850.53
2667.25
3424.24
3100.75
2851.07
2668.58
3421.8
3100.16
2851.76
2670.23
3419.17
3099.53
2852.54
2672.02
3416.54
3098.91
2853.33
2673.79
3414.06
3098.29
2854.07
2675.44
3411.92
3097.6
2854.71
2676.93
3410.67
3096.93
2855.62
2678.38
3401.65
3096.13
2857.96
2684.25
2674.62
2274.01
2056.16
2038.15
2679
2273.95
2056.08
2039.2
2679.94
2274.23
2055.12
2038.03
2681.72
2274.64
2054.42
2037.04
2683.84
2274.92
2053.55
2035.95
2686.1
2275.14
2052.57
2034.73
2688.35
2275.35
2051.57
2033.44
2690.4
2275.54
2050.65
2032.2
2692.05
2275.68
2049.92
2031.17
2693.14
2275.78
2049.51
2030.56
2693.14
2275.78
2049.51
2030.56
2692.05
2275.68
2049.92
2031.17
2690.4
2275.54
2050.65
2032.2
2688.35
2275.35
2051.56
2033.44
2686.1
2275.14
2052.57
2034.72
2683.84
2274.91
2053.55
2035.95
2681.72
2274.64
2054.42
2037.04
2679.94
2274.22
2055.12
2038.02
2678.99
2273.95
2056.07
2039.19
2674.62
2274
2056.16
2038.15
2209.35
1691.75
1445.15
1539.69
2208.72
1690.11
1446.59
1545.77
2209.2
1690.12
1445.76
1544.93
2210.41
1690.44
1445.24
1544.33
2211.93
1690.66
1444.57
1543.66
2213.57
1690.83
1443.78
1542.86
2215.2
1690.97
1442.96
1541.99
2216.67
1691.08
1442.19
1541.12
2217.82
1691.13
1441.56
1540.38
2218.55
1691.16
1441.19
1539.93
2218.55
1691.16
1441.19
1539.93
2217.82
1691.13
1441.55
1540.37
2216.67
1691.08
1442.18
1541.12
2215.19
1690.97
1442.96
1541.98
2213.56
1690.83
1443.78
1542.86
2211.92
1690.65
1444.56
1543.65
2210.4
1690.44
1445.24
1544.33
2209.2
1690.11
1445.76
1544.92
2208.72
1690.1
1446.58
1545.77
2209.34
1691.74
1445.15
1539.69
1870.44
1384.6
1115.19
1157.12
1868.47
1382.45
1116.05
1162.6
1868.64
1382.55
1115.55
1161.73
1869.31
1383.11
1115.54
1161.11
1870.22
1383.67
1115.51
1160.44
1871.22
1384.24
1115.45
1159.67
1872.23
1384.8
1115.36
1158.85
1873.16
1385.29
1115.26
1158.05
1873.9
1385.65
1115.15
1157.39
1874.38
1385.85
1115.08
1156.99
1874.38
1385.85
1115.08
1156.99
1873.9
1385.65
1115.15
1157.39
1873.15
1385.29
1115.26
1158.05
1872.23
1384.8
1115.36
1158.85
1871.22
1384.24
1115.44
1159.67
1870.22
1383.66
1115.51
1160.44
1869.31
1383.1
1115.53
1161.11
1868.63
1382.55
1115.55
1161.72
1868.47
1382.45
1116.04
1162.59
1870.43
1384.59
1115.19
1157.12
1560.14
1245.9
1013.26
896.927
1560.38
1244.7
1012.28
897.044
1560.46
1244.97
1012.06
896.077
1560.82
1245.66
1012.39
895.432
1561.31
1246.41
1012.83
894.817
1561.84
1247.2
1013.3
894.167
1562.39
1247.99
1013.78
893.504
1562.94
1248.72
1014.2
892.882
1563.41
1249.28
1014.51
892.374
1563.77
1249.6
1014.68
892.078
1563.77
1249.6
1014.68
892.078
1563.41
1249.28
1014.51
892.373
1562.93
1248.71
1014.2
892.88
1562.39
1247.99
1013.78
893.502
1561.84
1247.19
1013.3
894.165
1561.31
1246.4
1012.83
894.814
1560.82
1245.66
1012.39
895.429
1560.46
1244.97
1012.05
896.073
1560.38
1244.69
1012.28
897.04
1560.14
1245.89
1013.26
896.922
1304.21
1145.41
980.579
813.213
1306.86
1145.1
978.782
809.62
1306.95
1145.36
978.641
809.132
1307.17
1145.87
978.973
809.007
1307.45
1146.42
979.424
809.024
1307.73
1146.99
979.922
809.092
1308.03
1147.57
980.423
809.168
1308.34
1148.1
980.876
809.227
1308.66
1148.54
981.223
809.255
1308.98
1148.81
981.413
809.26
1308.98
1148.81
981.413
809.26
1308.66
1148.54
981.222
809.254
1308.34
1148.1
980.874
809.225
1308.02
1147.56
980.421
809.166
1307.73
1146.99
979.92
809.09
1307.45
1146.41
979.422
809.021
1307.17
1145.87
978.971
809.004
1306.95
1145.36
978.638
809.129
1306.86
1145.09
978.778
809.617
1304.21
1145.41
980.576
813.209
1141.6
1048.46
944.571
847.098
1144.76
1048.39
943.128
844.087
1144.82
1048.57
943.059
844.244
1144.97
1048.85
943.321
844.656
1145.14
1049.14
943.682
845.229
1145.3
1049.44
944.081
845.881
1145.48
1049.74
944.48
846.532
1145.68
1050.03
944.84
847.107
1145.92
1050.28
945.119
847.531
1146.2
1050.45
945.273
847.754
1146.2
1050.45
945.273
847.754
1145.91
1050.28
945.118
847.53
1145.68
1050.02
944.839
847.106
1145.48
1049.73
944.478
846.531
1145.3
1049.43
944.079
845.879
1145.13
1049.14
943.68
845.227
1144.96
1048.85
943.318
844.654
1144.82
1048.56
943.056
844.242
1144.76
1048.38
943.125
844.084
1141.6
1048.45
944.568
847.095
1034.6
962.175
897.093
859.922
1037.34
962.172
896.196
857.951
1037.38
962.341
896.2
858.297
1037.45
962.527
896.421
858.763
1037.55
962.714
896.727
859.329
1037.66
962.913
897.064
859.947
1037.77
963.118
897.399
860.553
1037.91
963.322
897.699
861.079
1038.1
963.507
897.93
861.463
1038.36
963.638
898.057
861.662
1038.36
963.638
898.057
861.662
1038.1
963.506
897.929
861.462
1037.91
963.32
897.698
861.078
1037.77
963.116
897.397
860.552
1037.65
962.91
897.062
859.946
1037.55
962.711
896.725
859.327
1037.45
962.524
896.419
858.761
1037.37
962.338
896.197
858.295
1037.34
962.168
896.193
857.948
1034.6
962.172
897.089
859.92
934.697
876.624
826.123
795.173
937.173
876.732
825.398
793.222
937.241
876.91
825.382
793.388
937.299
877.058
825.51
793.595
937.376
877.202
825.698
793.831
937.46
877.356
825.903
794.08
937.561
877.517
826.104
794.311
937.686
877.675
826.28
794.495
937.848
877.815
826.41
794.613
938.063
877.913
826.478
794.666
938.063
877.913
826.478
794.666
937.847
877.814
826.409
794.613
937.684
877.674
826.279
794.494
937.558
877.515
826.103
794.31
937.457
877.354
825.901
794.079
937.372
877.199
825.696
793.83
937.295
877.055
825.508
793.593
937.237
876.906
825.379
793.386
937.169
876.728
825.395
793.22
934.693
876.62
826.12
795.171
843.711
783.357
727.373
675.836
845.71
783.375
726.514
673.513
845.842
783.503
726.387
673.395
845.938
783.592
726.364
673.31
846.056
783.66
726.368
673.21
846.183
783.727
726.371
673.094
846.32
783.794
726.366
672.96
846.467
783.857
726.352
672.815
846.623
783.91
726.331
672.681
846.793
783.949
726.314
672.594
846.793
783.949
726.314
672.594
846.621
783.909
726.33
672.68
846.465
783.855
726.351
672.814
846.317
783.792
726.365
672.959
846.179
783.725
726.369
673.093
846.052
783.657
726.366
673.209
845.934
783.589
726.362
673.309
845.837
783.5
726.385
673.393
845.705
783.371
726.511
673.511
843.706
783.353
727.37
675.833
778.275
696.089
623.226
551.068
779.336
695.722
622.132
548.571
779.495
695.765
621.895
548.251
779.624
695.796
621.756
548
779.787
695.801
621.627
547.723
779.96
695.798
621.486
547.423
780.136
695.79
621.338
547.11
780.303
695.778
621.194
546.808
780.454
695.764
621.071
546.555
780.584
695.757
620.996
546.405
780.583
695.757
620.996
546.405
780.452
695.763
621.07
546.555
780.301
695.776
621.192
546.807
780.133
695.787
621.336
547.109
779.956
695.795
621.484
547.422
779.782
695.797
621.625
547.722
779.618
695.792
621.754
547.999
779.489
695.761
621.892
548.249
779.33
695.718
622.129
548.569
778.268
696.085
623.223
551.066
730.908
631.205
544.375
460.346
731.105
630.437
543.095
457.927
731.244
630.419
542.824
457.547
731.353
630.429
542.668
457.286
731.502
630.423
542.528
457.014
731.662
630.415
542.382
456.728
731.821
630.402
542.233
456.438
731.968
630.386
542.092
456.165
732.091
630.369
541.975
455.94
732.186
630.357
541.905
455.808
732.185
630.356
541.905
455.808
732.089
630.367
541.974
455.94
731.964
630.384
542.091
456.164
731.817
630.399
542.231
456.438
731.657
630.411
542.38
456.727
731.496
630.42
542.525
457.013
731.346
630.424
542.665
457.284
731.237
630.414
542.821
457.546
731.098
630.432
543.092
457.925
730.9
631.2
544.371
460.344
683.669
587.337
501.082
417.826
683.497
586.433
499.801
415.676
683.606
586.398
499.572
415.36
683.662
586.412
499.469
415.19
683.751
586.421
499.394
415.034
683.848
586.432
499.324
414.881
683.945
586.443
499.257
414.731
684.036
586.453
499.194
414.591
684.115
586.458
499.141
414.475
684.178
586.46
499.109
414.406
684.178
586.459
499.108
414.406
684.113
586.457
499.141
414.475
684.032
586.451
499.193
414.59
683.94
586.44
499.255
414.73
683.841
586.428
499.321
414.88
683.744
586.416
499.391
415.033
683.654
586.407
499.466
415.189
683.597
586.393
499.569
415.359
683.487
586.427
499.797
415.675
683.659
587.331
501.079
417.825
631.219
553.384
481.054
411.59
631.073
552.603
479.974
409.897
631.17
552.582
479.817
409.693
631.181
552.601
479.772
409.634
631.211
552.615
479.759
409.601
631.242
552.634
479.756
409.582
631.275
552.654
479.758
409.57
631.31
552.675
479.76
409.557
631.348
552.691
479.76
409.542
631.386
552.7
479.757
409.531
631.385
552.699
479.757
409.531
631.345
552.69
479.759
409.542
631.305
552.672
479.759
409.556
631.269
552.651
479.756
409.569
631.234
552.629
479.754
409.582
631.202
552.61
479.756
409.6
631.171
552.595
479.769
409.634
631.16
552.575
479.813
409.692
631.062
552.596
479.97
409.895
631.207
553.377
481.05
411.589
579.605
522.964
469.038
418.776
579.615
522.405
468.25
417.585
579.717
522.405
468.156
417.474
579.707
522.427
468.148
417.489
579.704
522.441
468.167
417.527
579.698
522.455
468.196
417.581
579.693
522.472
468.227
417.638
579.694
522.489
468.256
417.689
579.707
522.503
468.276
417.724
579.728
522.51
468.285
417.741
579.727
522.51
468.285
417.741
579.703
522.501
468.275
417.724
579.689
522.486
468.254
417.689
579.686
522.468
468.225
417.638
579.689
522.45
468.193
417.58
579.694
522.435
468.164
417.526
579.696
522.421
468.145
417.488
579.704
522.398
468.152
417.474
579.602
522.397
468.247
417.584
579.591
522.956
469.033
418.775
535.417
495.243
456.904
422.682
535.54
494.877
456.373
421.878
535.652
494.894
456.317
421.815
535.642
494.919
456.325
421.856
535.632
494.931
456.353
421.912
535.616
494.942
456.387
421.978
535.6
494.952
456.421
422.045
535.591
494.962
456.45
422.103
535.593
494.97
456.471
422.144
535.605
494.974
456.48
422.164
535.604
494.973
456.479
422.164
535.589
494.968
456.47
422.144
535.585
494.959
456.449
422.103
535.592
494.948
456.418
422.045
535.606
494.936
456.384
421.978
535.62
494.925
456.35
421.911
535.629
494.912
456.321
421.855
535.638
494.886
456.313
421.814
535.525
494.868
456.368
421.878
535.402
495.234
456.9
422.681
500.354
470.233
441.951
417.324
500.497
469.983
441.58
416.745
500.615
470.008
441.541
416.692
500.611
470.033
441.55
416.73
500.607
470.044
441.574
416.774
500.596
470.051
441.6
416.823
500.584
470.057
441.624
416.87
500.575
470.062
441.643
416.908
500.575
470.065
441.655
416.933
500.584
470.064
441.659
416.944
500.582
470.064
441.659
416.944
500.571
470.062
441.654
416.933
500.569
470.059
441.642
416.908
500.575
470.053
441.622
416.869
500.585
470.045
441.597
416.823
500.594
470.037
441.571
416.774
500.597
470.025
441.546
416.73
500.6
469.999
441.537
416.692
500.481
469.974
441.576
416.744
500.338
470.224
441.947
417.324
472.03
447.024
424.051
403.841
472.125
446.82
423.756
403.37
472.241
446.842
423.72
403.312
472.243
446.864
423.723
403.337
472.244
446.873
423.738
403.362
472.24
446.878
423.753
403.388
472.233
446.88
423.765
403.41
472.228
446.881
423.773
403.426
472.229
446.878
423.776
403.434
472.234
446.875
423.775
403.436
472.232
446.874
423.774
403.436
472.224
446.876
423.775
403.434
472.222
446.877
423.771
403.426
472.224
446.875
423.763
403.41
472.228
446.872
423.75
403.388
472.231
446.865
423.735
403.362
472.228
446.855
423.719
403.336
472.226
446.833
423.716
403.312
472.109
446.81
423.752
403.37
472.013
447.014
424.047
403.841
446.781
424.353
404.055
385.745
446.805
424.156
403.792
385.331
446.914
424.172
403.754
385.266
446.916
424.189
403.751
385.279
446.919
424.195
403.759
385.291
446.917
424.197
403.765
385.302
446.913
424.196
403.769
385.309
446.909
424.193
403.769
385.311
446.908
424.188
403.765
385.309
446.91
424.183
403.761
385.306
446.909
424.182
403.761
385.306
446.904
424.186
403.764
385.309
446.902
424.19
403.767
385.311
446.904
424.191
403.767
385.309
446.906
424.191
403.763
385.302
446.906
424.187
403.756
385.291
446.901
424.18
403.748
385.279
446.899
424.163
403.75
385.266
446.789
424.147
403.788
385.331
446.764
424.343
404.051
385.745
421.723
401.239
382.802
365.878
421.688
401.044
382.56
365.514
421.787
401.053
382.522
365.447
421.785
401.065
382.515
365.454
421.786
401.068
382.518
365.46
421.783
401.068
382.521
365.465
421.777
401.065
382.521
365.467
421.772
401.06
382.517
365.465
421.768
401.053
382.512
365.46
421.767
401.047
382.506
365.455
421.766
401.046
382.506
365.456
421.764
401.051
382.511
365.46
421.765
401.056
382.516
365.465
421.769
401.06
382.519
365.467
421.772
401.062
382.519
365.465
421.774
401.061
382.516
365.46
421.772
401.057
382.512
365.454
421.772
401.045
382.518
365.447
421.673
401.036
382.556
365.514
421.707
401.23
382.798
365.878
395.479
377.18
360.701
345.503
395.411
376.995
360.485
345.195
395.5
377
360.45
345.131
395.494
377.008
360.442
345.137
395.491
377.008
360.444
345.142
395.484
377.006
360.445
345.147
395.476
377.001
360.443
345.148
395.467
376.995
360.439
345.147
395.461
376.987
360.433
345.142
395.457
376.981
360.428
345.139
395.456
376.98
360.428
345.139
395.457
376.985
360.432
345.142
395.461
376.992
360.438
345.147
395.468
376.997
360.441
345.149
395.474
377.001
360.442
345.147
395.48
377.002
360.441
345.143
395.482
377.001
360.439
345.138
395.487
376.992
360.447
345.131
395.397
376.987
360.482
345.195
395.465
377.172
360.698
345.504
367.941
352.115
337.839
324.735
367.861
351.95
337.656
324.486
367.942
351.953
337.625
324.428
367.933
351.958
337.618
324.435
367.926
351.957
337.619
324.441
367.916
351.953
337.619
324.446
367.905
351.947
337.618
324.449
367.893
351.94
337.614
324.448
367.885
351.931
337.608
324.446
367.879
351.924
337.603
324.443
367.878
351.924
337.603
324.443
367.882
351.93
337.608
324.446
367.888
351.937
337.613
324.449
367.898
351.943
337.616
324.449
367.908
351.948
337.618
324.447
367.917
351.951
337.617
324.442
367.923
351.952
337.615
324.436
367.93
351.946
337.622
324.429
367.849
351.943
337.653
324.487
367.928
352.108
337.836
324.736
339.647
326.295
314.257
303.316
339.569
326.155
314.108
303.123
339.642
326.157
314.082
303.072
339.632
326.161
314.076
303.079
339.623
326.158
314.076
303.085
339.611
326.153
314.077
303.091
339.598
326.147
314.074
303.093
339.585
326.138
314.07
303.093
339.575
326.13
314.065
303.091
339.568
326.123
314.06
303.088
339.567
326.122
314.06
303.088
339.573
326.128
314.064
303.091
339.581
326.136
314.069
303.093
339.593
326.144
314.073
303.094
339.605
326.15
314.075
303.091
339.616
326.154
314.075
303.086
339.624
326.156
314.074
303.08
339.633
326.152
314.08
303.072
339.559
326.149
314.106
303.123
339.637
326.29
314.255
303.317
311.259
300.118
290.116
281.131
311.187
300.001
289.998
280.984
311.254
300.004
289.976
280.939
311.243
300.007
289.97
280.947
311.234
300.004
289.971
280.952
311.221
299.998
289.97
280.956
311.207
299.99
289.967
280.958
311.194
299.982
289.963
280.957
311.183
299.973
289.957
280.954
311.176
299.966
289.952
280.952
311.175
299.965
289.952
280.952
311.181
299.972
289.956
280.954
311.191
299.98
289.962
280.957
311.203
299.988
289.967
280.958
311.216
299.995
289.969
280.957
311.228
300.001
289.97
280.952
311.238
300.004
289.969
280.947
311.247
300
289.975
280.939
311.18
299.997
289.997
280.985
311.252
300.114
290.114
281.131
283.306
274.003
265.715
258.354
283.24
273.906
265.622
258.244
283.302
273.908
265.604
258.203
283.292
273.911
265.598
258.21
283.282
273.907
265.598
258.214
283.27
273.901
265.597
258.217
283.256
273.893
265.593
258.217
283.243
273.884
265.588
258.215
283.232
273.875
265.581
258.211
283.225
273.868
265.577
258.208
283.225
273.868
265.577
258.208
283.231
273.875
265.581
258.211
283.241
273.883
265.587
258.215
283.254
273.892
265.593
258.217
283.267
273.9
265.596
258.217
283.279
273.906
265.598
258.215
283.289
273.909
265.598
258.21
283.298
273.906
265.603
258.203
283.237
273.904
265.621
258.244
283.303
274
265.714
258.354
256.154
248.33
241.432
235.37
256.092
248.249
241.359
235.286
256.148
248.251
241.343
235.25
256.139
248.253
241.338
235.256
256.129
248.249
241.337
235.259
256.118
248.243
241.335
235.26
256.105
248.235
241.33
235.259
256.092
248.226
241.324
235.255
256.082
248.217
241.318
235.251
256.075
248.211
241.313
235.248
256.075
248.211
241.313
235.248
256.082
248.217
241.318
235.251
256.092
248.226
241.324
235.255
256.105
248.235
241.33
235.259
256.118
248.243
241.335
235.26
256.129
248.249
241.337
235.259
256.138
248.253
241.337
235.256
256.148
248.251
241.342
235.25
256.092
248.248
241.358
235.286
256.153
248.329
241.431
235.369
230.055
223.428
217.654
212.631
229.998
223.36
217.596
212.568
230.047
223.363
217.582
212.535
230.039
223.364
217.577
212.54
230.03
223.36
217.576
212.542
230.02
223.354
217.573
212.542
230.008
223.347
217.568
212.54
229.996
223.338
217.562
212.535
229.986
223.329
217.556
212.53
229.979
223.323
217.551
212.527
229.979
223.323
217.551
212.527
229.987
223.329
217.556
212.53
229.997
223.338
217.562
212.535
230.009
223.347
217.568
212.539
230.022
223.355
217.573
212.541
230.033
223.361
217.576
212.541
230.042
223.365
217.577
212.539
230.05
223.364
217.582
212.534
230.001
223.362
217.595
212.567
230.058
223.43
217.653
212.63
205.212
199.579
194.728
190.555
205.16
199.521
194.681
190.508
205.204
199.523
194.669
190.479
205.196
199.524
194.665
190.483
205.188
199.521
194.664
190.484
205.178
199.515
194.661
190.483
205.167
199.507
194.656
190.48
205.156
199.499
194.649
190.475
205.147
199.491
194.643
190.47
205.141
199.485
194.639
190.467
205.141
199.485
194.639
190.467
205.148
199.491
194.643
190.47
205.159
199.5
194.649
190.475
205.17
199.509
194.656
190.479
205.182
199.517
194.661
190.482
205.193
199.523
194.664
190.483
205.201
199.527
194.665
190.482
205.209
199.526
194.669
190.477
205.166
199.524
194.682
190.506
205.218
199.582
194.728
190.554
181.803
177.013
172.937
169.477
181.755
176.964
172.9
169.442
181.794
176.966
172.89
169.416
181.787
176.966
172.886
169.42
181.779
176.963
172.884
169.42
181.77
176.957
172.881
169.419
181.76
176.95
172.876
169.415
181.75
176.942
172.87
169.411
181.741
176.935
172.864
169.406
181.736
176.929
172.86
169.402
181.736
176.93
172.86
169.402
181.743
176.936
172.864
169.405
181.753
176.944
172.87
169.41
181.765
176.952
172.876
169.414
181.776
176.96
172.881
169.417
181.786
176.966
172.885
169.419
181.794
176.97
172.886
169.418
181.801
176.969
172.89
169.414
181.763
176.968
172.901
169.439
181.811
177.017
172.938
169.475
159.976
155.911
152.495
149.639
159.932
155.87
152.466
149.613
159.966
155.871
152.457
149.591
159.96
155.871
152.454
149.594
159.953
155.868
152.452
149.594
159.945
155.863
152.449
149.592
159.936
155.856
152.444
149.589
159.926
155.849
152.438
149.584
159.919
155.842
152.433
149.579
159.913
155.837
152.429
149.576
159.914
155.838
152.429
149.576
159.921
155.843
152.433
149.579
159.93
155.851
152.438
149.583
159.941
155.859
152.444
149.587
159.951
155.866
152.449
149.591
159.961
155.872
152.452
149.592
159.968
155.875
152.454
149.591
159.975
155.875
152.457
149.588
159.942
155.874
152.466
149.61
159.986
155.915
152.496
149.636
139.841
136.401
133.549
131.204
139.802
136.367
133.526
131.185
139.832
136.368
133.518
131.166
139.826
136.368
133.515
131.168
139.82
136.365
133.513
131.168
139.812
136.36
133.51
131.167
139.804
136.354
133.506
131.163
139.796
136.347
133.501
131.159
139.788
136.341
133.495
131.154
139.784
136.337
133.492
131.151
139.785
136.337
133.492
131.151
139.791
136.342
133.496
131.154
139.8
136.349
133.501
131.158
139.81
136.357
133.506
131.162
139.819
136.364
133.511
131.165
139.828
136.369
133.514
131.166
139.835
136.372
133.516
131.166
139.842
136.372
133.519
131.163
139.813
136.371
133.526
131.182
139.852
136.406
133.549
131.201
121.462
118.559
116.185
114.269
121.427
118.53
116.167
114.257
121.453
118.531
116.161
114.24
121.448
118.531
116.158
114.242
121.443
118.529
116.156
114.242
121.436
118.524
116.153
114.24
121.428
118.519
116.149
114.237
121.421
118.513
116.144
114.233
121.414
118.507
116.14
114.228
121.41
118.503
116.137
114.226
121.411
118.503
116.137
114.226
121.417
118.508
116.14
114.228
121.425
118.515
116.145
114.231
121.434
118.521
116.15
114.235
121.443
118.528
116.154
114.238
121.451
118.532
116.157
114.239
121.457
118.536
116.158
114.239
121.463
118.536
116.161
114.237
121.438
118.535
116.168
114.254
121.473
118.564
116.186
114.266
104.853
102.41
100.439
98.8796
104.824
102.385
100.425
98.8714
104.846
102.386
100.419
98.857
104.841
102.386
100.417
98.8589
104.836
102.384
100.415
98.8585
104.83
102.38
100.413
98.8568
104.824
102.375
100.409
98.8537
104.817
102.369
100.405
98.8499
104.811
102.364
100.4
98.8463
104.807
102.361
100.398
98.8438
104.808
102.361
100.398
98.8436
104.814
102.365
100.4
98.8456
104.821
102.371
100.405
98.8489
104.829
102.377
100.409
98.8523
104.837
102.383
100.413
98.855
104.844
102.387
100.416
98.8564
104.85
102.39
100.417
98.8565
104.855
102.391
100.42
98.8544
104.834
102.39
100.425
98.8687
104.864
102.414
100.439
98.8769
89.9874
87.933
86.3003
85.0352
89.9614
87.9129
86.2895
85.0301
89.9804
87.9137
86.2849
85.0178
89.9764
87.9137
86.2829
85.0194
89.9722
87.9114
86.2815
85.019
89.967
87.9079
86.279
85.0174
89.9612
87.9035
86.2756
85.0146
89.9552
87.8986
86.2716
85.0112
89.9501
87.894
86.2678
85.0079
89.9466
87.8909
86.2654
85.0057
89.9473
87.8912
86.2654
85.0056
89.9522
87.8949
86.268
85.0073
89.9586
87.9001
86.2718
85.0103
89.9658
87.9056
86.2759
85.0134
89.9728
87.9105
86.2793
85.0159
89.979
87.9144
86.2818
85.0172
89.9839
87.9171
86.2832
85.0174
89.9885
87.9173
86.2852
85.0156
89.97
87.9166
86.2898
85.0278
89.9963
87.9368
86.3006
85.0328
76.7984
75.0739
73.7232
72.6989
76.7759
75.0572
73.715
72.6961
76.7921
75.058
73.7111
72.6857
76.7887
75.0579
73.7093
72.687
76.785
75.0559
73.7081
72.6866
76.7805
75.0528
73.7059
72.6851
76.7753
75.0489
73.7029
72.6826
76.7701
75.0445
73.6993
72.6795
76.7655
75.0404
73.696
72.6767
76.7623
75.0377
73.6938
72.6748
76.7629
75.038
73.6938
72.6747
76.7671
75.0412
73.6961
72.6763
76.7728
75.0457
73.6995
72.6789
76.779
75.0505
73.703
72.6817
76.785
75.0548
73.7061
72.6839
76.7903
75.0582
73.7083
72.6852
76.7946
75.0605
73.7095
72.6855
76.7985
75.0607
73.7113
72.684
76.7827
75.0601
73.7151
72.6943
76.8053
75.0769
73.7234
72.6971
65.1942
63.7487
62.6327
61.8047
65.1749
63.7349
62.6263
61.8034
65.1886
63.7355
62.6231
61.7946
65.1857
63.7355
62.6216
61.7957
65.1825
63.7337
62.6205
61.7953
65.1786
63.731
62.6186
61.7939
65.1741
63.7275
62.6159
61.7917
65.1694
63.7237
62.6128
61.7891
65.1654
63.7201
62.6099
61.7866
65.1625
63.7177
62.608
61.785
65.1629
63.7179
62.608
61.7849
65.1665
63.7207
62.6099
61.7863
65.1713
63.7246
62.6129
61.7887
65.1766
63.7287
62.616
61.7911
65.1817
63.7323
62.6187
61.7932
65.1862
63.7353
62.6206
61.7944
65.1898
63.7372
62.6217
61.7947
65.1931
63.7374
62.6232
61.7934
65.1796
63.7368
62.6264
61.8021
65.199
63.7507
62.6327
61.8034
55.0638
53.854
52.9327
52.2641
55.0474
53.8425
52.9278
52.2639
55.0589
53.8431
52.9252
52.2565
55.0564
53.843
52.9239
52.2575
55.0537
53.8415
52.9229
52.2571
55.0502
53.8391
52.9213
52.2559
55.0463
53.8361
52.9189
52.254
55.0423
53.8328
52.9162
52.2517
55.0386
53.8297
52.9137
52.2495
55.0361
53.8275
52.9121
52.2482
55.0363
53.8276
52.9121
52.2482
55.0393
53.8299
52.9138
52.2495
55.0433
53.8332
52.9163
52.2515
55.0477
53.8367
52.919
52.2537
55.052
53.8398
52.9214
52.2556
55.0557
53.8423
52.923
52.2567
55.0587
53.8439
52.924
52.257
55.0614
53.844
52.9252
52.256
55.0499
53.8435
52.9278
52.2633
55.0664
53.855
52.9327
52.2636
46.2846
45.2736
44.5138
43.9743
46.2707
45.2641
44.51
43.9747
46.2804
45.2646
44.5078
43.9686
46.2782
45.2645
44.5068
43.9694
46.2759
45.2632
44.5059
43.9691
46.2729
45.2612
44.5045
43.968
46.2695
45.2586
44.5025
43.9664
46.266
45.2557
44.5001
43.9644
46.2627
45.2529
44.498
43.9626
46.2604
45.2511
44.4966
43.9615
46.2605
45.2511
44.4966
43.9615
46.2629
45.253
44.498
43.9627
46.2662
45.2558
44.5002
43.9646
46.2698
45.2587
44.5025
43.9665
46.2733
45.2613
44.5046
43.9682
46.2764
45.2633
44.506
43.9693
46.2788
45.2647
44.5068
43.9696
46.281
45.2647
44.5079
43.9688
46.2713
45.2642
44.51
43.9749
46.2852
45.2737
44.5137
43.9745
38.7286
37.885
37.2588
36.8237
38.7168
37.8772
37.2559
36.8245
38.7249
37.8776
37.2541
36.8194
38.7231
37.8775
37.2532
36.8201
38.7211
37.8764
37.2525
36.8198
38.7185
37.8746
37.2513
36.8189
38.7156
37.8724
37.2496
36.8175
38.7125
37.8699
37.2476
36.8159
38.7096
37.8675
37.2457
36.8144
38.7076
37.8659
37.2446
36.8135
38.7075
37.8659
37.2446
36.8136
38.7094
37.8674
37.2458
36.8146
38.7121
37.8697
37.2477
36.8163
38.715
37.8722
37.2497
36.818
38.7178
37.8743
37.2514
36.8195
38.7203
37.876
37.2526
36.8205
38.7222
37.8771
37.2533
36.8209
38.724
37.8771
37.2542
36.8202
38.7158
37.8766
37.256
36.8253
38.7275
37.8844
37.2589
36.8245
32.2672
31.5644
31.0486
30.6976
32.2572
31.5579
31.0464
30.6986
32.264
31.5583
31.0449
30.6944
32.2624
31.5582
31.0442
30.695
32.2607
31.5572
31.0436
30.6947
32.2585
31.5557
31.0425
30.694
32.256
31.5538
31.0411
30.6928
32.2533
31.5517
31.0394
30.6915
32.2508
31.5496
31.0379
30.6902
32.2489
31.5482
31.0369
30.6895
32.2487
31.5481
31.0369
30.6897
32.2502
31.5494
31.0379
30.6906
32.2524
31.5513
31.0396
30.6921
32.2548
31.5533
31.0413
30.6937
32.257
31.5551
31.0428
30.695
32.259
31.5565
31.0438
30.6959
32.2605
31.5574
31.0444
30.6963
32.2619
31.5573
31.0451
30.6957
32.2551
31.5569
31.0466
30.7
32.2649
31.5634
31.0488
30.6991
26.775
26.1905
25.7659
25.4826
26.7667
26.1851
25.7641
25.4836
26.7723
26.1854
25.7629
25.4801
26.771
26.1854
25.7624
25.4806
26.7695
26.1845
25.7619
25.4805
26.7677
26.1833
25.761
25.4799
26.7655
26.1816
25.7598
25.4789
26.7631
26.1798
25.7584
25.4778
26.761
26.1781
25.7571
25.4768
26.7593
26.1768
25.7562
25.4763
26.7591
26.1767
25.7563
25.4764
26.7602
26.1778
25.7572
25.4773
26.762
26.1794
25.7586
25.4786
26.7639
26.1811
25.7601
25.48
26.7658
26.1826
25.7613
25.4812
26.7673
26.1837
25.7622
25.482
26.7685
26.1844
25.7628
25.4824
26.7696
26.1843
25.7634
25.482
26.7639
26.1839
25.7646
25.4855
26.7721
26.1893
25.7663
25.4845
22.133
21.6476
21.2983
21.0695
22.1261
21.6431
21.2969
21.0704
22.1307
21.6434
21.296
21.0676
22.1296
21.6434
21.2955
21.0681
22.1284
21.6427
21.2951
21.068
22.1268
21.6416
21.2944
21.0675
22.125
21.6403
21.2934
21.0667
22.123
21.6387
21.2922
21.0658
22.1211
21.6372
21.2911
21.065
22.1196
21.6362
21.2905
21.0646
22.1194
21.6361
21.2905
21.0648
22.1204
21.637
21.2913
21.0656
22.1218
21.6383
21.2925
21.0667
22.1234
21.6398
21.2938
21.068
22.1249
21.641
21.2949
21.069
22.1262
21.642
21.2957
21.0697
22.1271
21.6425
21.2961
21.0701
22.128
21.6425
21.2966
21.0697
22.1233
21.6421
21.2976
21.0727
22.1301
21.6465
21.2989
21.0717
18.2303
17.8278
17.5407
17.3558
18.2245
17.8241
17.5397
17.3567
18.2283
17.8244
17.5389
17.3544
18.2274
17.8244
17.5385
17.3548
18.2264
17.8238
17.5382
17.3547
18.2251
17.8229
17.5376
17.3543
18.2236
17.8218
17.5368
17.3537
18.2219
17.8205
17.5358
17.353
18.2203
17.8193
17.535
17.3524
18.2191
17.8184
17.5344
17.3521
18.2189
17.8184
17.5345
17.3523
18.2197
17.8192
17.5352
17.353
18.221
17.8203
17.5363
17.354
18.2223
17.8215
17.5373
17.355
18.2236
17.8226
17.5383
17.356
18.2246
17.8234
17.539
17.3566
18.2254
17.8239
17.5393
17.3569
18.2262
17.8238
17.5398
17.3566
18.2223
17.8235
17.5406
17.359
18.2279
17.8271
17.5416
17.3581
14.9653
14.6322
14.3966
14.247
14.9606
14.6292
14.3957
14.2478
14.9637
14.6295
14.3951
14.246
14.963
14.6295
14.3948
14.2463
14.9622
14.629
14.3946
14.2463
14.9611
14.6283
14.3941
14.246
14.9599
14.6274
14.3934
14.2455
14.9585
14.6263
14.3927
14.2449
14.9572
14.6253
14.392
14.2445
14.9562
14.6246
14.3915
14.2442
14.9561
14.6247
14.3917
14.2444
14.9569
14.6253
14.3923
14.245
14.958
14.6264
14.3932
14.2459
14.9592
14.6274
14.3941
14.2468
14.9603
14.6284
14.3949
14.2476
14.9612
14.6291
14.3955
14.2481
14.9619
14.6295
14.3958
14.2483
14.9625
14.6295
14.3962
14.2481
14.9593
14.6292
14.3968
14.2501
14.964
14.6322
14.3977
14.2493
12.2467
11.9716
11.7783
11.6573
12.2428
11.9692
11.7776
11.6581
12.2454
11.9694
11.7772
11.6566
12.2449
11.9694
11.7769
11.6569
12.2443
11.9691
11.7768
11.6569
12.2434
11.9685
11.7764
11.6566
12.2424
11.9677
11.7759
11.6563
12.2413
11.9669
11.7752
11.6558
12.2403
11.9661
11.7747
11.6554
12.2396
11.9656
11.7744
11.6553
12.2396
11.9656
11.7745
11.6554
12.2403
11.9663
11.775
11.6559
12.2413
11.9672
11.7758
11.6567
12.2424
11.9681
11.7766
11.6574
12.2435
11.969
11.7773
11.658
12.2443
11.9696
11.7779
11.6585
12.245
11.97
11.7781
11.6587
12.2455
11.97
11.7784
11.6585
12.2429
11.9698
11.779
11.6601
12.2468
11.9723
11.7797
11.6594
9.99314
9.7663
9.60786
9.50993
9.98995
9.76429
9.60731
9.51055
9.99211
9.76448
9.60694
9.50934
9.99172
9.76454
9.60679
9.50962
9.99127
9.7643
9.60666
9.50961
9.99065
9.76387
9.60638
9.50943
9.98988
9.76328
9.60595
9.50913
9.98904
9.76261
9.60547
9.50877
9.98827
9.76199
9.60503
9.50846
9.98777
9.76162
9.60479
9.50833
9.98789
9.76174
9.60493
9.50848
9.98863
9.76235
9.60542
9.50889
9.98963
9.76319
9.60609
9.50947
9.99069
9.76405
9.6068
9.51008
9.99166
9.76481
9.6074
9.51059
9.99247
9.76539
9.60784
9.51095
9.99307
9.76575
9.60809
9.5111
9.99358
9.76578
9.60833
9.51094
9.99149
9.76563
9.60876
9.51222
9.99472
9.76767
9.60932
9.51163
8.1328
7.946
7.81612
7.73668
8.13021
7.94436
7.81568
7.73719
8.13202
7.94455
7.81539
7.73622
8.13177
7.94464
7.81529
7.73646
8.13148
7.94448
7.81521
7.73646
8.13105
7.94417
7.81499
7.73632
8.1305
7.94372
7.81466
7.73607
8.1299
7.94322
7.81428
7.73577
8.12937
7.94276
7.81394
7.73552
8.12907
7.94251
7.81377
7.7354
8.1293
7.94268
7.8139
7.73551
8.13006
7.94326
7.81433
7.73584
8.13103
7.94403
7.81491
7.7363
8.13205
7.94481
7.81551
7.73677
8.13297
7.9455
7.81603
7.73717
8.13373
7.94602
7.81639
7.73744
8.1343
7.94635
7.8166
7.73754
8.13478
7.94639
7.81679
7.73739
8.1331
7.94628
7.81714
7.73841
8.13578
7.94797
7.81761
7.73792
6.60302
6.44927
6.34267
6.27798
6.60093
6.44794
6.34231
6.27839
6.60246
6.44812
6.3421
6.27761
6.60234
6.44824
6.34203
6.27781
6.60219
6.44816
6.34199
6.27781
6.60194
6.44795
6.34183
6.27769
6.60159
6.44764
6.34158
6.27748
6.6012
6.44728
6.34128
6.27723
6.60087
6.44695
6.34101
6.27701
6.60075
6.4468
6.34089
6.2769
6.60107
6.447
6.34101
6.27697
6.60183
6.44754
6.34138
6.27721
6.60276
6.44823
6.34187
6.27756
6.60372
6.44893
6.34237
6.27791
6.60458
6.44954
6.34279
6.27821
6.60529
6.45
6.34308
6.27839
6.60582
6.45029
6.34324
6.27844
6.60624
6.45033
6.34339
6.27829
6.60491
6.45024
6.34366
6.2791
6.60712
6.45164
6.34405
6.2787
5.34944
5.22285
5.13519
5.08222
5.34777
5.22177
5.1349
5.08254
5.34907
5.22196
5.13473
5.08191
5.34905
5.2221
5.1347
5.08207
5.34903
5.22208
5.13468
5.08207
5.34893
5.22196
5.13457
5.08196
5.34875
5.22176
5.13438
5.08178
5.34854
5.22151
5.13414
5.08155
5.34838
5.22129
5.13393
5.08135
5.34839
5.22122
5.13384
5.08123
5.34877
5.22143
5.13394
5.08125
5.34951
5.22192
5.13424
5.08142
5.35037
5.22252
5.13464
5.08166
5.35124
5.22312
5.13503
5.08192
5.35202
5.22363
5.13536
5.08212
5.35265
5.22402
5.13559
5.08223
5.35312
5.22425
5.1357
5.08224
5.35349
5.22428
5.13579
5.08208
5.35241
5.2242
5.136
5.08271
5.35424
5.22535
5.13633
5.08239
4.32534
4.22106
4.14885
4.10523
4.32401
4.22019
4.1486
4.10547
4.32512
4.22037
4.14848
4.10496
4.32519
4.22052
4.14846
4.10508
4.32527
4.22055
4.14846
4.10506
4.32528
4.2205
4.14837
4.10496
4.32524
4.22038
4.14822
4.10478
4.32516
4.22021
4.14802
4.10456
4.32513
4.22007
4.14785
4.10436
4.32523
4.22004
4.14776
4.10423
4.32562
4.22024
4.14783
4.10421
4.3263
4.22065
4.14806
4.10431
4.32707
4.22116
4.14837
4.10447
4.32783
4.22165
4.14867
4.10464
4.32849
4.22206
4.14892
4.10476
4.32903
4.22236
4.14907
4.10482
4.32941
4.22253
4.14913
4.10479
4.3297
4.22253
4.14918
4.10463
4.32883
4.22245
4.14932
4.10512
4.33032
4.2234
4.1496
4.10487
3.49105
3.40513
3.34559
3.30954
3.48999
3.40442
3.34537
3.30971
3.49094
3.40459
3.34527
3.30928
3.49105
3.40474
3.34526
3.30936
3.49119
3.40479
3.34525
3.30932
3.49128
3.40478
3.34518
3.3092
3.49131
3.40469
3.34504
3.30902
3.49131
3.40457
3.34486
3.30881
3.49134
3.40446
3.3447
3.3086
3.49148
3.40444
3.3446
3.30845
3.49184
3.4046
3.34464
3.3084
3.49242
3.40493
3.3448
3.30843
3.49306
3.40532
3.34502
3.30853
3.49369
3.40571
3.34523
3.30863
3.49422
3.40602
3.3454
3.3087
3.49464
3.40623
3.34549
3.30871
3.49493
3.40634
3.34551
3.30866
3.49514
3.40631
3.34552
3.30851
3.49441
3.40622
3.34562
3.30888
3.49563
3.407
3.34585
3.30869
2.81322
2.74247
2.69337
2.66352
2.81237
2.74188
2.69318
2.66364
2.81316
2.74202
2.69309
2.66328
2.81329
2.74215
2.69306
2.66331
2.81343
2.74219
2.69303
2.66324
2.81354
2.74217
2.69294
2.66311
2.81358
2.74208
2.6928
2.66291
2.81359
2.74196
2.69262
2.66269
2.81361
2.74184
2.69244
2.66248
2.81371
2.74179
2.69232
2.66231
2.81399
2.74189
2.69231
2.66222
2.81444
2.74212
2.6924
2.66222
2.81494
2.7424
2.69254
2.66226
2.81541
2.74268
2.69268
2.66232
2.81581
2.74289
2.69278
2.66235
2.8161
2.74302
2.69283
2.66234
2.81629
2.74307
2.69281
2.66229
2.81642
2.74301
2.6928
2.66215
2.8158
2.74291
2.69285
2.66244
2.81678
2.74354
2.69305
2.6623
2.26405
2.20582
2.16532
2.14058
2.26336
2.20533
2.16514
2.14064
2.26399
2.20543
2.16505
2.14033
2.26408
2.20551
2.165
2.14033
2.26419
2.20551
2.16494
2.14023
2.26424
2.20544
2.16482
2.14008
2.26423
2.20532
2.16464
2.13987
2.26418
2.20515
2.16443
2.13964
2.26413
2.20498
2.16423
2.13942
2.26414
2.20487
2.16408
2.13924
2.26429
2.20488
2.16401
2.13913
2.26458
2.205
2.16403
2.1391
2.2649
2.20517
2.1641
2.13911
2.26521
2.20533
2.16418
2.13913
2.26546
2.20545
2.16423
2.13915
2.26562
2.20551
2.16424
2.13914
2.26571
2.20551
2.1642
2.13909
2.26576
2.20542
2.16417
2.13898
2.26522
2.20531
2.1642
2.1392
2.266
2.20582
2.16436
2.1391
1.82043
1.77247
1.73895
1.71834
1.81985
1.77204
1.73878
1.71837
1.82033
1.77209
1.73868
1.7181
1.82035
1.7721
1.7386
1.71807
1.82036
1.77203
1.73849
1.71795
1.82031
1.77189
1.73833
1.71778
1.82019
1.77169
1.73812
1.71757
1.82002
1.77145
1.73788
1.71734
1.81984
1.77121
1.73763
1.71712
1.8197
1.77101
1.73743
1.71694
1.81969
1.77091
1.73731
1.71682
1.81979
1.77091
1.73727
1.71676
1.81993
1.77096
1.73728
1.71675
1.82006
1.77102
1.7373
1.71677
1.82016
1.77105
1.7373
1.71678
1.8202
1.77104
1.73728
1.71677
1.82019
1.77098
1.73723
1.71673
1.82016
1.77087
1.73718
1.71664
1.81968
1.77076
1.73719
1.71682
1.82028
1.77115
1.73732
1.71675
1.46305
1.42339
1.39549
1.37816
1.46255
1.42301
1.39532
1.37815
1.46287
1.423
1.39521
1.37792
1.4628
1.42294
1.3951
1.37787
1.46269
1.4228
1.39496
1.37775
1.4625
1.42258
1.39476
1.37758
1.46223
1.42229
1.39451
1.37738
1.4619
1.42196
1.39423
1.37715
1.46156
1.42161
1.39394
1.37694
1.46125
1.42131
1.3937
1.37676
1.46104
1.4211
1.39352
1.37664
1.46093
1.42098
1.39342
1.37658
1.46088
1.42091
1.39337
1.37656
1.46084
1.42086
1.39333
1.37656
1.46078
1.4208
1.39329
1.37657
1.46069
1.42072
1.39324
1.37656
1.46059
1.42062
1.39317
1.37653
1.46049
1.42048
1.39311
1.37646
1.46005
1.42035
1.3931
1.37661
1.4605
1.42066
1.3932
1.37655
1.17568
1.14273
1.11938
1.10465
1.17523
1.14239
1.11921
1.10462
1.17541
1.14233
1.11908
1.10443
1.17524
1.1422
1.11895
1.10437
1.17501
1.14199
1.11878
1.10426
1.17468
1.14169
1.11856
1.1041
1.17426
1.14132
1.11828
1.10391
1.17376
1.1409
1.11796
1.10371
1.17324
1.14046
1.11765
1.10351
1.17275
1.14006
1.11736
1.10335
1.17235
1.13974
1.11714
1.10323
1.17204
1.1395
1.11698
1.10316
1.1718
1.13932
1.11687
1.10313
1.17158
1.13916
1.11678
1.10312
1.17137
1.13901
1.11669
1.10312
1.17116
1.13885
1.1166
1.1031
1.17095
1.13869
1.1165
1.10307
1.17079
1.13852
1.11642
1.10301
1.17037
1.13838
1.1164
1.10312
1.1707
1.1386
1.11647
1.10308
0.944755
0.91736
0.897818
0.885318
0.944351
0.917047
0.897658
0.885283
0.944414
0.916948
0.897534
0.885123
0.944162
0.916779
0.897394
0.885077
0.943823
0.916514
0.897212
0.884979
0.943374
0.91616
0.896968
0.884842
0.942818
0.915726
0.896671
0.884675
0.942181
0.915234
0.89634
0.884492
0.94151
0.914722
0.896
0.884313
0.940856
0.914233
0.895685
0.884158
0.940281
0.913814
0.895421
0.884044
0.939798
0.913472
0.895215
0.883973
0.939377
0.913184
0.89505
0.883933
0.938998
0.912927
0.894907
0.883908
0.938647
0.912687
0.894773
0.883884
0.938321
0.912456
0.894639
0.883851
0.938026
0.912239
0.894509
0.883806
0.937788
0.912033
0.894404
0.883739
0.937384
0.911868
0.894354
0.88382
0.937605
0.91202
0.894392
0.883777
0.759224
0.736612
0.720457
0.710063
0.758858
0.736333
0.720313
0.710029
0.758837
0.736214
0.720197
0.709902
0.758529
0.736019
0.720058
0.709867
0.758117
0.735724
0.719873
0.709786
0.757583
0.735338
0.719628
0.70967
0.756935
0.734867
0.719329
0.709524
0.756197
0.734333
0.718992
0.709361
0.755414
0.733771
0.718641
0.709199
0.754639
0.733225
0.718308
0.709055
0.753932
0.732736
0.718017
0.708943
0.753309
0.732314
0.717774
0.708865
0.75275
0.731943
0.717565
0.70881
0.752242
0.731604
0.717376
0.708764
0.751774
0.731287
0.717197
0.708716
0.751348
0.730991
0.717024
0.708661
0.750972
0.73072
0.716861
0.708597
0.750672
0.730478
0.716729
0.708519
0.750271
0.730291
0.716654
0.708565
0.750401
0.730377
0.71666
0.708517
0.610405
0.592021
0.578951
0.57062
0.61008
0.59178
0.57883
0.570596
0.610003
0.591653
0.578725
0.570499
0.609663
0.591447
0.578594
0.570474
0.609211
0.591143
0.578417
0.57041
0.608631
0.590747
0.578181
0.570312
0.607932
0.590264
0.577891
0.570187
0.607136
0.589716
0.577561
0.570045
0.606287
0.589133
0.577215
0.569899
0.605439
0.588559
0.57688
0.569767
0.604648
0.588031
0.576577
0.569661
0.603933
0.587561
0.576314
0.569579
0.60328
0.587135
0.576078
0.569514
0.602681
0.586741
0.575859
0.569452
0.60213
0.586371
0.57565
0.569387
0.601631
0.586028
0.575449
0.569314
0.601195
0.585719
0.575262
0.569235
0.600847
0.585451
0.575111
0.569149
0.60045
0.585246
0.575016
0.569167
0.600505
0.585275
0.574991
0.569108
0.491683
0.476961
0.466611
0.460178
0.491396
0.476756
0.466515
0.46017
0.49128
0.476628
0.466423
0.460098
0.490926
0.476421
0.466303
0.460084
0.490454
0.476119
0.466138
0.460037
0.489854
0.475727
0.465918
0.459961
0.489133
0.47525
0.465646
0.45986
0.488314
0.474708
0.465337
0.459744
0.487438
0.47413
0.465011
0.459625
0.486557
0.473555
0.46469
0.459516
0.485726
0.473019
0.464397
0.459427
0.484964
0.472533
0.464135
0.459358
0.484262
0.472086
0.463897
0.459298
0.483614
0.471668
0.463672
0.459239
0.483018
0.471277
0.463456
0.459175
0.482479
0.470915
0.463249
0.459103
0.482011
0.470591
0.463058
0.459026
0.481636
0.470315
0.462903
0.458944
0.48125
0.470106
0.4628
0.458947
0.481248
0.47009
0.46275
0.458877
0.397954
0.386229
0.378088
0.373192
0.397697
0.386054
0.378012
0.373198
0.397552
0.385925
0.37793
0.373148
0.397189
0.385718
0.377821
0.373146
0.396707
0.385421
0.37767
0.373119
0.396099
0.385039
0.37747
0.37307
0.395375
0.384578
0.377224
0.373002
0.394556
0.384056
0.376946
0.372923
0.393682
0.383502
0.376652
0.372843
0.392801
0.382949
0.376365
0.372774
0.391968
0.382433
0.376101
0.372721
0.391199
0.381961
0.375865
0.372685
0.390489
0.381525
0.375648
0.372654
0.389834
0.381119
0.375445
0.372622
0.389234
0.38074
0.375249
0.372583
0.388694
0.380392
0.375063
0.372536
0.388227
0.380083
0.374893
0.372483
0.387853
0.379821
0.374753
0.372423
0.38749
0.379624
0.374658
0.372428
0.387451
0.379582
0.374596
0.372354
0.325125
0.315666
0.309109
0.30525
0.324887
0.31551
0.309045
0.305266
0.324721
0.315378
0.30897
0.305232
0.324354
0.315172
0.308869
0.305241
0.323871
0.314881
0.308731
0.305233
0.323269
0.314514
0.308551
0.305211
0.32256
0.314077
0.308335
0.305179
0.321765
0.313587
0.308093
0.305141
0.320922
0.313072
0.307841
0.305108
0.320079
0.312564
0.307599
0.305086
0.319282
0.312091
0.307379
0.30508
0.31855
0.311661
0.307186
0.305088
0.317877
0.311268
0.307012
0.305099
0.317262
0.310905
0.30685
0.305108
0.316703
0.310572
0.306698
0.30511
0.316204
0.310269
0.306555
0.305102
0.315776
0.310003
0.306424
0.305087
0.315434
0.30978
0.306317
0.30506
0.315113
0.309612
0.306243
0.305079
0.315062
0.309565
0.306185
0.305012
0.26987
0.261918
0.256254
0.252825
0.269644
0.261771
0.256191
0.252839
0.26947
0.26164
0.256121
0.252814
0.269116
0.261439
0.256025
0.252827
0.268654
0.261164
0.2559
0.252831
0.268086
0.260822
0.255742
0.252828
0.267425
0.260423
0.255556
0.252823
0.266694
0.259983
0.255353
0.252819
0.265928
0.259528
0.255147
0.252822
0.265169
0.259086
0.254953
0.252838
0.26446
0.25868
0.254784
0.252869
0.263817
0.258319
0.25464
0.252911
0.263234
0.257995
0.254516
0.252956
0.26271
0.257705
0.254406
0.253
0.262241
0.257443
0.254306
0.253037
0.261828
0.25721
0.254215
0.253065
0.261476
0.257009
0.254133
0.253085
0.261198
0.256842
0.254067
0.253091
0.260937
0.256717
0.254024
0.253127
0.260902
0.256688
0.253986
0.253077
0.229473
0.222317
0.21684
0.213002
0.229257
0.222175
0.216767
0.212996
0.229101
0.222055
0.2167
0.21297
0.228791
0.221876
0.216614
0.21298
0.22839
0.221636
0.216506
0.212986
0.227904
0.221344
0.216374
0.212992
0.227344
0.221009
0.216223
0.212999
0.226733
0.220647
0.216062
0.213011
0.226101
0.220278
0.215904
0.213031
0.225486
0.219928
0.215761
0.213063
0.224923
0.219616
0.215641
0.213107
0.224424
0.219346
0.215545
0.21316
0.223983
0.219113
0.215469
0.213217
0.223596
0.218913
0.215408
0.213273
0.223258
0.218739
0.215358
0.213325
0.222966
0.21859
0.215315
0.213372
0.22272
0.218464
0.215279
0.213411
0.222527
0.21836
0.215253
0.213439
0.222339
0.218284
0.21524
0.213489
0.222346
0.21829
0.215239
0.213474
0.200861
0.194487
0.188805
0.183326
0.200679
0.19436
0.188713
0.18326
0.200576
0.194272
0.188658
0.183225
0.200354
0.194143
0.188593
0.183228
0.200069
0.193971
0.188514
0.183231
0.199723
0.193765
0.18842
0.183235
0.199329
0.193531
0.188314
0.183241
0.198905
0.193282
0.188204
0.183252
0.198472
0.193034
0.188099
0.183268
0.198062
0.192806
0.188006
0.183292
0.197699
0.192611
0.187934
0.183324
0.19739
0.192452
0.187883
0.183363
0.197131
0.192325
0.187849
0.183406
0.196913
0.192225
0.187828
0.183451
0.196729
0.192144
0.187818
0.183496
0.196574
0.192079
0.187813
0.18354
0.196445
0.192026
0.187811
0.18358
0.196344
0.191982
0.187815
0.183613
0.196226
0.19195
0.187827
0.183673
0.196274
0.191994
0.187876
0.183731
0.177278
0.172546
0.16744
0.16061
0.177171
0.172455
0.167365
0.160485
0.177148
0.172421
0.16734
0.160451
0.177058
0.172372
0.167311
0.160446
0.17694
0.172306
0.167277
0.160437
0.176799
0.172226
0.167236
0.160427
0.176637
0.172136
0.16719
0.160414
0.176465
0.172041
0.167143
0.160401
0.176295
0.17195
0.167098
0.160389
0.176143
0.171873
0.167061
0.160378
0.176025
0.171819
0.167037
0.160372
0.175944
0.171788
0.167027
0.160373
0.175889
0.171776
0.16703
0.16038
0.175853
0.171777
0.167043
0.160394
0.175828
0.171785
0.167062
0.160413
0.175811
0.171798
0.167084
0.160435
0.175797
0.17181
0.167105
0.160458
0.175785
0.171817
0.167126
0.160477
0.175738
0.171824
0.167147
0.160524
0.175804
0.171899
0.16722
0.160654
0.138476
0.130365
0.128772
0.133414
0.138276
0.130306
0.128817
0.133589
0.138307
0.13033
0.128833
0.133588
0.138345
0.130364
0.128846
0.133573
0.138398
0.130407
0.128859
0.133546
0.138461
0.130459
0.128874
0.133513
0.138529
0.130516
0.128892
0.133476
0.138602
0.130578
0.12891
0.133435
0.138682
0.130643
0.128927
0.133388
0.138774
0.130713
0.128945
0.133338
0.138879
0.130789
0.128965
0.133289
0.138994
0.13087
0.128991
0.133247
0.139106
0.130951
0.129022
0.133219
0.139207
0.131029
0.129059
0.133205
0.139295
0.131101
0.129099
0.133207
0.139368
0.131164
0.129139
0.133218
0.139428
0.131218
0.129176
0.133232
0.139479
0.131261
0.129203
0.133237
0.13951
0.131291
0.129216
0.133235
0.139743
0.131388
0.129201
0.133077
)
;

boundaryField
{
    inlet
    {
        type            calculated;
        value           nonuniform List<scalar> 
80
(
6532.23
6527.55
6524.93
6523.53
6522.84
6522.54
6522.46
6522.51
6522.63
6522.86
6522.86
6522.63
6522.51
6522.46
6522.54
6522.84
6523.53
6524.93
6527.55
6532.23
3991.01
3987.75
3986.2
3985.5
3985.19
3985.03
3984.89
3984.69
3984.43
3984.17
3984.17
3984.43
3984.69
3984.88
3985.03
3985.19
3985.5
3986.19
3987.75
3991.01
3456.67
3451.75
3450.5
3450.17
3450.02
3449.83
3449.5
3449.05
3448.5
3448.03
3448.03
3448.5
3449.04
3449.5
3449.82
3450.02
3450.17
3450.5
3451.74
3456.67
5112.13
5108.21
5107.34
5107.03
5106.71
5106.26
5105.66
5104.96
5104.24
5103.72
5103.72
5104.24
5104.96
5105.66
5106.25
5106.7
5107.03
5107.33
5108.21
5112.12
)
;
    }
    outlet
    {
        type            calculated;
        value           nonuniform List<scalar> 
80
(
0.113873
0.113877
0.113909
0.113993
0.114107
0.11424
0.114386
0.114543
0.114707
0.114876
0.115051
0.115224
0.115381
0.115515
0.115624
0.115712
0.115782
0.115841
0.115903
0.115946
0.0992982
0.0993399
0.0993844
0.0994529
0.0995434
0.0996517
0.099773
0.0999018
0.100033
0.100163
0.100289
0.10041
0.100522
0.100623
0.100711
0.100788
0.100852
0.100903
0.100938
0.10094
0.101247
0.101279
0.101308
0.101337
0.101372
0.101416
0.101466
0.101518
0.101568
0.101614
0.101656
0.101699
0.101743
0.101791
0.10184
0.10189
0.101934
0.101968
0.101982
0.101977
0.119596
0.11965
0.119662
0.119642
0.119611
0.119577
0.119541
0.1195
0.119451
0.119396
0.119341
0.119294
0.119263
0.119251
0.119258
0.119277
0.119299
0.119314
0.119301
0.119253
)
;
    }
    inner-wall
    {
        type            calculated;
        value           nonuniform List<scalar> 
1600
(
7377.77
7320.22
7316.74
7315.03
7314.2
7313.94
7314.1
7314.57
7315.28
7316.08
7316.08
7315.28
7314.57
7314.1
7313.94
7314.2
7315.03
7316.74
7320.22
7377.77
3908.17
3921.82
3916.12
3914.7
3913.96
3913.6
3913.53
3913.74
3914.23
3915.71
3915.71
3914.23
3913.74
3913.53
3913.6
3913.96
3914.7
3916.11
3921.82
3908.16
4083.37
4105.83
4100.26
4099.52
4098.97
4098.55
4098.32
4098.37
4098.88
4100.93
4100.93
4098.88
4098.37
4098.31
4098.55
4098.97
4099.52
4100.25
4105.83
4083.36
5580.32
5596.31
5591.49
5591.15
5590.84
5590.59
5590.47
5590.59
5591.15
5593.19
5593.19
5591.15
5590.59
5590.46
5590.59
5590.84
5591.15
5591.49
5596.31
5580.31
6916.37
6930.19
6925.54
6925.33
6925.12
6925.01
6925.03
6925.27
6925.9
6927.94
6927.94
6925.9
6925.27
6925.03
6925.01
6925.12
6925.33
6925.54
6930.18
6916.36
7823.97
7839.09
7834.58
7834.56
7834.5
7834.56
7834.74
7835.13
7835.86
7837.93
7837.93
7835.86
7835.13
7834.74
7834.55
7834.5
7834.56
7834.57
7839.09
7823.96
8308.51
8325.99
8321.68
8322
8322.23
8322.57
8323.02
8323.63
8324.5
8326.63
8326.63
8324.5
8323.62
8323.02
8322.56
8322.23
8322
8321.67
8325.99
8308.51
8407.76
8427.33
8423.33
8424.11
8424.79
8425.57
8426.44
8427.38
8428.49
8430.71
8430.71
8428.49
8427.38
8426.43
8425.57
8424.79
8424.1
8423.33
8427.33
8407.75
8154.39
8175.39
8171.82
8173.13
8174.41
8175.79
8177.22
8178.64
8180.09
8182.43
8182.43
8180.09
8178.64
8177.21
8175.79
8174.41
8173.13
8171.81
8175.38
8154.38
7579
7600.94
7597.88
7599.77
7601.73
7603.82
7605.93
7607.94
7609.81
7612.3
7612.3
7609.81
7607.94
7605.92
7603.82
7601.73
7599.76
7597.87
7600.93
7578.99
6724.42
6747.2
6744.7
6747.14
6749.78
6752.59
6755.4
6758.04
6760.38
6763
6763
6760.37
6758.04
6755.39
6752.58
6749.77
6747.13
6744.7
6747.19
6724.41
5668.13
5691.9
5689.93
5692.82
5696.03
5699.45
5702.88
5706.08
5708.83
5711.54
5711.54
5708.83
5706.08
5702.87
5699.44
5696.02
5692.81
5689.92
5691.89
5668.12
4552.24
4576.53
4575.03
4578.22
4581.83
4585.7
4589.58
4593.19
4596.22
4598.87
4598.87
4596.21
4593.18
4589.57
4585.69
4581.82
4578.21
4575.02
4576.52
4552.23
3588.2
3610.41
3609.28
3612.53
3616.3
3620.36
3624.42
3628.17
3631.23
3633.63
3633.63
3631.23
3628.17
3624.42
3620.35
3616.29
3612.52
3609.27
3610.4
3588.19
2945.17
2960.95
2960.01
2962.84
2966.24
2969.94
2973.63
2977.01
2979.69
2981.58
2981.57
2979.69
2977
2973.63
2969.93
2966.24
2962.83
2960
2960.94
2945.16
2550.16
2558.58
2557.53
2559.41
2561.8
2564.42
2567.05
2569.46
2571.35
2572.61
2572.61
2571.34
2569.45
2567.05
2564.41
2561.79
2559.41
2557.52
2558.57
2550.15
2174.63
2179.75
2178.44
2179.29
2180.45
2181.75
2183.09
2184.35
2185.37
2186.14
2186.14
2185.37
2184.34
2183.08
2181.74
2180.44
2179.29
2178.44
2179.75
2174.63
1744.86
1750.96
1749.48
1749.67
1749.97
1750.31
1750.71
1751.15
1751.59
1752.12
1752.12
1751.59
1751.15
1750.71
1750.31
1749.96
1749.67
1749.48
1750.96
1744.85
1380.15
1388.17
1386.73
1386.76
1386.8
1386.83
1386.91
1387.05
1387.29
1387.8
1387.8
1387.29
1387.05
1386.9
1386.83
1386.8
1386.76
1386.73
1388.17
1380.15
1176.93
1184.83
1183.54
1183.61
1183.69
1183.75
1183.84
1183.97
1184.19
1184.72
1184.71
1184.19
1183.97
1183.84
1183.75
1183.68
1183.61
1183.53
1184.82
1176.93
1064.84
1071.55
1070.38
1070.42
1070.47
1070.51
1070.57
1070.66
1070.83
1071.29
1071.29
1070.83
1070.66
1070.56
1070.51
1070.46
1070.42
1070.38
1071.55
1064.83
961.313
967.346
966.319
966.357
966.39
966.429
966.488
966.584
966.733
967.106
967.105
966.732
966.581
966.485
966.425
966.385
966.352
966.315
967.341
961.308
875.58
880.88
880.082
880.224
880.382
880.559
880.751
880.958
881.169
881.484
881.483
881.168
880.955
880.748
880.554
880.377
880.219
880.077
880.874
875.574
825.84
829.849
829.264
829.493
829.766
830.065
830.374
830.67
830.928
831.194
831.193
830.926
830.667
830.37
830.06
829.76
829.486
829.257
829.841
825.833
788.065
790.816
790.346
790.544
790.79
791.061
791.337
791.596
791.815
792.02
792.019
791.812
791.592
791.332
791.055
790.783
790.535
790.337
790.807
788.055
736.59
738.623
738.199
738.302
738.438
738.588
738.741
738.89
739.022
739.167
739.166
739.019
738.885
738.735
738.579
738.428
738.292
738.188
738.611
736.578
671.883
673.654
673.264
673.289
673.324
673.362
673.404
673.452
673.509
673.608
673.606
673.505
673.447
673.396
673.352
673.312
673.276
673.251
673.639
671.869
607.805
609.489
609.144
609.133
609.117
609.097
609.08
609.073
609.086
609.156
609.154
609.082
609.067
609.07
609.086
609.104
609.119
609.128
609.472
607.788
554.851
556.431
556.138
556.124
556.098
556.066
556.034
556.012
556.01
556.062
556.061
556.005
556.005
556.023
556.053
556.083
556.107
556.12
556.412
554.831
515.045
516.449
516.206
516.201
516.185
516.162
516.139
516.122
516.119
516.161
516.159
516.114
516.114
516.127
516.148
516.169
516.183
516.186
516.428
515.024
484.676
485.86
485.658
485.661
485.656
485.646
485.634
485.626
485.626
485.66
485.658
485.621
485.617
485.622
485.631
485.639
485.643
485.638
485.838
484.654
458.512
459.479
459.309
459.313
459.312
459.307
459.301
459.297
459.299
459.324
459.323
459.293
459.289
459.29
459.293
459.296
459.295
459.288
459.458
458.49
432.607
433.393
433.245
433.246
433.243
433.237
433.23
433.224
433.223
433.242
433.24
433.218
433.216
433.218
433.223
433.227
433.228
433.226
433.372
432.587
405.212
405.86
405.731
405.726
405.717
405.706
405.695
405.686
405.68
405.693
405.692
405.676
405.678
405.685
405.694
405.703
405.71
405.714
405.842
405.193
376.303
376.851
376.737
376.727
376.714
376.698
376.683
376.67
376.661
376.669
376.668
376.657
376.663
376.674
376.688
376.701
376.713
376.722
376.835
376.287
346.644
347.114
347.014
347.002
346.986
346.968
346.95
346.935
346.924
346.929
346.928
346.921
346.93
346.943
346.96
346.976
346.991
347.003
347.102
346.631
317.058
317.465
317.378
317.365
317.348
317.33
317.312
317.296
317.284
317.286
317.286
317.282
317.292
317.307
317.324
317.341
317.357
317.37
317.457
317.05
288.13
288.481
288.406
288.393
288.377
288.359
288.342
288.326
288.315
288.315
288.315
288.313
288.324
288.339
288.356
288.373
288.389
288.402
288.477
288.126
260.2
260.502
260.437
260.425
260.41
260.393
260.377
260.363
260.351
260.351
260.351
260.351
260.363
260.377
260.393
260.41
260.425
260.437
260.503
260.2
233.474
233.732
233.675
233.664
233.65
233.635
233.62
233.607
233.596
233.596
233.596
233.597
233.609
233.623
233.638
233.653
233.668
233.679
233.737
233.478
208.109
208.329
208.279
208.269
208.256
208.243
208.23
208.217
208.207
208.206
208.207
208.209
208.22
208.234
208.248
208.263
208.276
208.287
208.337
208.117
184.253
184.441
184.398
184.388
184.377
184.364
184.352
184.341
184.332
184.33
184.331
184.335
184.345
184.358
184.372
184.385
184.398
184.408
184.452
184.265
162.041
162.2
162.163
162.154
162.144
162.133
162.122
162.112
162.103
162.102
162.103
162.107
162.117
162.129
162.142
162.154
162.166
162.176
162.213
162.054
141.574
141.709
141.677
141.669
141.66
141.65
141.64
141.631
141.624
141.622
141.623
141.627
141.637
141.648
141.66
141.671
141.682
141.691
141.724
141.589
122.912
123.026
122.999
122.992
122.984
122.975
122.966
122.958
122.951
122.95
122.951
122.955
122.964
122.974
122.985
122.995
123.005
123.013
123.041
122.927
106.064
106.161
106.137
106.131
106.124
106.116
106.108
106.101
106.095
106.093
106.094
106.098
106.106
106.116
106.125
106.134
106.143
106.15
106.174
106.078
90.996
91.0772
91.0572
91.0517
91.0454
91.0388
91.032
91.0256
91.0202
91.0185
91.0195
91.0231
91.0303
91.0384
91.0466
91.0547
91.0621
91.0685
91.0892
91.0082
77.6375
77.7057
77.6887
77.6839
77.6785
77.6727
77.6668
77.6612
77.6563
77.6547
77.6554
77.6586
77.6648
77.6718
77.6789
77.6858
77.6922
77.6977
77.7152
77.6472
65.8915
65.9485
65.9342
65.9301
65.9254
65.9204
65.9152
65.9103
65.906
65.9043
65.9048
65.9075
65.9128
65.9187
65.9247
65.9304
65.9358
65.9404
65.9552
65.8982
55.6425
55.6901
55.678
55.6745
55.6705
55.6662
55.6617
55.6573
55.6535
55.6519
55.6522
55.6543
55.6587
55.6636
55.6685
55.6733
55.6777
55.6815
55.6939
55.6463
46.7643
46.804
46.7938
46.7907
46.7873
46.7836
46.7798
46.7759
46.7725
46.7709
46.7709
46.7726
46.7762
46.7802
46.7842
46.788
46.7916
46.7947
46.805
46.7653
39.1258
39.1587
39.1501
39.1475
39.1446
39.1414
39.1381
39.1347
39.1316
39.1301
39.1299
39.1312
39.1341
39.1372
39.1404
39.1435
39.1463
39.1489
39.1574
39.1244
32.5956
32.6228
32.6157
32.6135
32.611
32.6083
32.6054
32.6024
32.5997
32.5982
32.5979
32.5988
32.6011
32.6036
32.6061
32.6086
32.6108
32.6128
32.6199
32.5926
27.0463
27.0688
27.0628
27.0609
27.0588
27.0565
27.054
27.0514
27.049
27.0477
27.0473
27.048
27.0498
27.0518
27.0538
27.0557
27.0575
27.0591
27.0649
27.0423
22.3568
22.3754
22.3704
22.3688
22.3671
22.3651
22.363
22.3608
22.3587
22.3574
22.3571
22.3576
22.359
22.3606
22.3623
22.3638
22.3653
22.3666
22.3714
22.3527
18.4147
18.4299
18.4258
18.4245
18.4231
18.4214
18.4196
18.4178
18.416
18.415
18.4147
18.4151
18.4163
18.4177
18.4191
18.4204
18.4216
18.4226
18.4266
18.4113
15.117
15.1295
15.1262
15.1251
15.124
15.1226
15.1212
15.1197
15.1182
15.1174
15.1172
15.1176
15.1187
15.12
15.1212
15.1223
15.1233
15.1243
15.1275
15.115
12.3713
12.3816
12.3789
12.3781
12.3772
12.3761
12.375
12.3738
12.3726
12.372
12.372
12.3725
12.3736
12.3748
12.3759
12.3769
12.3779
12.3787
12.3814
12.3711
10.0954
10.1038
10.1016
10.101
10.1003
10.0996
10.0987
10.0978
10.097
10.0966
10.0967
10.0974
10.0984
10.0996
10.1007
10.1017
10.1025
10.1033
10.1056
10.0972
8.21663
8.22354
8.2218
8.22141
8.22097
8.22047
8.21988
8.21926
8.2187
8.21855
8.21883
8.21955
8.22064
8.22178
8.22285
8.2238
8.22462
8.2253
8.22724
8.22042
6.67181
6.67749
6.67614
6.67592
6.6757
6.67541
6.67507
6.6747
6.6744
6.67445
6.67486
6.67564
6.67672
6.67783
6.67886
6.67977
6.68053
6.68115
6.68278
6.67723
5.40597
5.41065
5.40962
5.40956
5.40951
5.40943
5.40929
5.40914
5.40905
5.40925
5.40976
5.41055
5.41159
5.41263
5.41359
5.41441
5.4151
5.41565
5.417
5.41249
4.37186
4.37571
4.37495
4.37501
4.37511
4.37519
4.37522
4.37524
4.3753
4.37561
4.37615
4.37691
4.37786
4.37879
4.37963
4.38034
4.38092
4.38138
4.38249
4.37881
3.52933
3.5325
3.53194
3.53209
3.53228
3.53246
3.5326
3.53272
3.53287
3.5332
3.53372
3.5344
3.53521
3.536
3.53669
3.53726
3.53771
3.53806
3.53895
3.53595
2.84468
2.84727
2.84686
2.84704
2.84727
2.84748
2.84764
2.84777
2.84792
2.84822
2.84864
2.84918
2.84982
2.85043
2.85095
2.85136
2.85168
2.85192
2.85261
2.85015
2.2899
2.29201
2.29168
2.29183
2.29202
2.29217
2.29228
2.29234
2.2924
2.29257
2.29284
2.2932
2.29363
2.29404
2.29437
2.29462
2.2948
2.29493
2.29545
2.29343
1.84174
1.84344
1.84314
1.84321
1.84329
1.84332
1.84329
1.84319
1.84309
1.84307
1.84313
1.84326
1.84347
1.84366
1.84381
1.84389
1.84394
1.84397
1.84433
1.84266
1.48078
1.48213
1.48181
1.48176
1.48169
1.48155
1.48132
1.48102
1.4807
1.48045
1.48026
1.48015
1.48011
1.48008
1.48003
1.47995
1.47987
1.4798
1.48003
1.47864
1.19057
1.19163
1.19127
1.1911
1.19086
1.19053
1.19009
1.18958
1.18902
1.18853
1.18809
1.18772
1.18744
1.18719
1.18695
1.18672
1.18651
1.18635
1.18646
1.1853
0.957295
0.958107
0.95771
0.957422
0.957039
0.956542
0.955925
0.955212
0.954453
0.953732
0.953066
0.95247
0.951968
0.951516
0.951101
0.950725
0.950402
0.95015
0.950157
0.94918
0.769645
0.770261
0.769844
0.769475
0.768987
0.76837
0.767619
0.766762
0.765847
0.764951
0.764108
0.763335
0.762656
0.76204
0.761481
0.760981
0.760556
0.760222
0.760136
0.759312
0.618853
0.619317
0.618901
0.618483
0.617935
0.617245
0.616415
0.615471
0.614457
0.613448
0.612488
0.611595
0.610794
0.610063
0.609399
0.608806
0.608301
0.607903
0.607739
0.607043
0.498372
0.498716
0.498309
0.497866
0.497284
0.496557
0.495688
0.494699
0.493636
0.492564
0.491541
0.490583
0.489712
0.488914
0.488187
0.487539
0.486984
0.486544
0.486324
0.485736
0.403212
0.403454
0.403058
0.402599
0.401997
0.40125
0.400363
0.39936
0.398281
0.397189
0.396147
0.39517
0.394277
0.393458
0.392714
0.392052
0.391485
0.391033
0.390784
0.390289
0.329324
0.32948
0.329093
0.328626
0.328017
0.327268
0.326388
0.3254
0.324344
0.323279
0.322267
0.321323
0.320463
0.319679
0.318974
0.318349
0.317815
0.317389
0.317143
0.316737
0.273391
0.273475
0.27311
0.272657
0.272071
0.271358
0.270529
0.269608
0.268636
0.267663
0.26675
0.265909
0.265152
0.264472
0.263868
0.263338
0.262889
0.262533
0.262322
0.262009
0.232737
0.232764
0.232447
0.232049
0.231538
0.230921
0.230212
0.229434
0.228623
0.227824
0.227089
0.226426
0.225844
0.225334
0.224889
0.224505
0.224182
0.223927
0.223778
0.223567
0.204092
0.204092
0.203865
0.203577
0.203206
0.202762
0.202255
0.201705
0.20114
0.200595
0.200111
0.199691
0.199338
0.199039
0.198788
0.198575
0.198397
0.198253
0.198172
0.198056
0.179008
0.179119
0.179025
0.1789
0.178739
0.178547
0.178328
0.178093
0.177856
0.177639
0.177468
0.177343
0.177254
0.17719
0.177143
0.177106
0.177074
0.177045
0.177027
0.176887
0.161241
0.161054
0.161053
0.161093
0.161154
0.161226
0.161306
0.161391
0.161485
0.161594
0.161728
0.161878
0.162025
0.162158
0.162272
0.162367
0.162444
0.162512
0.162586
0.162818
)
;
    }
    outer-wall
    {
        type            calculated;
        value           nonuniform List<scalar> 
1600
(
5612.45
5678.53
5678.43
5678
5677.29
5676.46
5675.59
5674.76
5674.08
5673.68
5673.68
5674.08
5674.76
5675.59
5676.46
5677.29
5677.99
5678.43
5678.53
5612.44
2422.78
2433.86
2433.99
2433.76
2433.33
2432.76
2432.14
2431.56
2431.05
2430.73
2430.73
2431.05
2431.55
2432.14
2432.76
2433.33
2433.76
2433.99
2433.86
2422.78
2686.69
2673.03
2674.11
2674.15
2674.22
2674.22
2674.15
2673.98
2673.7
2673.44
2673.44
2673.7
2673.98
2674.15
2674.22
2674.22
2674.15
2674.1
2673.03
2686.69
3933.69
3912.41
3915.34
3915.66
3915.9
3916.1
3916.24
3916.27
3916.13
3915.94
3915.94
3916.13
3916.26
3916.24
3916.1
3915.9
3915.66
3915.34
3912.4
3933.69
4925.51
4899.51
4903.57
4903.98
4904.23
4904.47
4904.69
4904.82
4904.77
4904.63
4904.63
4904.77
4904.82
4904.69
4904.47
4904.22
4903.98
4903.57
4899.51
4925.51
5580.13
5550.74
5555.33
5555.66
5555.8
5555.98
5556.21
5556.38
5556.38
5556.29
5556.29
5556.38
5556.37
5556.2
5555.98
5555.8
5555.66
5555.33
5550.74
5580.12
5933.33
5902.11
5906.79
5906.95
5906.9
5906.93
5907.06
5907.19
5907.2
5907.11
5907.11
5907.2
5907.19
5907.06
5906.93
5906.89
5906.95
5906.79
5902.11
5933.32
6015.22
5983.62
5988.06
5987.95
5987.64
5987.42
5987.34
5987.32
5987.24
5987.13
5987.13
5987.24
5987.32
5987.34
5987.42
5987.63
5987.95
5988.06
5983.62
6015.22
5847
5816.28
5820.17
5819.7
5819.02
5818.43
5817.99
5817.68
5817.41
5817.19
5817.19
5817.4
5817.68
5817.99
5818.42
5819.02
5819.7
5820.17
5816.28
5847
5449.74
5421.01
5424.07
5423.13
5421.95
5420.83
5419.88
5419.1
5418.49
5418.11
5418.11
5418.49
5419.1
5419.88
5420.83
5421.95
5423.12
5424.07
5421.01
5449.74
4854.17
4828.52
4830.49
4828.98
4827.21
4825.44
4823.82
4822.43
4821.35
4820.72
4820.72
4821.35
4822.43
4823.81
4825.44
4827.21
4828.98
4830.48
4828.51
4854.16
4114.38
4093.08
4093.81
4091.78
4089.46
4087.07
4084.77
4082.74
4081.15
4080.25
4080.25
4081.15
4082.74
4084.77
4087.06
4089.46
4091.78
4093.81
4093.07
4114.38
3326.16
3311.05
3310.72
3308.49
3306.01
3303.39
3300.8
3298.44
3296.57
3295.49
3295.49
3296.57
3298.44
3300.79
3303.39
3306.01
3308.49
3310.71
3311.05
3326.16
2625.01
2618.57
2617.76
2616.04
2614.18
2612.15
2610.08
2608.12
2606.52
2605.58
2605.58
2606.52
2608.12
2610.08
2612.15
2614.18
2616.04
2617.76
2618.57
2625.01
2105.98
2109.06
2108.46
2107.71
2106.96
2106.07
2105.09
2104.09
2103.2
2102.64
2102.64
2103.2
2104.09
2105.09
2106.07
2106.95
2107.71
2108.45
2109.06
2105.97
1708.3
1717.06
1716.64
1716.36
1716.09
1715.71
1715.24
1714.71
1714.19
1713.86
1713.86
1714.19
1714.7
1715.24
1715.71
1716.09
1716.36
1716.64
1717.06
1708.29
1300.66
1308.74
1307.96
1307.24
1306.46
1305.57
1304.6
1303.67
1302.88
1302.42
1302.42
1302.88
1303.67
1304.6
1305.56
1306.46
1307.24
1307.96
1308.74
1300.66
907.83
910.244
909.098
907.896
906.659
905.331
903.982
902.732
901.732
901.16
901.159
901.731
902.731
903.979
905.328
906.656
907.893
909.094
910.24
907.826
747.14
743.874
743.604
743.225
743.011
742.846
742.691
742.538
742.395
742.299
742.299
742.394
742.537
742.689
742.844
743.008
743.222
743.601
743.87
747.137
825.021
821.359
822.211
822.831
823.679
824.638
825.594
826.435
827.057
827.382
827.382
827.056
826.435
825.593
824.636
823.678
822.829
822.209
821.357
825.019
871.239
868.256
869.289
869.932
870.712
871.557
872.381
873.094
873.613
873.881
873.881
873.613
873.094
872.38
871.556
870.711
869.931
869.288
868.254
871.237
796.688
793.59
794.298
794.526
794.784
795.047
795.281
795.459
795.563
795.603
795.603
795.563
795.458
795.28
795.046
794.783
794.524
794.296
793.589
796.686
652.529
649.102
649.411
649.254
649.068
648.85
648.607
648.356
648.13
647.988
647.988
648.13
648.355
648.606
648.849
649.067
649.252
649.41
649.101
652.527
510.708
507.284
507.33
506.994
506.621
506.212
505.786
505.375
505.03
504.824
504.824
505.03
505.375
505.785
506.212
506.62
506.992
507.329
507.282
510.707
413.925
410.804
410.752
410.425
410.083
409.72
409.349
408.998
408.706
408.533
408.533
408.706
408.997
409.349
409.719
410.083
410.424
410.751
410.802
413.923
373.739
371.082
371.061
370.855
370.665
370.475
370.287
370.111
369.962
369.873
369.873
369.962
370.11
370.287
370.475
370.664
370.854
371.06
371.082
373.739
377.113
375.06
375.124
375.062
375.034
375.022
375.016
375.009
374.996
374.985
374.985
374.996
375.009
375.016
375.022
375.034
375.062
375.123
375.059
377.113
396.047
394.575
394.704
394.734
394.797
394.878
394.964
395.039
395.092
395.118
395.118
395.092
395.039
394.964
394.878
394.797
394.734
394.705
394.575
396.047
408.562
407.499
407.647
407.704
407.784
407.876
407.968
408.048
408.105
408.133
408.133
408.105
408.048
407.969
407.876
407.784
407.705
407.648
407.5
408.563
407.448
406.616
406.748
406.795
406.853
406.917
406.977
407.027
407.06
407.076
407.076
407.061
407.028
406.978
406.917
406.854
406.796
406.749
406.617
407.449
395.304
394.594
394.697
394.723
394.755
394.787
394.814
394.833
394.843
394.846
394.847
394.844
394.834
394.815
394.788
394.756
394.724
394.698
394.595
395.305
377.491
376.861
376.937
376.949
376.964
376.976
376.984
376.987
376.984
376.981
376.981
376.985
376.987
376.985
376.977
376.965
376.951
376.939
376.863
377.493
357.984
357.43
357.488
357.494
357.502
357.508
357.51
357.508
357.503
357.498
357.498
357.503
357.509
357.511
357.509
357.503
357.496
357.49
357.432
357.985
338.376
337.904
337.952
337.958
337.965
337.972
337.975
337.974
337.97
337.967
337.967
337.971
337.975
337.976
337.973
337.967
337.959
337.954
337.906
338.378
318.657
318.266
318.307
318.315
318.324
318.332
318.336
318.338
318.336
318.334
318.334
318.337
318.339
318.338
318.333
318.325
318.316
318.309
318.268
318.658
298.321
298.003
298.04
298.049
298.058
298.066
298.071
298.073
298.072
298.071
298.071
298.073
298.074
298.072
298.067
298.059
298.05
298.042
298.005
298.322
277.082
276.825
276.858
276.866
276.874
276.881
276.885
276.886
276.884
276.882
276.882
276.884
276.886
276.886
276.882
276.875
276.867
276.859
276.826
277.083
255.057
254.849
254.877
254.884
254.891
254.896
254.897
254.896
254.894
254.891
254.891
254.894
254.896
254.898
254.896
254.891
254.885
254.878
254.849
255.058
232.652
232.481
232.505
232.512
232.516
232.519
232.519
232.516
232.512
232.509
232.509
232.512
232.516
232.519
232.519
232.516
232.511
232.505
232.481
232.651
210.367
210.227
210.247
210.252
210.256
210.256
210.255
210.251
210.247
210.244
210.243
210.246
210.251
210.254
210.256
210.255
210.251
210.246
210.225
210.366
188.662
188.547
188.564
188.568
188.57
188.57
188.568
188.564
188.559
188.556
188.555
188.558
188.563
188.567
188.569
188.569
188.566
188.562
188.544
188.66
167.897
167.802
167.817
167.82
167.822
167.821
167.818
167.814
167.809
167.806
167.806
167.808
167.812
167.816
167.819
167.819
167.818
167.814
167.799
167.894
148.327
148.249
148.262
148.265
148.265
148.264
148.261
148.257
148.252
148.249
148.249
148.251
148.255
148.259
148.262
148.262
148.261
148.258
148.245
148.323
130.12
130.056
130.067
130.07
130.07
130.069
130.065
130.061
130.057
130.054
130.054
130.056
130.06
130.063
130.066
130.067
130.066
130.063
130.052
130.115
113.378
113.326
113.335
113.337
113.337
113.336
113.333
113.329
113.325
113.322
113.322
113.324
113.327
113.331
113.333
113.334
113.333
113.331
113.322
113.373
98.1483
98.1065
98.1145
98.116
98.116
98.1144
98.1115
98.1078
98.1043
98.1019
98.1016
98.1033
98.1063
98.1094
98.1118
98.1129
98.1125
98.1107
98.1025
98.1442
84.4362
84.4024
84.4092
84.4105
84.4103
84.4088
84.4061
84.4028
84.3996
84.3975
84.3972
84.3988
84.4015
84.4043
84.4065
84.4077
84.4075
84.406
84.399
84.4327
72.2089
72.1815
72.1873
72.1884
72.1882
72.1867
72.1843
72.1813
72.1786
72.1767
72.1765
72.1779
72.1803
72.1829
72.185
72.1861
72.1861
72.1848
72.1789
72.2062
61.404
61.3819
61.3868
61.3877
61.3874
61.3861
61.384
61.3814
61.379
61.3775
61.3773
61.3786
61.3808
61.3831
61.385
61.3861
61.3862
61.3852
61.3802
61.4022
51.9367
51.9189
51.9231
51.9238
51.9236
51.9224
51.9205
51.9183
51.9163
51.915
51.915
51.9162
51.9181
51.9202
51.922
51.9231
51.9233
51.9225
51.9182
51.936
43.7069
43.6926
43.6961
43.6967
43.6965
43.6954
43.6938
43.692
43.6903
43.6893
43.6893
43.6904
43.6922
43.6941
43.6957
43.6968
43.697
43.6964
43.6929
43.7073
36.6053
36.5937
36.5967
36.5973
36.597
36.5962
36.5948
36.5933
36.5919
36.5911
36.5912
36.5922
36.5938
36.5956
36.5971
36.5981
36.5984
36.598
36.595
36.6066
30.5192
30.5099
30.5124
30.5129
30.5127
30.512
30.5109
30.5096
30.5085
30.5079
30.5081
30.509
30.5105
30.512
30.5134
30.5144
30.5147
30.5144
30.512
30.5213
25.3368
25.3293
25.3314
25.3318
25.3317
25.3311
25.3302
25.3291
25.3283
25.3278
25.3281
25.3289
25.3302
25.3317
25.3329
25.3338
25.3342
25.3339
25.3319
25.3395
20.9503
20.9442
20.946
20.9463
20.9463
20.9458
20.9451
20.9443
20.9436
20.9433
20.9435
20.9443
20.9455
20.9467
20.9478
20.9486
20.949
20.9488
20.9472
20.9533
17.2583
17.2533
17.2549
17.2552
17.2552
17.2548
17.2542
17.2536
17.2531
17.2529
17.2531
17.2538
17.2548
17.2559
17.2569
17.2576
17.2579
17.2578
17.2564
17.2614
14.1672
14.1633
14.1646
14.1648
14.1648
14.1646
14.1641
14.1636
14.1632
14.1631
14.1633
14.1639
14.1648
14.1657
14.1665
14.1671
14.1673
14.1672
14.1661
14.1701
11.5921
11.5889
11.59
11.5903
11.5903
11.5901
11.5897
11.5893
11.589
11.5889
11.5891
11.5896
11.5903
11.591
11.5917
11.5922
11.5924
11.5923
11.5913
11.5946
9.45664
9.45404
9.45494
9.45516
9.45517
9.45501
9.45473
9.45441
9.45415
9.45405
9.45421
9.45461
9.45515
9.45573
9.45624
9.4566
9.45676
9.45667
9.45586
9.45849
7.69311
7.691
7.69175
7.69193
7.69194
7.6918
7.69157
7.6913
7.69107
7.69097
7.69107
7.69137
7.69178
7.69221
7.69259
7.69285
7.69294
7.69284
7.69216
7.69428
6.24227
6.24056
6.24117
6.24132
6.24131
6.24119
6.24099
6.24075
6.24053
6.24042
6.24047
6.24066
6.24095
6.24126
6.24152
6.24168
6.24172
6.2416
6.24102
6.24273
5.05283
5.05143
5.05193
5.05204
5.05202
5.0519
5.05171
5.05148
5.05127
5.05114
5.05113
5.05124
5.05143
5.05162
5.05178
5.05187
5.05186
5.05173
5.05122
5.0526
4.08093
4.07978
4.08017
4.08025
4.08021
4.08007
4.07988
4.07965
4.07944
4.07928
4.07922
4.07926
4.07937
4.07948
4.07957
4.07959
4.07955
4.07941
4.07897
4.08009
3.28938
3.28843
3.28873
3.28876
3.2887
3.28855
3.28834
3.28811
3.28788
3.2877
3.28761
3.2876
3.28764
3.28769
3.28773
3.28772
3.28766
3.28752
3.28715
3.28806
2.64681
2.64601
2.64624
2.64623
2.64613
2.64597
2.64575
2.64551
2.64527
2.64508
2.64496
2.64491
2.64492
2.64494
2.64495
2.64494
2.64488
2.64476
2.64445
2.64519
2.12673
2.12607
2.12624
2.1262
2.12608
2.12589
2.12567
2.12543
2.1252
2.125
2.12487
2.12481
2.1248
2.12481
2.12483
2.12482
2.12478
2.12469
2.12444
2.12505
1.70686
1.70631
1.70643
1.70637
1.70624
1.70606
1.70584
1.70562
1.7054
1.70522
1.7051
1.70504
1.70503
1.70505
1.70507
1.70508
1.70507
1.70501
1.70482
1.70531
1.36856
1.3681
1.36819
1.36813
1.36801
1.36785
1.36766
1.36746
1.36728
1.36713
1.36703
1.36699
1.36699
1.36701
1.36705
1.36708
1.36708
1.36704
1.3669
1.3673
1.09653
1.09616
1.09623
1.09618
1.09609
1.09596
1.09581
1.09565
1.09551
1.09539
1.09532
1.0953
1.09531
1.09535
1.09539
1.09542
1.09543
1.09541
1.09529
1.09563
0.87845
0.878145
0.87821
0.878184
0.878121
0.87803
0.87792
0.877803
0.877695
0.877612
0.877567
0.877559
0.877578
0.87761
0.877643
0.877664
0.877666
0.877643
0.877548
0.877817
0.704365
0.704123
0.704186
0.704179
0.704142
0.704082
0.704004
0.703918
0.703837
0.703776
0.703744
0.703741
0.703756
0.703775
0.703789
0.703792
0.703777
0.703745
0.703656
0.703867
0.566071
0.565886
0.565947
0.565954
0.565938
0.5659
0.565846
0.565783
0.565722
0.565677
0.565655
0.565652
0.565661
0.565667
0.565665
0.565651
0.565623
0.565581
0.565496
0.565655
0.456684
0.45655
0.456611
0.456631
0.456633
0.456618
0.45659
0.456554
0.45652
0.4565
0.456497
0.456509
0.456525
0.456536
0.456536
0.456523
0.456497
0.45646
0.456386
0.456503
0.370547
0.370456
0.37052
0.370555
0.37058
0.370595
0.370602
0.370607
0.370617
0.37064
0.370678
0.370727
0.370776
0.370817
0.370845
0.370858
0.370858
0.370844
0.370794
0.370881
0.30319
0.303133
0.303198
0.303249
0.303298
0.303345
0.303393
0.303444
0.303505
0.30358
0.303669
0.303765
0.303859
0.303944
0.304014
0.304068
0.304106
0.304126
0.304107
0.304176
0.25105
0.251011
0.251072
0.251128
0.25119
0.251257
0.251332
0.251416
0.251512
0.251622
0.251744
0.251871
0.251994
0.252107
0.252206
0.252291
0.25236
0.252408
0.252417
0.252479
0.211047
0.211004
0.211051
0.211098
0.211156
0.211224
0.211302
0.211392
0.211493
0.211605
0.211725
0.211846
0.211964
0.212074
0.212173
0.212261
0.212338
0.212398
0.212425
0.212496
0.180372
0.180279
0.180301
0.18033
0.180371
0.180422
0.180481
0.180547
0.180621
0.1807
0.180782
0.180865
0.180944
0.18102
0.181091
0.181158
0.181219
0.181273
0.181311
0.18143
0.154779
0.154489
0.154479
0.154481
0.154484
0.154486
0.154489
0.154492
0.154494
0.154495
0.154497
0.154501
0.154508
0.15452
0.154537
0.154558
0.154582
0.154605
0.154634
0.154942
0.150958
0.151171
0.151187
0.151156
0.151102
0.151035
0.150958
0.150872
0.150777
0.150675
0.150575
0.150483
0.150409
0.150357
0.150326
0.15031
0.150301
0.150285
0.15024
0.150036
)
;
    }
    symmetry-x
    {
        type            symmetryPlane;
    }
    symmetry-y
    {
        type            symmetryPlane;
    }
}


// ************************************************************************* //
