/*--------------------------------*- C++ -*----------------------------------*\
| =========                 |                                                 |
| \\      /  F ield         | foam-extend: Open Source CFD                    |
|  \\    /   O peration     | Version:     3.1                                |
|   \\  /    A nd           | Web:         http://www.extend-project.de       |
|    \\/     M anipulation  |                                                 |
\*---------------------------------------------------------------------------*/
FoamFile
{
    version     2.0;
    format      ascii;
    class       vectorField;
    location    "3.7/polyMesh";
    object      points;
}
// * * * * * * * * * * * * * * * * * * * * * * * * * * * * * * * * * * * * * //


405
(
(0.45 0 -0.2)
(0.475 0 -0.2)
(0.5 0 -0.2)
(0.525 0 -0.2)
(0.55 0 -0.2)
(0.450874 0.0259264 -0.19962)
(0.475537 0.0253153 -0.199763)
(0.500414 0.0249786 -0.200025)
(0.525475 0.0246352 -0.200295)
(0.550733 0.02403 -0.200462)
(0.451752 0.0513652 -0.19975)
(0.476473 0.0505552 -0.199849)
(0.501327 0.0499751 -0.200048)
(0.526371 0.0493914 -0.200261)
(0.551544 0.0485785 -0.2004)
(0.452936 0.0768151 -0.199868)
(0.47767 0.0757821 -0.199926)
(0.502525 0.0749653 -0.200072)
(0.527543 0.0741443 -0.200232)
(0.552675 0.0731 -0.200337)
(0.454274 0.102129 -0.200024)
(0.479044 0.100942 -0.200021)
(0.503906 0.0999466 -0.200093)
(0.5289 0.0989474 -0.20018)
(0.553977 0.0977492 -0.200227)
(0.455719 0.127341 -0.200171)
(0.480518 0.126047 -0.20011)
(0.505387 0.12492 -0.200113)
(0.530362 0.123792 -0.20013)
(0.555398 0.122494 -0.200119)
(0.457207 0.152462 -0.200301)
(0.482028 0.151107 -0.20019)
(0.506903 0.149889 -0.200134)
(0.531864 0.148676 -0.20009)
(0.556869 0.147326 -0.200025)
(0.458698 0.177529 -0.200407)
(0.483529 0.176134 -0.200262)
(0.508403 0.174859 -0.200159)
(0.533354 0.17359 -0.200065)
(0.558343 0.172221 -0.199959)
(0.460187 0.202561 -0.200478)
(0.48499 0.20115 -0.200316)
(0.509826 0.199839 -0.200185)
(0.534781 0.198531 -0.200065)
(0.559782 0.197153 -0.19994)
(0.45 0 -0.175)
(0.475 0 -0.175)
(0.5 0 -0.175)
(0.525 0 -0.175)
(0.55 0 -0.175)
(0.450943 0.0258804 -0.174781)
(0.475619 0.0252806 -0.174864)
(0.500521 0.0249897 -0.17502)
(0.52557 0.0246996 -0.175185)
(0.550816 0.0241097 -0.175288)
(0.451825 0.0514092 -0.174829)
(0.476564 0.0505907 -0.1749)
(0.501447 0.0499836 -0.175042)
(0.526479 0.0493764 -0.175195)
(0.551641 0.0485552 -0.175295)
(0.452965 0.0768658 -0.174923)
(0.477723 0.0758256 -0.174961)
(0.502608 0.0749744 -0.175061)
(0.527617 0.0741211 -0.175174)
(0.552734 0.0730708 -0.175247)
(0.454257 0.102189 -0.17504)
(0.479047 0.100993 -0.175033)
(0.503938 0.0999582 -0.17508)
(0.528925 0.0989212 -0.17514)
(0.553991 0.0977156 -0.175169)
(0.455651 0.127399 -0.175156)
(0.480469 0.126099 -0.175104)
(0.505365 0.124936 -0.175098)
(0.530335 0.123773 -0.175105)
(0.555361 0.12247 -0.175088)
(0.457093 0.152517 -0.175261)
(0.481931 0.151156 -0.175168)
(0.506831 0.149911 -0.175117)
(0.531789 0.148669 -0.175077)
(0.556785 0.147316 -0.175018)
(0.458547 0.177576 -0.175346)
(0.483393 0.176178 -0.175225)
(0.508289 0.174885 -0.17514)
(0.533239 0.173599 -0.175065)
(0.558222 0.172229 -0.174972)
(0.460019 0.202602 -0.175402)
(0.484836 0.201189 -0.175268)
(0.509692 0.199867 -0.175165)
(0.534647 0.19855 -0.175073)
(0.559642 0.197173 -0.174967)
(0.45 0 -0.15)
(0.475 0 -0.15)
(0.5 0 -0.15)
(0.525 0 -0.15)
(0.55 0 -0.15)
(0.450994 0.025891 -0.149887)
(0.475652 0.0252813 -0.149932)
(0.500547 0.0249938 -0.150018)
(0.5256 0.0247072 -0.15011)
(0.550858 0.0241035 -0.150166)
(0.451882 0.0514032 -0.149911)
(0.476604 0.0505933 -0.149953)
(0.50148 0.0499906 -0.150037)
(0.526519 0.0493869 -0.150127)
(0.551695 0.0485701 -0.150184)
(0.452999 0.0768573 -0.149972)
(0.47775 0.0758333 -0.149995)
(0.502633 0.0749836 -0.150054)
(0.527643 0.0741315 -0.150121)
(0.552765 0.0730956 -0.150161)
(0.454261 0.102182 -0.150051)
(0.479048 0.101005 -0.150046)
(0.503937 0.0999706 -0.15007)
(0.528925 0.0989347 -0.150103)
(0.553992 0.0977472 -0.150114)
(0.455622 0.127395 -0.150134)
(0.480438 0.126114 -0.150099)
(0.505334 0.124952 -0.150087)
(0.530303 0.123791 -0.150083)
(0.555327 0.122507 -0.150063)
(0.457032 0.152519 -0.150211)
(0.481869 0.151174 -0.150148)
(0.50677 0.14993 -0.150105)
(0.531725 0.148692 -0.150068)
(0.556719 0.147358 -0.150018)
(0.458458 0.177587 -0.150275)
(0.483305 0.176199 -0.150191)
(0.508202 0.174907 -0.150125)
(0.533149 0.173627 -0.150065)
(0.558127 0.172274 -0.149991)
(0.459915 0.202619 -0.150316)
(0.484734 0.201211 -0.150223)
(0.509591 0.199891 -0.150149)
(0.534539 0.198581 -0.150082)
(0.559526 0.19722 -0.15)
(0.45 0 -0.125)
(0.475 0 -0.125)
(0.5 0 -0.125)
(0.525 0 -0.125)
(0.55 0 -0.125)
(0.45102 0.025898 -0.124949)
(0.475663 0.0252821 -0.12497)
(0.500551 0.0249962 -0.125015)
(0.525607 0.0247107 -0.125064)
(0.550874 0.0241008 -0.125091)
(0.451908 0.0513949 -0.124967)
(0.476618 0.0505914 -0.124986)
(0.501486 0.0499958 -0.125031)
(0.526528 0.0493988 -0.125081)
(0.551713 0.0485869 -0.125107)
(0.453016 0.0768419 -0.125007)
(0.477757 0.0758315 -0.125015)
(0.502633 0.0749919 -0.125046)
(0.527645 0.0741495 -0.125081)
(0.552774 0.0731264 -0.125097)
(0.45426 0.102165 -0.125061)
(0.479041 0.101004 -0.125051)
(0.503924 0.0999821 -0.12506)
(0.528912 0.0989579 -0.125073)
(0.553983 0.0977873 -0.125072)
(0.4556 0.127381 -0.125119)
(0.480412 0.126117 -0.12509)
(0.505304 0.124967 -0.125075)
(0.530271 0.123818 -0.125063)
(0.555297 0.122553 -0.125041)
(0.456988 0.15251 -0.125174)
(0.481824 0.151181 -0.125126)
(0.506721 0.149948 -0.12509)
(0.531674 0.148722 -0.125057)
(0.556666 0.147407 -0.125015)
(0.458395 0.177588 -0.125221)
(0.483242 0.176211 -0.125159)
(0.508137 0.174928 -0.125109)
(0.53308 0.173659 -0.12506)
(0.558054 0.172323 -0.125001)
(0.45984 0.20263 -0.125251)
(0.48466 0.201228 -0.125184)
(0.509514 0.199915 -0.125129)
(0.534455 0.198615 -0.12508)
(0.559434 0.197269 -0.125017)
(0.45 0 -0.1)
(0.475 0 -0.1)
(0.5 0 -0.1)
(0.525 0 -0.1)
(0.55 0 -0.1)
(0.451031 0.0259006 -0.0999815)
(0.475665 0.0252824 -0.0999896)
(0.500549 0.0249979 -0.100012)
(0.525605 0.0247137 -0.100037)
(0.550878 0.024103 -0.100049)
(0.451919 0.0513885 -0.0999967)
(0.476619 0.0505897 -0.100003)
(0.501481 0.0500001 -0.100025)
(0.526524 0.0494091 -0.10005)
(0.551716 0.0486018 -0.10006)
(0.45302 0.0768301 -0.100025)
(0.477753 0.0758291 -0.100024)
(0.502624 0.0749991 -0.100037)
(0.527636 0.0741662 -0.100053)
(0.55277 0.0731526 -0.100056)
(0.454254 0.102151 -0.100062)
(0.479028 0.101003 -0.100049)
(0.503907 0.0999923 -0.100049)
(0.528894 0.0989798 -0.100051)
(0.553969 0.0978219 -0.100042)
(0.45558 0.127369 -0.100102)
(0.480388 0.126118 -0.100077)
(0.505276 0.12498 -0.100061)
(0.530242 0.123844 -0.100047)
(0.555269 0.122593 -0.100026)
(0.456954 0.152502 -0.10014)
(0.481787 0.151186 -0.100103)
(0.506681 0.149964 -0.100074)
(0.531633 0.148751 -0.100046)
(0.556624 0.14745 -0.100011)
(0.458348 0.177586 -0.100174)
(0.483194 0.176219 -0.100128)
(0.508086 0.174946 -0.100089)
(0.533026 0.173689 -0.100051)
(0.557997 0.172368 -0.100006)
(0.459784 0.202634 -0.100195)
(0.484603 0.201241 -0.100146)
(0.509453 0.199936 -0.100107)
(0.534389 0.198646 -0.10007)
(0.559363 0.197315 -0.100022)
(0.45 0 -0.075)
(0.475 0 -0.075)
(0.5 0 -0.075)
(0.525 0 -0.075)
(0.55 0 -0.075)
(0.451035 0.0259011 -0.0749964)
(0.475664 0.0252826 -0.0749985)
(0.500545 0.0249992 -0.0750091)
(0.525601 0.0247164 -0.075021)
(0.550876 0.0241071 -0.0750254)
(0.451922 0.0513841 -0.0750089)
(0.476616 0.0505888 -0.0750087)
(0.501474 0.0500036 -0.0750187)
(0.526517 0.0494172 -0.0750302)
(0.551711 0.0486139 -0.0750327)
(0.453018 0.0768224 -0.0750287)
(0.477746 0.0758279 -0.0750236)
(0.502612 0.075005 -0.0750279)
(0.527624 0.0741793 -0.0750336)
(0.552761 0.0731724 -0.075031)
(0.454245 0.102142 -0.0750535)
(0.479015 0.101002 -0.0750414)
(0.50389 0.100001 -0.075037)
(0.528877 0.0989972 -0.0750337)
(0.553953 0.0978481 -0.0750239)
(0.455563 0.12736 -0.0750805)
(0.480368 0.126119 -0.0750604)
(0.505252 0.124991 -0.0750462)
(0.530218 0.123865 -0.075033)
(0.555245 0.122624 -0.0750148)
(0.456928 0.152496 -0.0751071)
(0.481758 0.151189 -0.0750792)
(0.50665 0.149977 -0.0750564)
(0.5316 0.148774 -0.0750341)
(0.556591 0.147484 -0.0750074)
(0.458313 0.177584 -0.0751307)
(0.483156 0.176225 -0.0750966)
(0.508047 0.174961 -0.0750682)
(0.532985 0.173714 -0.0750401)
(0.557954 0.172404 -0.0750061)
(0.459741 0.202636 -0.0751455)
(0.484558 0.20125 -0.0751096)
(0.509406 0.199952 -0.0750815)
(0.534337 0.198672 -0.0750552)
(0.559309 0.197351 -0.07502)
(0.45 0 -0.05)
(0.475 0 -0.05)
(0.5 0 -0.05)
(0.525 0 -0.05)
(0.55 0 -0.05)
(0.451037 0.0259008 -0.0500016)
(0.475662 0.0252827 -0.0500015)
(0.500541 0.0250002 -0.050006)
(0.525597 0.0247184 -0.0500112)
(0.550874 0.0241109 -0.0500124)
(0.451921 0.0513811 -0.0500106)
(0.476612 0.0505885 -0.0500086)
(0.501467 0.0500062 -0.0500124)
(0.52651 0.0494229 -0.050017)
(0.551706 0.0486227 -0.0500166)
(0.453015 0.0768178 -0.0500234)
(0.477738 0.0758275 -0.0500183)
(0.502602 0.0750093 -0.0500186)
(0.527614 0.0741886 -0.0500197)
(0.552752 0.0731861 -0.050016)
(0.454237 0.102137 -0.0500389)
(0.479003 0.101002 -0.0500295)
(0.503877 0.100007 -0.0500247)
(0.528863 0.0990095 -0.0500205)
(0.55394 0.0978661 -0.0500124)
(0.455549 0.127355 -0.0500557)
(0.480352 0.12612 -0.0500416)
(0.505235 0.124999 -0.050031)
(0.530199 0.12388 -0.050021)
(0.555227 0.122645 -0.0500078)
(0.456909 0.152492 -0.0500725)
(0.481737 0.151191 -0.0500536)
(0.506627 0.149986 -0.050038)
(0.531577 0.14879 -0.0500226)
(0.556567 0.147507 -0.0500043)
(0.458287 0.177582 -0.0500875)
(0.483129 0.176229 -0.0500649)
(0.508018 0.174971 -0.050046)
(0.532955 0.173731 -0.0500273)
(0.557923 0.172429 -0.0500046)
(0.45971 0.202637 -0.050097)
(0.484526 0.201256 -0.0500733)
(0.509371 0.199964 -0.050055)
(0.534301 0.19869 -0.0500377)
(0.559271 0.197378 -0.0500145)
(0.45 0 -0.025)
(0.475 0 -0.025)
(0.5 0 -0.025)
(0.525 0 -0.025)
(0.55 0 -0.025)
(0.451037 0.0259004 -0.0250019)
(0.475661 0.0252828 -0.0250014)
(0.500539 0.0250008 -0.025003)
(0.525594 0.0247197 -0.0250048)
(0.550871 0.0241135 -0.025005)
(0.45192 0.0513795 -0.0250065)
(0.476609 0.0505884 -0.0250051)
(0.501463 0.0500078 -0.0250062)
(0.526505 0.0494262 -0.0250077)
(0.551702 0.048628 -0.0250069)
(0.453012 0.0768153 -0.0250128)
(0.477733 0.0758274 -0.0250098)
(0.502596 0.075012 -0.0250093)
(0.527607 0.074194 -0.0250091)
(0.552746 0.0731941 -0.0250067)
(0.454231 0.102134 -0.0250204)
(0.478996 0.101003 -0.0250153)
(0.503868 0.10001 -0.0250124)
(0.528854 0.0990168 -0.0250097)
(0.553932 0.0978766 -0.0250052)
(0.455541 0.127353 -0.0250285)
(0.480342 0.126121 -0.0250212)
(0.505223 0.125003 -0.0250156)
(0.530188 0.123888 -0.0250102)
(0.555216 0.122658 -0.0250033)
(0.456897 0.15249 -0.0250366)
(0.481724 0.151193 -0.0250271)
(0.506613 0.149992 -0.0250191)
(0.531562 0.1488 -0.0250112)
(0.556552 0.147521 -0.0250019)
(0.458272 0.177581 -0.025044)
(0.483113 0.176231 -0.0250326)
(0.508001 0.174978 -0.0250232)
(0.532937 0.173742 -0.0250138)
(0.557905 0.172444 -0.0250024)
(0.459692 0.202638 -0.0250486)
(0.484506 0.201259 -0.0250367)
(0.50935 0.199972 -0.0250277)
(0.534279 0.198701 -0.0250191)
(0.559248 0.197393 -0.0250075)
(0.45 0 0)
(0.475 0 0)
(0.5 0 0)
(0.525 0 0)
(0.55 0 0)
(0.451037 0.0259003 0)
(0.47566 0.0252828 0)
(0.500538 0.025001 0)
(0.525594 0.0247201 0)
(0.550871 0.0241144 0)
(0.45192 0.0513789 0)
(0.476607 0.0505884 0)
(0.501462 0.0500084 0)
(0.526504 0.0494274 0)
(0.551701 0.0486297 0)
(0.45301 0.0768146 0)
(0.477731 0.0758275 0)
(0.502594 0.0750129 0)
(0.527605 0.0741958 0)
(0.552744 0.0731968 0)
(0.454229 0.102133 0)
(0.478993 0.101003 0)
(0.503866 0.100012 0)
(0.528851 0.0990192 0)
(0.553929 0.09788 0)
(0.455538 0.127352 0)
(0.480338 0.126121 0)
(0.50522 0.125005 0)
(0.530184 0.123891 0)
(0.555212 0.122662 0)
(0.456893 0.15249 0)
(0.481719 0.151193 0)
(0.506609 0.149994 0)
(0.531557 0.148803 0)
(0.556547 0.147526 0)
(0.458266 0.177581 0)
(0.483107 0.176232 0)
(0.507995 0.17498 0)
(0.532931 0.173745 0)
(0.557899 0.172449 0)
(0.459685 0.202638 0)
(0.4845 0.20126 0)
(0.509343 0.199974 0)
(0.534271 0.198705 0)
(0.55924 0.197399 0)
)


// ************************************************************************* //
