/*--------------------------------*- C++ -*----------------------------------*\
| =========                 |                                                 |
| \\      /  F ield         | foam-extend: Open Source CFD                    |
|  \\    /   O peration     | Version:     3.1                                |
|   \\  /    A nd           | Web:         http://www.extend-project.de       |
|    \\/     M anipulation  |                                                 |
\*---------------------------------------------------------------------------*/
FoamFile
{
    version     2.0;
    format      ascii;
    class       vectorField;
    location    "0.7/polyMesh";
    object      points;
}
// * * * * * * * * * * * * * * * * * * * * * * * * * * * * * * * * * * * * * //


405
(
(0.45 0 -0.2)
(0.475 0 -0.2)
(0.5 0 -0.2)
(0.525 0 -0.2)
(0.55 0 -0.2)
(0.452095 0.0269606 -0.198816)
(0.476278 0.0256366 -0.199206)
(0.500973 0.0249077 -0.199839)
(0.526062 0.0241356 -0.200493)
(0.551555 0.0227384 -0.200912)
(0.45397 0.0526948 -0.198858)
(0.478342 0.0509853 -0.199207)
(0.503004 0.0497454 -0.199727)
(0.528055 0.0484742 -0.200266)
(0.553343 0.0466627 -0.200644)
(0.456474 0.0784114 -0.198854)
(0.480894 0.0762668 -0.199178)
(0.505573 0.0745428 -0.199624)
(0.530561 0.072785 -0.200076)
(0.555734 0.0705331 -0.200413)
(0.459212 0.103792 -0.198964)
(0.483733 0.101372 -0.19921)
(0.508439 0.0993018 -0.199537)
(0.533368 0.0972024 -0.199867)
(0.558409 0.0946966 -0.200117)
(0.462095 0.128937 -0.199074)
(0.486696 0.12635 -0.199245)
(0.511424 0.124045 -0.199467)
(0.536304 0.121717 -0.199689)
(0.561248 0.119074 -0.199861)
(0.464985 0.153891 -0.199165)
(0.489651 0.151238 -0.199275)
(0.514397 0.14879 -0.199411)
(0.539241 0.146329 -0.199548)
(0.564117 0.143642 -0.199656)
(0.467809 0.178734 -0.199214)
(0.492513 0.176073 -0.199286)
(0.51727 0.173552 -0.199363)
(0.542093 0.171021 -0.19944)
(0.566936 0.168341 -0.199511)
(0.47055 0.203544 -0.199216)
(0.49524 0.20089 -0.199272)
(0.519974 0.198335 -0.199315)
(0.544812 0.195768 -0.199358)
(0.569672 0.193096 -0.199413)
(0.45 0 -0.175)
(0.475 0 -0.175)
(0.5 0 -0.175)
(0.525 0 -0.175)
(0.55 0 -0.175)
(0.4523 0.0267297 -0.174268)
(0.47651 0.0254226 -0.174514)
(0.501252 0.0248072 -0.174905)
(0.526317 0.024174 -0.175321)
(0.551789 0.0228096 -0.1756)
(0.454257 0.0526461 -0.174125)
(0.478653 0.0509122 -0.174399)
(0.503353 0.0496293 -0.174793)
(0.528368 0.0483195 -0.175201)
(0.553629 0.0464869 -0.175497)
(0.456725 0.0783696 -0.174093)
(0.481174 0.0762063 -0.174352)
(0.505882 0.0744286 -0.174693)
(0.530835 0.0726201 -0.17504)
(0.555975 0.0703545 -0.175307)
(0.459419 0.103776 -0.174135)
(0.483959 0.101335 -0.174345)
(0.508681 0.0992028 -0.174609)
(0.533581 0.097044 -0.174875)
(0.558596 0.0945221 -0.175087)
(0.462245 0.128925 -0.174196)
(0.486859 0.126323 -0.174354)
(0.511596 0.123964 -0.174543)
(0.536454 0.121585 -0.174732)
(0.561378 0.118928 -0.174889)
(0.465088 0.153878 -0.174248)
(0.489761 0.151212 -0.174361)
(0.51451 0.148724 -0.17449)
(0.53934 0.146223 -0.174618)
(0.564203 0.143525 -0.174729)
(0.46788 0.178713 -0.174273)
(0.492586 0.176042 -0.174358)
(0.517343 0.173494 -0.174444)
(0.542159 0.170936 -0.17453)
(0.566997 0.168246 -0.174614)
(0.470612 0.203518 -0.174265)
(0.495302 0.200856 -0.174337)
(0.520036 0.19828 -0.174399)
(0.54487 0.195691 -0.174461)
(0.569727 0.19301 -0.174532)
(0.45 0 -0.15)
(0.475 0 -0.15)
(0.5 0 -0.15)
(0.525 0 -0.15)
(0.55 0 -0.15)
(0.45244 0.0267418 -0.149553)
(0.476614 0.0253895 -0.149701)
(0.501351 0.0247787 -0.149936)
(0.526435 0.0241521 -0.150189)
(0.551944 0.0227272 -0.150363)
(0.454466 0.0525961 -0.149398)
(0.478824 0.050851 -0.149583)
(0.50351 0.0495731 -0.149844)
(0.528543 0.0482681 -0.150115)
(0.553836 0.0464232 -0.150316)
(0.456926 0.0782987 -0.149325)
(0.481363 0.0761409 -0.149514)
(0.506063 0.0743606 -0.149756)
(0.531021 0.0725501 -0.150002)
(0.55617 0.0702925 -0.150197)
(0.459601 0.1037 -0.149311)
(0.484134 0.10127 -0.14948)
(0.508851 0.0991341 -0.14968)
(0.533749 0.0969717 -0.149882)
(0.558767 0.0944626 -0.150051)
(0.462396 0.128853 -0.149321)
(0.487009 0.126264 -0.149463)
(0.511742 0.123899 -0.149619)
(0.536596 0.121515 -0.149775)
(0.561517 0.118872 -0.149914)
(0.465209 0.153816 -0.149335)
(0.489884 0.151159 -0.149451)
(0.514632 0.148665 -0.149569)
(0.539458 0.146157 -0.149687)
(0.564317 0.143467 -0.149801)
(0.467983 0.178664 -0.149336)
(0.492692 0.175994 -0.149436)
(0.517449 0.173438 -0.149527)
(0.542261 0.170872 -0.149618)
(0.567094 0.168183 -0.149715)
(0.470713 0.203481 -0.149319)
(0.495408 0.200813 -0.149411)
(0.520144 0.198226 -0.149487)
(0.544973 0.195627 -0.149563)
(0.569823 0.19294 -0.149653)
(0.45 0 -0.125)
(0.475 0 -0.125)
(0.5 0 -0.125)
(0.525 0 -0.125)
(0.55 0 -0.125)
(0.452524 0.026764 -0.124724)
(0.476665 0.0253802 -0.124811)
(0.501394 0.0247666 -0.124954)
(0.526492 0.0241363 -0.125108)
(0.552032 0.0226668 -0.125212)
(0.454591 0.0525766 -0.124594)
(0.478921 0.0508184 -0.124712)
(0.503596 0.0495442 -0.124882)
(0.528643 0.0482423 -0.125058)
(0.553962 0.0463834 -0.125187)
(0.457068 0.0782508 -0.124513)
(0.481485 0.0760936 -0.124643)
(0.506176 0.0743198 -0.124809)
(0.531142 0.0725158 -0.124979)
(0.556309 0.070259 -0.125114)
(0.459741 0.103637 -0.124471)
(0.484263 0.101215 -0.124598)
(0.508974 0.0990871 -0.124745)
(0.533875 0.0969324 -0.124894)
(0.558902 0.0944311 -0.125021)
(0.462525 0.128787 -0.124451)
(0.487134 0.126208 -0.124568)
(0.511863 0.12385 -0.124691)
(0.536718 0.121473 -0.124815)
(0.561641 0.118839 -0.12493)
(0.465327 0.153756 -0.124439)
(0.490002 0.151106 -0.124545)
(0.514748 0.148616 -0.124647)
(0.539572 0.146112 -0.12475)
(0.56443 0.143428 -0.124852)
(0.468093 0.178616 -0.124425)
(0.492805 0.175947 -0.124523)
(0.517562 0.17339 -0.12461)
(0.542372 0.170823 -0.124696)
(0.5672 0.168134 -0.124791)
(0.470823 0.203444 -0.124405)
(0.495524 0.200772 -0.124498)
(0.52026 0.198178 -0.124576)
(0.545086 0.195573 -0.124654)
(0.569929 0.192882 -0.124745)
(0.45 0 -0.1)
(0.475 0 -0.1)
(0.5 0 -0.1)
(0.525 0 -0.1)
(0.55 0 -0.1)
(0.452574 0.0267805 -0.0998265)
(0.476691 0.0253772 -0.0998786)
(0.501415 0.0247605 -0.0999653)
(0.526521 0.0241261 -0.100059)
(0.552082 0.0226276 -0.100122)
(0.454667 0.0525719 -0.0997273)
(0.478978 0.0508019 -0.0998022)
(0.503646 0.0495284 -0.0999111)
(0.528703 0.0482266 -0.100024)
(0.55404 0.046354 -0.100106)
(0.457163 0.0782261 -0.0996556)
(0.481565 0.0760645 -0.0997428)
(0.50625 0.0742948 -0.0998549)
(0.531222 0.0724948 -0.0999694)
(0.556402 0.0702331 -0.100061)
(0.459844 0.103598 -0.0996074)
(0.484356 0.101178 -0.0996985)
(0.509062 0.0990554 -0.0998035)
(0.533967 0.0969068 -0.0999095)
(0.559002 0.0944062 -0.100002)
(0.462629 0.128742 -0.099575)
(0.487233 0.126166 -0.0996651)
(0.511959 0.123814 -0.0997593)
(0.536815 0.121443 -0.0998537)
(0.561742 0.118812 -0.0999427)
(0.46543 0.153711 -0.0995511)
(0.490103 0.151065 -0.0996386)
(0.514847 0.148578 -0.0997223)
(0.539672 0.146078 -0.0998057)
(0.564529 0.143396 -0.0998911)
(0.468195 0.178577 -0.0995304)
(0.492908 0.175908 -0.0996156)
(0.517664 0.173351 -0.0996911)
(0.542473 0.170785 -0.099766)
(0.567298 0.168096 -0.0998489)
(0.470928 0.203411 -0.0995111)
(0.49563 0.200736 -0.0995944)
(0.520366 0.198139 -0.0996645)
(0.54519 0.195531 -0.0997341)
(0.570029 0.192837 -0.0998154)
(0.45 0 -0.075)
(0.475 0 -0.075)
(0.5 0 -0.075)
(0.525 0 -0.075)
(0.55 0 -0.075)
(0.452604 0.026792 -0.0748914)
(0.476706 0.0253764 -0.0749226)
(0.501426 0.0247571 -0.0749749)
(0.526538 0.0241193 -0.0750314)
(0.552112 0.0226024 -0.0750689)
(0.454715 0.0525733 -0.0748207)
(0.479013 0.050794 -0.0748675)
(0.503676 0.0495194 -0.0749361)
(0.528739 0.048216 -0.075007)
(0.554088 0.0463321 -0.0750585)
(0.457226 0.0782158 -0.0747647)
(0.481617 0.0760481 -0.0748217)
(0.506298 0.0742794 -0.074895)
(0.531274 0.0724803 -0.07497)
(0.556465 0.0702117 -0.0750298)
(0.459917 0.103577 -0.0747223)
(0.484422 0.101154 -0.0747849)
(0.509125 0.0990345 -0.0748567)
(0.534032 0.0968885 -0.0749293)
(0.559073 0.0943847 -0.0749928)
(0.462708 0.128715 -0.0746901)
(0.487307 0.126138 -0.0747554)
(0.512032 0.123789 -0.0748231)
(0.536889 0.121421 -0.0748909)
(0.561818 0.118788 -0.0749556)
(0.465512 0.153682 -0.0746651)
(0.490183 0.151035 -0.0747314)
(0.514926 0.14855 -0.0747946)
(0.539751 0.146052 -0.0748574)
(0.564608 0.14337 -0.0749223)
(0.468279 0.17855 -0.0746446)
(0.492992 0.175879 -0.0747114)
(0.517747 0.173322 -0.0747707)
(0.542556 0.170756 -0.0748294)
(0.567379 0.168065 -0.0748943)
(0.471015 0.203387 -0.0746289)
(0.495718 0.200708 -0.0746951)
(0.520453 0.198109 -0.074751)
(0.545276 0.195498 -0.0748066)
(0.570112 0.192802 -0.074871)
(0.45 0 -0.05)
(0.475 0 -0.05)
(0.5 0 -0.05)
(0.525 0 -0.05)
(0.55 0 -0.05)
(0.452622 0.0267996 -0.049936)
(0.476715 0.0253764 -0.0499537)
(0.501433 0.0247553 -0.0499835)
(0.526548 0.024115 -0.0500156)
(0.55213 0.0225866 -0.0500369)
(0.454744 0.0525764 -0.0498907)
(0.479034 0.0507904 -0.0499182)
(0.503695 0.0495142 -0.0499585)
(0.528761 0.0482087 -0.0500001)
(0.554118 0.0463167 -0.0500303)
(0.457266 0.0782125 -0.0498529)
(0.481651 0.0760394 -0.0498873)
(0.506329 0.0742702 -0.0499317)
(0.531308 0.0724703 -0.049977)
(0.556504 0.0701956 -0.0500133)
(0.459966 0.103568 -0.0498223)
(0.484466 0.10114 -0.0498615)
(0.509167 0.0990213 -0.0499063)
(0.534076 0.0968756 -0.0499516)
(0.55912 0.0943678 -0.0499916)
(0.462763 0.1287 -0.0497977)
(0.487359 0.126121 -0.04984)
(0.512082 0.123773 -0.0498837)
(0.53694 0.121405 -0.0499275)
(0.561871 0.11877 -0.0499696)
(0.465571 0.153665 -0.049778)
(0.490241 0.151016 -0.0498223)
(0.514983 0.148531 -0.0498644)
(0.539807 0.146034 -0.0499063)
(0.564665 0.14335 -0.0499497)
(0.468341 0.178532 -0.0497623)
(0.493054 0.175859 -0.0498079)
(0.517808 0.173302 -0.0498483)
(0.542616 0.170736 -0.0498884)
(0.567438 0.168043 -0.0499327)
(0.47108 0.20337 -0.0497516)
(0.495783 0.200689 -0.0497971)
(0.520516 0.198088 -0.0498355)
(0.545339 0.195476 -0.0498738)
(0.570174 0.192777 -0.0499179)
(0.45 0 -0.025)
(0.475 0 -0.025)
(0.5 0 -0.025)
(0.525 0 -0.025)
(0.55 0 -0.025)
(0.452631 0.0268039 -0.0249702)
(0.476719 0.0253766 -0.0249783)
(0.501436 0.0247543 -0.0249918)
(0.526553 0.0241125 -0.0250063)
(0.55214 0.0225778 -0.025016)
(0.454761 0.052579 -0.0249481)
(0.479046 0.050789 -0.0249609)
(0.503705 0.0495115 -0.0249795)
(0.528773 0.0482045 -0.0249988)
(0.554134 0.0463076 -0.0250128)
(0.457289 0.0782121 -0.0249291)
(0.48167 0.0760353 -0.0249454)
(0.506347 0.0742652 -0.0249663)
(0.531327 0.0724643 -0.0249877)
(0.556526 0.0701855 -0.0250049)
(0.459994 0.103564 -0.0249132)
(0.484491 0.101134 -0.0249321)
(0.509191 0.099014 -0.0249537)
(0.534101 0.0968679 -0.0249755)
(0.559147 0.094357 -0.0249948)
(0.462795 0.128693 -0.0249001)
(0.48739 0.126112 -0.0249209)
(0.512112 0.123764 -0.0249424)
(0.53697 0.121396 -0.0249638)
(0.561902 0.118759 -0.0249846)
(0.465606 0.153656 -0.0248895)
(0.490275 0.151005 -0.0249116)
(0.515017 0.148521 -0.0249327)
(0.539841 0.146023 -0.0249536)
(0.564698 0.143338 -0.0249752)
(0.468379 0.178523 -0.0248811)
(0.493091 0.175848 -0.0249041)
(0.517845 0.17329 -0.0249246)
(0.542653 0.170724 -0.0249448)
(0.567474 0.16803 -0.0249672)
(0.47112 0.203361 -0.0248757)
(0.495822 0.200678 -0.0248987)
(0.520555 0.198076 -0.0249183)
(0.545377 0.195463 -0.0249377)
(0.570212 0.192762 -0.02496)
(0.45 0 0)
(0.475 0 0)
(0.5 0 0)
(0.525 0 0)
(0.55 0 0)
(0.452634 0.0268053 0)
(0.476721 0.0253767 0)
(0.501437 0.024754 0)
(0.526554 0.0241117 0)
(0.552143 0.022575 0)
(0.454766 0.0525799 0)
(0.47905 0.0507887 0)
(0.503708 0.0495107 0)
(0.528777 0.0482031 0)
(0.554139 0.0463045 0)
(0.457296 0.0782121 0)
(0.481676 0.0760342 0)
(0.506353 0.0742636 0)
(0.531333 0.0724623 0)
(0.556533 0.0701821 0)
(0.460003 0.103563 0)
(0.4845 0.101132 0)
(0.509199 0.0990117 0)
(0.534109 0.0968653 0)
(0.559156 0.0943534 0)
(0.462806 0.128691 0)
(0.4874 0.126109 0)
(0.512122 0.123761 0)
(0.53698 0.121393 0)
(0.561912 0.118755 0)
(0.465618 0.153653 0)
(0.490287 0.151002 0)
(0.515028 0.148517 0)
(0.539853 0.14602 0)
(0.56471 0.143334 0)
(0.468392 0.17852 0)
(0.493104 0.175845 0)
(0.517857 0.173287 0)
(0.542665 0.17072 0)
(0.567486 0.168025 0)
(0.471134 0.203358 0)
(0.495836 0.200675 0)
(0.520568 0.198072 0)
(0.54539 0.195458 0)
(0.570224 0.192757 0)
)


// ************************************************************************* //
