/*--------------------------------*- C++ -*----------------------------------*\
| =========                 |                                                 |
| \\      /  F ield         | foam-extend: Open Source CFD                    |
|  \\    /   O peration     | Version:     3.1                                |
|   \\  /    A nd           | Web:         http://www.extend-project.de       |
|    \\/     M anipulation  |                                                 |
\*---------------------------------------------------------------------------*/
FoamFile
{
    version     2.0;
    format      ascii;
    class       vectorField;
    location    "2.6/polyMesh";
    object      points;
}
// * * * * * * * * * * * * * * * * * * * * * * * * * * * * * * * * * * * * * //


405
(
(0.45 0 -0.2)
(0.475 0 -0.2)
(0.5 0 -0.2)
(0.525 0 -0.2)
(0.55 0 -0.2)
(0.450945 0.0259997 -0.199579)
(0.475581 0.0253417 -0.199737)
(0.50045 0.0249787 -0.200023)
(0.525516 0.0246073 -0.200316)
(0.550793 0.0239504 -0.200498)
(0.451891 0.051469 -0.199708)
(0.476593 0.050598 -0.199822)
(0.501438 0.0499737 -0.200041)
(0.526486 0.0493445 -0.200273)
(0.551671 0.0484658 -0.200425)
(0.453162 0.0769471 -0.199822)
(0.477881 0.0758382 -0.199895)
(0.502729 0.0749604 -0.200058)
(0.52775 0.0740769 -0.200234)
(0.55289 0.0729516 -0.200351)
(0.454593 0.102276 -0.199976)
(0.479353 0.101005 -0.199985)
(0.504211 0.0999364 -0.200071)
(0.529207 0.0988633 -0.20017)
(0.554289 0.0975759 -0.200225)
(0.456133 0.127492 -0.200119)
(0.480927 0.126111 -0.200069)
(0.505794 0.124904 -0.200082)
(0.530771 0.123694 -0.200108)
(0.555808 0.122303 -0.200102)
(0.457712 0.15261 -0.200242)
(0.482532 0.151167 -0.200141)
(0.507409 0.149866 -0.200094)
(0.532372 0.148567 -0.200056)
(0.557377 0.147125 -0.199994)
(0.459287 0.177668 -0.200337)
(0.484122 0.17619 -0.200202)
(0.509001 0.174829 -0.200107)
(0.533955 0.173473 -0.20002)
(0.558945 0.172011 -0.199916)
(0.460855 0.202691 -0.200393)
(0.485665 0.201198 -0.200242)
(0.51051 0.199801 -0.200121)
(0.535472 0.198405 -0.200007)
(0.560475 0.196935 -0.199886)
(0.45 0 -0.175)
(0.475 0 -0.175)
(0.5 0 -0.175)
(0.525 0 -0.175)
(0.55 0 -0.175)
(0.451021 0.025945 -0.174756)
(0.475673 0.0252994 -0.174849)
(0.500567 0.0249866 -0.175019)
(0.52562 0.0246736 -0.175198)
(0.550884 0.0240334 -0.175312)
(0.451973 0.0515095 -0.174798)
(0.476694 0.0506292 -0.17488)
(0.501569 0.0499769 -0.175036)
(0.526605 0.0493228 -0.175204)
(0.551777 0.0484353 -0.175315)
(0.4532 0.0769929 -0.174887)
(0.477943 0.0758764 -0.174936)
(0.502821 0.0749628 -0.17505)
(0.527831 0.0740455 -0.175175)
(0.552956 0.0729139 -0.175257)
(0.454584 0.10233 -0.175001)
(0.479365 0.10105 -0.175003)
(0.50425 0.0999406 -0.175061)
(0.529237 0.0988278 -0.175131)
(0.554306 0.0975329 -0.175167)
(0.456072 0.127543 -0.175113)
(0.480885 0.126155 -0.175069)
(0.505777 0.124912 -0.175071)
(0.530747 0.123666 -0.175085)
(0.555773 0.12227 -0.175073)
(0.457604 0.152655 -0.17521)
(0.482442 0.151208 -0.175126)
(0.50734 0.149879 -0.175082)
(0.532298 0.148551 -0.175048)
(0.557295 0.147105 -0.174991)
(0.459144 0.177704 -0.175286)
(0.483992 0.176223 -0.175173)
(0.50889 0.174845 -0.175096)
(0.533841 0.173472 -0.175025)
(0.558825 0.17201 -0.174934)
(0.460694 0.20272 -0.175329)
(0.485517 0.201225 -0.175204)
(0.51038 0.199818 -0.175109)
(0.535339 0.198414 -0.175023)
(0.560336 0.196946 -0.174919)
(0.45 0 -0.15)
(0.475 0 -0.15)
(0.5 0 -0.15)
(0.525 0 -0.15)
(0.55 0 -0.15)
(0.451076 0.0259551 -0.149872)
(0.475708 0.0252984 -0.149923)
(0.500596 0.0249894 -0.150017)
(0.525654 0.0246802 -0.150118)
(0.550932 0.0240245 -0.15018)
(0.452034 0.0515002 -0.14989)
(0.476739 0.0506284 -0.149939)
(0.501607 0.0499807 -0.150032)
(0.526649 0.0493308 -0.150132)
(0.551838 0.0484475 -0.150196)
(0.453238 0.0769795 -0.149946)
(0.477974 0.0758795 -0.149976)
(0.50285 0.0749676 -0.150044)
(0.527862 0.0740517 -0.15012)
(0.552992 0.0729354 -0.150166)
(0.454591 0.102317 -0.150021)
(0.479369 0.101055 -0.150022)
(0.504253 0.0999476 -0.150054)
(0.529241 0.0988363 -0.150094)
(0.554312 0.0975604 -0.15011)
(0.456044 0.127533 -0.1501)
(0.480856 0.126164 -0.150069)
(0.505748 0.124922 -0.150064)
(0.530717 0.123678 -0.150065)
(0.555743 0.122302 -0.150048)
(0.457543 0.152649 -0.150171)
(0.482381 0.151218 -0.150112)
(0.507281 0.149891 -0.150074)
(0.532237 0.148568 -0.150041)
(0.55723 0.147141 -0.149994)
(0.459054 0.177706 -0.150227)
(0.483905 0.176235 -0.150147)
(0.508805 0.17486 -0.150087)
(0.533753 0.173493 -0.150029)
(0.558732 0.172048 -0.149957)
(0.460589 0.202727 -0.150257)
(0.485415 0.201239 -0.150169)
(0.51028 0.199835 -0.150101)
(0.535233 0.198439 -0.150038)
(0.560222 0.196987 -0.149959)
(0.45 0 -0.125)
(0.475 0 -0.125)
(0.5 0 -0.125)
(0.525 0 -0.125)
(0.55 0 -0.125)
(0.451102 0.0259617 -0.12494)
(0.475719 0.0252984 -0.124964)
(0.500601 0.0249909 -0.125014)
(0.525662 0.0246829 -0.125069)
(0.550951 0.0240198 -0.125099)
(0.452063 0.0514898 -0.124953)
(0.476753 0.0506243 -0.124976)
(0.501614 0.0499842 -0.125027)
(0.52666 0.0493412 -0.125083)
(0.55186 0.0484628 -0.125113)
(0.453255 0.0769607 -0.124989)
(0.477982 0.0758745 -0.125001)
(0.502852 0.0749731 -0.125038)
(0.527866 0.0740675 -0.125078)
(0.553005 0.0729646 -0.125098)
(0.45459 0.102296 -0.125039)
(0.479362 0.101051 -0.125033)
(0.504241 0.0999556 -0.125047)
(0.529229 0.0988565 -0.125064)
(0.554305 0.0975985 -0.125066)
(0.456021 0.127513 -0.125092)
(0.48083 0.126162 -0.125066)
(0.505719 0.124932 -0.125055)
(0.530687 0.123702 -0.125047)
(0.555714 0.122346 -0.125028)
(0.457498 0.152635 -0.125142)
(0.482335 0.15122 -0.125097)
(0.507232 0.149905 -0.125064)
(0.532186 0.148594 -0.125034)
(0.557178 0.147187 -0.124993)
(0.458989 0.1777 -0.125182)
(0.483841 0.176241 -0.125123)
(0.508739 0.174876 -0.125076)
(0.533684 0.173521 -0.12503)
(0.558658 0.172095 -0.124972)
(0.460511 0.20273 -0.125204)
(0.485339 0.20125 -0.125139)
(0.510201 0.199854 -0.12509)
(0.535147 0.198468 -0.125044)
(0.56013 0.197032 -0.124981)
(0.45 0 -0.1)
(0.475 0 -0.1)
(0.5 0 -0.1)
(0.525 0 -0.1)
(0.55 0 -0.1)
(0.451113 0.025964 -0.0999761)
(0.475721 0.0252983 -0.0999858)
(0.500598 0.0249922 -0.100011)
(0.52566 0.0246855 -0.100039)
(0.550956 0.024021 -0.100053)
(0.452073 0.051482 -0.0999874)
(0.476754 0.0506213 -0.0999954)
(0.501609 0.0499874 -0.100022)
(0.526657 0.0493507 -0.10005)
(0.551864 0.0484769 -0.100063)
(0.453259 0.0769464 -0.100012)
(0.477978 0.07587 -0.100013)
(0.502842 0.0749786 -0.10003)
(0.527858 0.074083 -0.10005)
(0.553002 0.0729897 -0.100055)
(0.454583 0.102278 -0.100045)
(0.479348 0.101047 -0.100035)
(0.504223 0.0999634 -0.100038)
(0.529212 0.0988768 -0.100042)
(0.554292 0.097632 -0.100036)
(0.456 0.127497 -0.100081)
(0.480805 0.126159 -0.100058)
(0.50569 0.124943 -0.100045)
(0.530658 0.123726 -0.100033)
(0.555687 0.122385 -0.100013)
(0.457462 0.152622 -0.100116)
(0.482297 0.151221 -0.10008)
(0.507191 0.149918 -0.100053)
(0.532144 0.14862 -0.100026)
(0.557136 0.147229 -0.099992)
(0.45894 0.177693 -0.100145)
(0.48379 0.176245 -0.100099)
(0.508686 0.174891 -0.100063)
(0.533629 0.173549 -0.100027)
(0.558601 0.172138 -0.0999805)
(0.460451 0.202728 -0.100159)
(0.485278 0.201257 -0.100111)
(0.510137 0.199871 -0.100075)
(0.535079 0.198497 -0.100041)
(0.560057 0.197076 -0.0999924)
(0.45 0 -0.075)
(0.475 0 -0.075)
(0.5 0 -0.075)
(0.525 0 -0.075)
(0.55 0 -0.075)
(0.451117 0.025964 -0.0749931)
(0.475719 0.0252982 -0.0749961)
(0.500593 0.0249933 -0.0750084)
(0.525656 0.0246879 -0.0750219)
(0.550955 0.0240244 -0.0750274)
(0.452075 0.0514766 -0.0750028)
(0.476749 0.0506196 -0.0750038)
(0.501601 0.0499903 -0.075016)
(0.52665 0.0493582 -0.0750297)
(0.55186 0.0484886 -0.0750333)
(0.453256 0.0769372 -0.07502)
(0.477969 0.0758673 -0.0750161)
(0.50283 0.0749834 -0.0750226)
(0.527846 0.0740954 -0.0750303)
(0.552994 0.0730091 -0.0750287)
(0.454573 0.102267 -0.075042)
(0.479333 0.101044 -0.075031)
(0.504206 0.0999703 -0.0750284)
(0.529194 0.0988933 -0.0750269)
(0.554277 0.0976576 -0.0750176)
(0.455981 0.127485 -0.0750659)
(0.480782 0.126158 -0.0750467)
(0.505666 0.124951 -0.0750341)
(0.530633 0.123745 -0.0750221)
(0.555663 0.122415 -0.075004)
(0.457433 0.152613 -0.0750893)
(0.482266 0.151221 -0.075062)
(0.507158 0.149928 -0.0750404)
(0.53211 0.148642 -0.075019)
(0.557103 0.147262 -0.0749919)
(0.458901 0.177687 -0.0751093)
(0.48375 0.176248 -0.0750755)
(0.508644 0.174903 -0.0750483)
(0.533586 0.173572 -0.075021)
(0.558557 0.172173 -0.0749862)
(0.460404 0.202726 -0.0751194)
(0.48523 0.201262 -0.075084)
(0.510086 0.199885 -0.0750581)
(0.535025 0.198521 -0.0750331)
(0.560001 0.197112 -0.0749971)
(0.45 0 -0.05)
(0.475 0 -0.05)
(0.5 0 -0.05)
(0.525 0 -0.05)
(0.55 0 -0.05)
(0.451117 0.0259633 -0.0499997)
(0.475716 0.0252981 -0.0500001)
(0.500589 0.0249941 -0.0500054)
(0.525652 0.0246897 -0.0500115)
(0.550952 0.024028 -0.0500132)
(0.452073 0.051473 -0.0500069)
(0.476744 0.0506188 -0.0500055)
(0.501593 0.0499925 -0.0500105)
(0.526642 0.0493636 -0.0500163)
(0.551855 0.0484971 -0.0500164)
(0.453252 0.0769315 -0.050018)
(0.47796 0.0758661 -0.0500134)
(0.502819 0.0749872 -0.050015)
(0.527836 0.0741042 -0.0500172)
(0.552985 0.0730226 -0.0500138)
(0.454563 0.102261 -0.0500316)
(0.479321 0.101043 -0.0500227)
(0.504191 0.0999756 -0.0500189)
(0.52918 0.0989051 -0.0500156)
(0.554264 0.0976754 -0.0500076)
(0.455966 0.127479 -0.0500464)
(0.480765 0.126158 -0.0500326)
(0.505646 0.124958 -0.0500228)
(0.530613 0.12376 -0.0500134)
(0.555645 0.122436 -0.05)
(0.457412 0.152608 -0.050061)
(0.482242 0.151222 -0.0500423)
(0.507134 0.149937 -0.0500272)
(0.532085 0.148658 -0.0500122)
(0.557078 0.147286 -0.0499934)
(0.458873 0.177683 -0.0500737)
(0.483721 0.17625 -0.0500509)
(0.508614 0.174913 -0.0500327)
(0.533554 0.173589 -0.0500143)
(0.558525 0.172199 -0.0499908)
(0.46037 0.202724 -0.0500801)
(0.485195 0.201266 -0.0500565)
(0.510049 0.199896 -0.0500394)
(0.534986 0.198539 -0.0500229)
(0.559961 0.197139 -0.0499989)
(0.45 0 -0.025)
(0.475 0 -0.025)
(0.5 0 -0.025)
(0.525 0 -0.025)
(0.55 0 -0.025)
(0.451117 0.0259627 -0.025001)
(0.475715 0.025298 -0.0250007)
(0.500587 0.0249946 -0.0250027)
(0.525649 0.0246909 -0.0250049)
(0.55095 0.0240305 -0.0250052)
(0.452072 0.0514709 -0.0250048)
(0.476741 0.0506184 -0.0250036)
(0.501589 0.0499939 -0.0250052)
(0.526638 0.0493669 -0.0250072)
(0.551852 0.0485024 -0.0250066)
(0.453248 0.0769286 -0.0250103)
(0.477955 0.0758656 -0.0250075)
(0.502812 0.0749895 -0.0250074)
(0.527829 0.0741095 -0.0250077)
(0.552979 0.0730306 -0.0250054)
(0.454557 0.102257 -0.0250168)
(0.479312 0.101043 -0.025012)
(0.504182 0.0999789 -0.0250094)
(0.52917 0.0989121 -0.0250072)
(0.554255 0.0976859 -0.0250026)
(0.455956 0.127475 -0.0250239)
(0.480754 0.126158 -0.0250167)
(0.505634 0.124962 -0.0250114)
(0.530601 0.123768 -0.0250063)
(0.555633 0.122448 -0.0249992)
(0.457399 0.152604 -0.025031)
(0.482228 0.151223 -0.0250214)
(0.507119 0.149942 -0.0250137)
(0.53207 0.148668 -0.025006)
(0.557063 0.1473 -0.0249963)
(0.458856 0.17768 -0.0250371)
(0.483703 0.176252 -0.0250257)
(0.508595 0.174919 -0.0250165)
(0.533535 0.1736 -0.0250072)
(0.558506 0.172214 -0.0249954)
(0.460349 0.202722 -0.0250403)
(0.485173 0.201269 -0.0250284)
(0.510026 0.199902 -0.0250199)
(0.534963 0.19855 -0.0250117)
(0.559937 0.197155 -0.0249996)
(0.45 0 0)
(0.475 0 0)
(0.5 0 0)
(0.525 0 0)
(0.55 0 0)
(0.451117 0.0259624 0)
(0.475714 0.025298 0)
(0.500586 0.0249948 0)
(0.525649 0.0246913 0)
(0.55095 0.0240314 0)
(0.452071 0.0514703 0)
(0.476739 0.0506183 0)
(0.501587 0.0499944 0)
(0.526636 0.049368 0)
(0.55185 0.0485041 0)
(0.453246 0.0769276 0)
(0.477952 0.0758655 0)
(0.50281 0.0749903 0)
(0.527826 0.0741112 0)
(0.552977 0.0730333 0)
(0.454554 0.102256 0)
(0.479309 0.101043 0)
(0.504179 0.09998 0)
(0.529167 0.0989145 0)
(0.554252 0.0976893 0)
(0.455953 0.127474 0)
(0.48075 0.126158 0)
(0.50563 0.124964 0)
(0.530597 0.123771 0)
(0.555629 0.122453 0)
(0.457394 0.152603 0)
(0.482223 0.151223 0)
(0.507114 0.149943 0)
(0.532065 0.148671 0)
(0.557058 0.147304 0)
(0.45885 0.17768 0)
(0.483697 0.176252 0)
(0.508589 0.17492 0)
(0.533529 0.173603 0)
(0.558499 0.172219 0)
(0.460342 0.202722 0)
(0.485165 0.201269 0)
(0.510018 0.199904 0)
(0.534955 0.198554 0)
(0.559928 0.19716 0)
)


// ************************************************************************* //
