/*--------------------------------*- C++ -*----------------------------------*\
| =========                 |                                                 |
| \\      /  F ield         | foam-extend: Open Source CFD                    |
|  \\    /   O peration     | Version:     3.1                                |
|   \\  /    A nd           | Web:         http://www.extend-project.de       |
|    \\/     M anipulation  |                                                 |
\*---------------------------------------------------------------------------*/
FoamFile
{
    version     2.0;
    format      ascii;
    class       volScalarField;
    location    "0.0019";
    object      sigmaEq;
}
// * * * * * * * * * * * * * * * * * * * * * * * * * * * * * * * * * * * * * //

dimensions      [1 -1 -2 0 0 0 0];

internalField   nonuniform List<scalar> 
6400
(
5510.22
3983.56
3538.69
4415.59
5473.53
3964.76
3538.86
4445.62
5471.03
3962.57
3537.73
4445.74
5469.76
3961.68
3537.12
4445.28
5469.14
3961.21
3536.69
4444.71
5468.87
3960.92
3536.29
4444.07
5468.78
3960.69
3535.84
4443.37
5468.8
3960.44
3535.34
4442.66
5468.85
3960.14
3534.83
4442.03
5468.82
3959.89
3534.47
4441.63
5468.82
3959.89
3534.47
4441.63
5468.85
3960.14
3534.83
4442.02
5468.8
3960.44
3535.34
4442.66
5468.78
3960.69
3535.84
4443.37
5468.87
3960.92
3536.28
4444.06
5469.14
3961.21
3536.69
4444.71
5469.76
3961.68
3537.12
4445.28
5471.03
3962.57
3537.73
4445.74
5473.53
3964.76
3538.86
4445.62
5510.22
3983.56
3538.69
4415.59
3783.48
3581.4
3172.93
2522.73
3783.33
3575.24
3162.63
2516.12
3780.76
3573.27
3161.41
2516.27
3779.51
3572.45
3160.8
2515.99
3778.83
3571.83
3160.25
2515.53
3778.41
3571.35
3159.74
2514.99
3778.21
3570.97
3159.26
2514.43
3778.16
3570.64
3158.82
2513.9
3778.27
3570.33
3158.4
2513.44
3778.67
3570.14
3158.13
2513.14
3778.67
3570.14
3158.13
2513.14
3778.27
3570.33
3158.4
2513.44
3778.16
3570.64
3158.82
2513.9
3778.21
3570.97
3159.26
2514.43
3778.42
3571.35
3159.74
2514.99
3778.83
3571.83
3160.25
2515.53
3779.52
3572.45
3160.8
2515.99
3780.76
3573.27
3161.41
2516.27
3783.33
3575.24
3162.63
2516.12
3783.49
3581.4
3172.93
2522.73
4041.12
3833.42
3445.82
2886.63
4049.85
3828.95
3433.64
2869.82
4048.58
3828.49
3432.72
2869.81
4048.02
3828.36
3432.63
2869.82
4047.6
3828.11
3432.49
2869.82
4047.23
3827.82
3432.29
2869.76
4046.99
3827.56
3432.07
2869.62
4046.95
3827.39
3431.86
2869.43
4047.22
3827.31
3431.66
2869.18
4048.13
3827.36
3431.54
2868.97
4048.13
3827.37
3431.54
2868.97
4047.22
3827.31
3431.66
2869.17
4046.95
3827.39
3431.86
2869.43
4046.99
3827.56
3432.07
2869.62
4047.23
3827.82
3432.29
2869.75
4047.6
3828.11
3432.49
2869.82
4048.03
3828.36
3432.63
2869.82
4048.59
3828.49
3432.72
2869.81
4049.86
3828.95
3433.64
2869.82
4041.13
3833.43
3445.82
2886.63
5355.84
4886.19
4434.72
4030.68
5361.12
4880.61
4424.05
4013.64
5360.06
4880.61
4423.41
4014.32
5359.76
4880.56
4423.34
4014.52
5359.53
4880.47
4423.36
4014.67
5359.34
4880.38
4423.36
4014.79
5359.25
4880.34
4423.36
4014.86
5359.36
4880.38
4423.36
4014.84
5359.78
4880.51
4423.33
4014.71
5360.88
4880.72
4423.3
4014.57
5360.88
4880.72
4423.3
4014.57
5359.78
4880.51
4423.33
4014.71
5359.36
4880.38
4423.36
4014.84
5359.25
4880.34
4423.36
4014.86
5359.34
4880.39
4423.36
4014.79
5359.53
4880.47
4423.36
4014.66
5359.76
4880.57
4423.34
4014.51
5360.06
4880.61
4423.41
4014.32
5361.13
4880.61
4424.05
4013.64
5355.85
4886.19
4434.72
4030.68
6593.88
5956.79
5424.03
5029.87
6598.03
5951.09
5414.11
5011.71
6597.07
5951.33
5413.6
5012.84
6596.78
5951.13
5413.33
5013.02
6596.58
5950.99
5413.28
5013.14
6596.48
5950.96
5413.32
5013.28
6596.5
5951.02
5413.4
5013.42
6596.72
5951.17
5413.49
5013.49
6597.24
5951.42
5413.56
5013.44
6598.4
5951.71
5413.59
5013.34
6598.4
5951.71
5413.59
5013.34
6597.24
5951.42
5413.56
5013.44
6596.72
5951.17
5413.49
5013.49
6596.5
5951.02
5413.4
5013.42
6596.48
5950.96
5413.32
5013.28
6596.59
5951
5413.28
5013.13
6596.78
5951.13
5413.33
5013.02
6597.07
5951.33
5413.6
5012.84
6598.03
5951.09
5414.11
5011.71
6593.88
5956.79
5424.03
5029.87
7488.17
6771.87
6181.13
5747.07
7493.37
6766.87
6171.67
5727.51
7492.65
6767.37
6171.24
5728.81
7492.45
6767.11
6170.82
5728.88
7492.31
6766.93
6170.67
5728.88
7492.28
6766.91
6170.67
5728.97
7492.4
6767.02
6170.76
5729.11
7492.71
6767.24
6170.89
5729.22
7493.3
6767.55
6171.01
5729.22
7494.5
6767.88
6171.07
5729.15
7494.5
6767.88
6171.07
5729.15
7493.3
6767.55
6171.01
5729.22
7492.71
6767.24
6170.89
5729.22
7492.41
6767.02
6170.76
5729.11
7492.29
6766.91
6170.67
5728.97
7492.31
6766.93
6170.67
5728.88
7492.45
6767.11
6170.82
5728.88
7492.66
6767.38
6171.24
5728.81
7493.38
6766.88
6171.67
5727.51
7488.18
6771.87
6181.13
5747.06
8019.18
7274.66
6653.6
6181.81
8026.07
7270.6
6644.55
6161.33
8025.65
7271.35
6644.19
6162.61
8025.66
7271.14
6643.69
6162.54
8025.69
7271
6643.46
6162.4
8025.82
7271.03
6643.42
6162.38
8026.08
7271.2
6643.5
6162.47
8026.51
7271.48
6643.66
6162.57
8027.18
7271.85
6643.8
6162.59
8028.42
7272.22
6643.88
6162.54
8028.42
7272.22
6643.88
6162.54
8027.18
7271.85
6643.8
6162.59
8026.51
7271.49
6643.66
6162.57
8026.09
7271.2
6643.5
6162.46
8025.83
7271.03
6643.42
6162.38
8025.69
7271
6643.46
6162.4
8025.67
7271.15
6643.69
6162.54
8025.66
7271.35
6644.19
6162.61
8026.08
7270.6
6644.55
6161.33
8019.18
7274.66
6653.6
6181.8
8211.69
7469.62
6842.46
6351.14
8220.04
7466.37
6833.8
6330.38
8219.95
7467.33
6833.45
6331.51
8220.28
7467.26
6832.93
6331.27
8220.6
7467.24
6832.66
6330.95
8221.01
7467.38
6832.6
6330.79
8221.51
7467.66
6832.67
6330.76
8222.14
7468.05
6832.83
6330.8
8222.94
7468.49
6832.98
6330.79
8224.23
7468.9
6833.08
6330.74
8224.23
7468.9
6833.08
6330.74
8222.94
7468.49
6832.98
6330.79
8222.14
7468.05
6832.83
6330.8
8221.52
7467.66
6832.67
6330.76
8221.01
7467.38
6832.6
6330.78
8220.61
7467.24
6832.66
6330.95
8220.29
7467.27
6832.93
6331.27
8219.96
7467.33
6833.45
6331.51
8220.05
7466.38
6833.8
6330.38
8211.7
7469.62
6842.46
6351.14
8091.35
7375.43
6763.67
6272.99
8100.66
7372.8
6755.39
6252.52
8100.89
7373.88
6754.99
6253.38
8101.61
7374.01
6754.47
6252.92
8102.34
7374.18
6754.19
6252.38
8103.15
7374.5
6754.1
6252
8104.02
7374.94
6754.15
6251.78
8104.94
7375.47
6754.3
6251.67
8105.95
7376.01
6754.46
6251.58
8107.33
7376.48
6754.57
6251.49
8107.33
7376.48
6754.57
6251.49
8105.95
7376.01
6754.46
6251.58
8104.94
7375.47
6754.3
6251.67
8104.02
7374.94
6754.15
6251.78
8103.16
7374.5
6754.1
6251.99
8102.35
7374.18
6754.19
6252.38
8101.61
7374.01
6754.47
6252.91
8100.89
7373.88
6754.99
6253.37
8100.67
7372.8
6755.39
6252.52
8091.36
7375.43
6763.67
6272.98
7680.08
7014
6438.31
5966.17
7689.93
7011.87
6430.45
5946.53
7690.46
7013.01
6429.97
5946.99
7691.62
7013.36
6429.45
5946.25
7692.86
7013.76
6429.15
5945.42
7694.17
7014.31
6429.02
5944.74
7695.51
7014.95
6429.03
5944.23
7696.82
7015.65
6429.14
5943.87
7698.11
7016.32
6429.28
5943.61
7699.6
7016.84
6429.38
5943.43
7699.6
7016.84
6429.38
5943.43
7698.12
7016.32
6429.28
5943.61
7696.82
7015.65
6429.14
5943.87
7695.51
7014.95
6429.03
5944.23
7694.17
7014.31
6429.02
5944.74
7692.86
7013.76
6429.15
5945.42
7691.63
7013.36
6429.45
5946.25
7690.47
7013.02
6429.97
5946.99
7689.93
7011.87
6430.45
5946.52
7680.08
7014
6438.31
5966.17
7004.36
6413.52
5894.21
5455.14
7014.59
6411.92
5886.9
5436.83
7015.43
6413.09
5886.31
5436.79
7017.04
6413.66
5885.78
5435.7
7018.8
6414.3
5885.43
5434.51
7020.66
6415.07
5885.23
5433.42
7022.52
6415.93
5885.16
5432.5
7024.29
6416.8
5885.19
5431.78
7025.9
6417.59
5885.27
5431.24
7027.51
6418.18
5885.34
5430.92
7027.51
6418.18
5885.34
5430.92
7025.91
6417.59
5885.27
5431.24
7024.29
6416.8
5885.19
5431.77
7022.52
6415.93
5885.16
5432.5
7020.66
6415.08
5885.23
5433.42
7018.8
6414.3
5885.43
5434.51
7017.04
6413.66
5885.78
5435.7
7015.44
6413.09
5886.31
5436.79
7014.6
6411.93
5886.9
5436.83
7004.36
6413.52
5894.21
5455.14
6108.96
5616.5
5171.61
4777.38
6119.64
5615.63
5165.14
4761.01
6120.75
5616.77
5164.42
4760.38
6122.75
5617.54
5163.87
4758.91
6124.99
5618.38
5163.45
4757.31
6127.35
5619.34
5163.15
4755.77
6129.7
5620.35
5162.94
4754.36
6131.9
5621.35
5162.84
4753.18
6133.83
5622.23
5162.81
4752.29
6135.53
5622.85
5162.82
4751.79
6135.53
5622.85
5162.82
4751.79
6133.83
5622.23
5162.81
4752.29
6131.9
5621.35
5162.84
4753.18
6129.71
5620.36
5162.94
4754.36
6127.36
5619.34
5163.14
4755.76
6125
5618.38
5163.45
4757.31
6122.76
5617.54
5163.87
4758.91
6120.76
5616.77
5164.42
4760.37
6119.65
5615.63
5165.14
4761
6108.96
5616.5
5171.61
4777.38
5074.13
4687.53
4327.87
3992.58
5085.22
4687.56
4322.61
3978.97
5086.54
4688.62
4321.78
3977.77
5088.82
4689.51
4321.2
3976.01
5091.39
4690.45
4320.69
3974.1
5094.11
4691.48
4320.24
3972.17
5096.8
4692.54
4319.85
3970.33
5099.31
4693.56
4319.57
3968.73
5101.46
4694.44
4319.38
3967.5
5103.18
4695.03
4319.3
3966.81
5103.18
4695.03
4319.3
3966.81
5101.46
4694.44
4319.38
3967.5
5099.31
4693.56
4319.57
3968.73
5096.81
4692.54
4319.85
3970.33
5094.11
4691.48
4320.23
3972.16
5091.4
4690.45
4320.69
3974.1
5088.82
4689.52
4321.2
3976.01
5086.55
4688.62
4321.78
3977.77
5085.23
4687.56
4322.61
3978.97
5074.13
4687.53
4327.87
3992.58
4030.01
3715.29
3435.81
3186.79
4040.63
3716.04
3432.23
3177.34
4042.03
3716.93
3431.31
3175.78
4044.4
3717.8
3430.68
3174
4047.09
3718.64
3430.04
3172.05
4049.93
3719.53
3429.38
3170.02
4052.75
3720.43
3428.76
3168.04
4055.36
3721.29
3428.24
3166.25
4057.54
3722.01
3427.85
3164.85
4059.17
3722.49
3427.65
3164.06
4059.17
3722.49
3427.65
3164.06
4057.55
3722.01
3427.85
3164.85
4055.36
3721.29
3428.24
3166.25
4052.76
3720.43
3428.76
3168.04
4049.93
3719.53
3429.38
3170.02
4047.1
3718.64
3430.03
3172.05
4044.4
3717.8
3430.68
3173.99
4042.04
3716.93
3431.31
3175.78
4040.63
3716.05
3432.23
3177.34
4030.01
3715.29
3435.81
3186.78
3140.97
2805.36
2576.74
2457.22
3148.76
2806.03
2575.25
2453.78
3150.03
2806.59
2574.26
2452.27
3152.23
2807.24
2573.55
2450.83
3154.77
2807.79
2572.72
2449.25
3157.45
2808.32
2571.82
2447.57
3160.11
2808.84
2570.93
2445.86
3162.54
2809.33
2570.13
2444.28
3164.52
2809.73
2569.51
2443.01
3165.89
2809.99
2569.17
2442.27
3165.89
2809.99
2569.17
2442.27
3164.52
2809.73
2569.51
2443.01
3162.54
2809.33
2570.13
2444.28
3160.11
2808.84
2570.93
2445.86
3157.45
2808.32
2571.82
2447.56
3154.77
2807.79
2572.72
2449.25
3152.23
2807.24
2573.55
2450.82
3150.04
2806.6
2574.25
2452.27
3148.77
2806.04
2575.25
2453.78
3140.97
2805.36
2576.74
2457.22
2518.74
2068.31
1840.92
1868.8
2521.41
2067.77
1841.49
1871.86
2522.3
2067.95
1840.5
1870.72
2524.02
2068.33
1839.78
1869.8
2526.11
2068.58
1838.89
1868.79
2528.32
2068.78
1837.87
1867.67
2530.51
2068.95
1836.84
1866.48
2532.48
2069.09
1835.89
1865.34
2534.04
2069.18
1835.14
1864.39
2535.05
2069.25
1834.71
1863.83
2535.05
2069.25
1834.71
1863.83
2534.04
2069.19
1835.14
1864.39
2532.48
2069.09
1835.89
1865.34
2530.51
2068.95
1836.84
1866.48
2528.32
2068.78
1837.87
1867.66
2526.11
2068.59
1838.89
1868.79
2524.03
2068.34
1839.78
1869.8
2522.3
2067.95
1840.5
1870.72
2521.42
2067.78
1841.49
1871.86
2518.75
2068.32
1840.92
1868.8
2115.13
1591.87
1331.85
1418.73
2113.91
1590
1333.26
1424.96
2114.36
1590.03
1332.47
1424.06
2115.49
1590.44
1332.05
1423.4
2116.94
1590.78
1331.51
1422.68
2118.49
1591.09
1330.88
1421.85
2120.04
1591.38
1330.23
1420.95
2121.43
1591.61
1329.61
1420.08
2122.51
1591.76
1329.1
1419.34
2123.2
1591.83
1328.8
1418.9
2123.2
1591.83
1328.8
1418.9
2122.52
1591.76
1329.1
1419.34
2121.43
1591.61
1329.61
1420.08
2120.05
1591.38
1330.23
1420.95
2118.5
1591.1
1330.88
1421.84
2116.94
1590.79
1331.51
1422.67
2115.5
1590.45
1332.05
1423.4
2114.37
1590.04
1332.47
1424.05
2113.92
1590.01
1333.26
1424.95
2115.13
1591.87
1331.85
1418.73
1791.96
1363.13
1101.96
1080.9
1790.93
1361.41
1102.13
1084.42
1791.13
1361.62
1101.71
1083.41
1791.79
1362.29
1101.82
1082.68
1792.67
1363
1101.97
1081.9
1793.63
1363.73
1102.1
1081.05
1794.59
1364.45
1102.23
1080.17
1795.49
1365.1
1102.33
1079.34
1796.21
1365.58
1102.38
1078.66
1796.69
1365.85
1102.4
1078.26
1796.69
1365.85
1102.4
1078.26
1796.21
1365.58
1102.38
1078.66
1795.49
1365.1
1102.33
1079.34
1794.6
1364.45
1102.23
1080.17
1793.63
1363.73
1102.1
1081.05
1792.68
1363
1101.97
1081.9
1791.8
1362.3
1101.82
1082.67
1791.14
1361.63
1101.71
1083.41
1790.94
1361.42
1102.13
1084.41
1791.97
1363.14
1101.96
1080.89
1500.45
1252.48
1044.2
888.373
1502.05
1251.82
1042.78
886.405
1502.21
1252.15
1042.59
885.495
1502.6
1252.86
1042.94
884.923
1503.12
1253.62
1043.41
884.42
1503.66
1254.43
1043.93
883.914
1504.23
1255.24
1044.46
883.409
1504.78
1255.98
1044.92
882.94
1505.27
1256.56
1045.28
882.558
1505.66
1256.9
1045.47
882.334
1505.66
1256.9
1045.47
882.334
1505.27
1256.57
1045.28
882.558
1504.78
1255.98
1044.92
882.94
1504.23
1255.24
1044.46
883.408
1503.67
1254.43
1043.94
883.912
1503.12
1253.62
1043.42
884.418
1502.61
1252.86
1042.94
884.921
1502.21
1252.16
1042.59
885.493
1502.06
1251.82
1042.78
886.403
1500.46
1252.48
1044.21
888.371
1285.73
1159.52
1018.1
868.153
1289.04
1159.44
1016.35
864.316
1289.17
1159.72
1016.23
864.082
1289.43
1160.18
1016.55
864.172
1289.74
1160.68
1016.98
864.419
1290.06
1161.2
1017.46
864.735
1290.4
1161.72
1017.94
865.059
1290.75
1162.21
1018.38
865.342
1291.1
1162.61
1018.72
865.544
1291.44
1162.86
1018.9
865.644
1291.45
1162.86
1018.9
865.645
1291.1
1162.61
1018.72
865.544
1290.75
1162.21
1018.38
865.342
1290.4
1161.72
1017.94
865.059
1290.07
1161.2
1017.46
864.735
1289.75
1160.68
1016.98
864.418
1289.44
1160.19
1016.55
864.171
1289.17
1159.72
1016.23
864.081
1289.05
1159.45
1016.35
864.315
1285.74
1159.53
1018.1
868.153
1156.34
1069.59
980.749
910.253
1159.51
1069.57
979.501
907.597
1159.58
1069.76
979.469
907.907
1159.73
1070.02
979.728
908.414
1159.92
1070.28
980.089
909.067
1160.11
1070.56
980.487
909.795
1160.32
1070.84
980.886
910.517
1160.55
1071.12
981.246
911.151
1160.8
1071.37
981.524
911.62
1161.12
1071.54
981.68
911.866
1161.12
1071.54
981.68
911.867
1160.81
1071.37
981.525
911.62
1160.55
1071.12
981.247
911.152
1160.32
1070.85
980.887
910.518
1160.12
1070.56
980.489
909.796
1159.92
1070.28
980.091
909.067
1159.73
1070.02
979.731
908.414
1159.58
1069.76
979.472
907.907
1159.52
1069.57
979.504
907.598
1156.35
1069.6
980.752
910.254
1054.55
984.235
924.975
895.563
1057.29
984.278
924.155
893.606
1057.33
984.466
924.174
893.96
1057.4
984.649
924.385
894.393
1057.5
984.838
924.681
894.905
1057.61
985.045
925.008
895.458
1057.75
985.262
925.333
895.993
1057.91
985.478
925.623
896.451
1058.11
985.672
925.845
896.781
1058.38
985.81
925.968
896.95
1058.39
985.811
925.968
896.95
1058.12
985.674
925.846
896.781
1057.91
985.48
925.625
896.452
1057.75
985.265
925.334
895.994
1057.62
985.048
925.01
895.459
1057.51
984.842
924.684
894.906
1057.4
984.653
924.388
894.394
1057.33
984.471
924.176
893.96
1057.3
984.284
924.159
893.607
1054.56
984.241
924.978
895.564
949.108
890.687
838.354
800.462
951.611
890.815
837.57
798.269
951.696
890.997
837.529
798.363
951.764
891.138
837.621
798.484
951.855
891.272
837.766
798.618
951.96
891.419
837.925
798.753
952.085
891.573
838.079
798.866
952.235
891.724
838.21
798.942
952.414
891.856
838.305
798.975
952.634
891.949
838.353
798.98
952.635
891.949
838.354
798.98
952.417
891.858
838.306
798.975
952.239
891.727
838.212
798.943
952.09
891.577
838.081
798.867
951.966
891.424
837.927
798.754
951.862
891.277
837.768
798.619
951.772
891.143
837.624
798.485
951.705
891.002
837.532
798.363
951.62
890.822
837.573
798.27
949.118
890.693
838.358
800.464
858.525
789.674
725.985
663.653
860.374
789.602
725.001
661.089
860.523
789.711
724.828
660.885
860.64
789.784
724.757
660.72
860.787
789.833
724.706
660.529
860.947
789.88
724.649
660.315
861.119
789.925
724.584
660.081
861.295
789.967
724.514
659.846
861.47
790.002
724.448
659.641
861.643
790.028
724.406
659.514
861.644
790.029
724.407
659.515
861.473
790.004
724.45
659.641
861.3
789.97
724.516
659.847
861.125
789.929
724.586
660.082
860.954
789.884
724.651
660.315
860.795
789.838
724.709
660.53
860.65
789.789
724.76
660.72
860.533
789.718
724.831
660.886
860.385
789.609
725.005
661.09
858.537
789.681
725.988
663.654
797.155
702.007
618.806
536.887
797.939
701.467
617.57
534.24
798.102
701.484
617.292
533.856
798.244
701.504
617.12
533.555
798.429
701.499
616.956
533.227
798.629
701.487
616.78
532.872
798.832
701.47
616.597
532.505
799.022
701.45
616.422
532.156
799.187
701.429
616.275
531.867
799.32
701.418
616.187
531.697
799.321
701.418
616.188
531.697
799.19
701.431
616.276
531.868
799.027
701.454
616.423
532.157
798.839
701.475
616.599
532.506
798.637
701.492
616.782
532.872
798.439
701.504
616.959
533.227
798.254
701.51
617.124
533.555
798.113
701.491
617.295
533.856
797.951
701.474
617.574
534.24
797.167
702.015
618.81
536.888
750.008
641.474
546.714
455.53
750.004
640.564
545.321
453.024
750.14
640.53
545.032
452.616
750.249
640.539
544.869
452.34
750.403
640.536
544.725
452.058
750.571
640.533
544.578
451.764
750.74
640.528
544.431
451.467
750.896
640.521
544.293
451.19
751.026
640.51
544.179
450.964
751.123
640.503
544.111
450.832
751.124
640.503
544.112
450.832
751.03
640.512
544.18
450.964
750.901
640.524
544.295
451.191
750.747
640.533
544.433
451.468
750.58
640.538
544.581
451.764
750.413
640.542
544.728
452.058
750.259
640.545
544.872
452.34
750.152
640.537
545.035
452.617
750.016
640.572
545.325
453.025
750.021
641.482
546.718
455.531
699.475
601.204
512.259
426.369
699.247
600.251
510.935
424.206
699.358
600.215
510.709
423.893
699.409
600.232
510.613
423.734
699.494
600.246
510.549
423.592
699.588
600.265
510.492
423.458
699.684
600.286
510.441
423.328
699.775
600.306
510.394
423.209
699.856
600.321
510.355
423.11
699.921
600.328
510.33
423.052
699.922
600.329
510.331
423.052
699.86
600.323
510.356
423.111
699.78
600.309
510.396
423.209
699.691
600.29
510.443
423.329
699.596
600.27
510.495
423.458
699.504
600.251
510.552
423.593
699.42
600.238
510.616
423.734
699.37
600.222
510.712
423.894
699.26
600.259
510.939
424.207
699.488
601.211
512.263
426.369
644.517
569.081
498.207
430.511
644.414
568.324
497.154
428.88
644.519
568.309
497.008
428.694
644.528
568.332
496.973
428.653
644.554
568.351
496.97
428.639
644.582
568.374
496.979
428.641
644.613
568.4
496.993
428.65
644.648
568.427
497.008
428.658
644.687
568.449
497.017
428.661
644.727
568.462
497.021
428.66
644.728
568.463
497.021
428.66
644.691
568.451
497.018
428.661
644.653
568.43
497.009
428.659
644.62
568.404
496.995
428.65
644.591
568.378
496.981
428.641
644.564
568.356
496.973
428.639
644.539
568.338
496.975
428.653
644.531
568.315
497.011
428.694
644.427
568.331
497.157
428.88
644.53
569.088
498.211
430.512
593.481
540.394
489.56
442.941
593.564
539.888
488.831
441.838
593.678
539.897
488.748
441.742
593.672
539.925
488.747
441.77
593.671
539.942
488.773
441.82
593.667
539.96
488.809
441.886
593.664
539.98
488.847
441.955
593.668
540.001
488.882
442.017
593.684
540.018
488.908
442.062
593.709
540.029
488.92
442.084
593.71
540.03
488.92
442.084
593.687
540.02
488.908
442.062
593.673
540.003
488.883
442.018
593.671
539.983
488.848
441.955
593.675
539.964
488.81
441.886
593.681
539.947
488.775
441.82
593.683
539.93
488.749
441.77
593.69
539.903
488.75
441.742
593.577
539.894
488.834
441.838
593.494
540.401
489.563
442.941
552.554
515.195
479.619
448.53
552.736
514.878
479.141
447.793
552.862
514.904
479.092
447.736
552.859
514.934
479.104
447.782
552.855
514.95
479.135
447.842
552.845
514.964
479.172
447.911
552.836
514.978
479.209
447.98
552.833
514.992
479.241
448.04
552.84
515.003
479.264
448.083
552.857
515.009
479.274
448.104
552.858
515.01
479.275
448.104
552.843
515.005
479.264
448.083
552.838
514.994
479.242
448.041
552.843
514.981
479.21
447.98
552.853
514.968
479.173
447.911
552.864
514.954
479.137
447.842
552.869
514.939
479.106
447.782
552.873
514.909
479.094
447.735
552.748
514.884
479.143
447.792
552.566
515.201
479.621
448.53
521.985
493.287
466.561
443.581
522.159
493.065
466.221
443.033
522.29
493.095
466.184
442.978
522.294
493.124
466.193
443.016
522.298
493.139
466.218
443.058
522.295
493.15
466.244
443.103
522.291
493.16
466.269
443.147
522.29
493.168
466.289
443.183
522.297
493.173
466.301
443.207
522.309
493.175
466.306
443.217
522.31
493.176
466.306
443.217
522.3
493.175
466.302
443.207
522.295
493.17
466.29
443.183
522.297
493.163
466.27
443.147
522.303
493.154
466.246
443.103
522.306
493.143
466.219
443.057
522.304
493.129
466.195
443.016
522.301
493.1
466.186
442.978
522.171
493.071
466.223
443.032
521.997
493.293
466.563
443.581
498.17
473.332
450.72
430.813
498.27
473.136
450.434
430.345
498.398
473.16
450.396
430.28
498.405
473.184
450.397
430.301
498.414
473.196
450.412
430.322
498.418
473.205
450.426
430.344
498.42
473.21
450.438
430.363
498.422
473.214
450.446
430.376
498.428
473.215
450.449
430.382
498.438
473.213
450.448
430.383
498.439
473.214
450.449
430.383
498.431
473.216
450.45
430.382
498.427
473.216
450.447
430.376
498.426
473.213
450.439
430.363
498.425
473.208
450.427
430.344
498.423
473.2
450.413
430.322
498.415
473.189
450.399
430.301
498.408
473.165
450.397
430.28
498.281
473.141
450.436
430.345
498.181
473.338
450.722
430.812
476.801
453.795
433.099
414.314
476.814
453.593
432.831
413.892
476.933
453.61
432.79
413.818
476.939
453.627
432.784
413.827
476.948
453.635
432.791
413.835
476.953
453.64
432.797
413.843
476.955
453.643
432.801
413.848
476.958
453.643
432.802
413.849
476.962
453.641
432.8
413.847
476.968
453.637
432.796
413.844
476.969
453.638
432.796
413.844
476.965
453.642
432.8
413.847
476.962
453.645
432.803
413.849
476.961
453.646
432.802
413.848
476.96
453.644
432.799
413.843
476.956
453.639
432.792
413.835
476.948
453.631
432.786
413.827
476.943
453.614
432.791
413.817
476.824
453.598
432.833
413.891
476.811
453.8
433.1
414.314
454.828
433.533
414.408
396.758
454.778
433.328
414.157
396.383
454.886
433.337
414.115
396.307
454.887
433.349
414.106
396.312
454.892
433.353
414.109
396.316
454.893
433.356
414.111
396.32
454.892
433.355
414.112
396.321
454.891
433.353
414.11
396.32
454.892
433.349
414.106
396.316
454.894
433.345
414.102
396.312
454.895
433.345
414.102
396.312
454.895
433.35
414.107
396.316
454.895
433.355
414.111
396.32
454.898
433.358
414.113
396.321
454.899
433.358
414.112
396.32
454.899
433.357
414.11
396.315
454.895
433.353
414.107
396.311
454.894
433.341
414.116
396.307
454.787
433.332
414.158
396.382
454.837
433.538
414.409
396.757
430.975
411.939
394.785
378.914
430.893
411.743
394.561
378.599
430.991
411.748
394.522
378.527
430.987
411.756
394.513
378.532
430.986
411.758
394.514
378.536
430.982
411.757
394.516
378.541
430.977
411.755
394.516
378.544
430.972
411.751
394.514
378.544
430.969
411.746
394.51
378.541
430.968
411.741
394.506
378.539
430.969
411.742
394.506
378.539
430.971
411.747
394.511
378.541
430.975
411.753
394.515
378.544
430.982
411.758
394.517
378.544
430.988
411.76
394.517
378.541
430.993
411.761
394.515
378.536
430.994
411.76
394.514
378.531
430.999
411.752
394.523
378.527
430.901
411.747
394.562
378.598
430.983
411.942
394.786
378.914
405.287
388.889
374.064
360.434
405.197
388.717
373.876
360.183
405.287
388.72
373.842
360.118
405.279
388.725
373.833
360.124
405.274
388.725
373.834
360.13
405.266
388.722
373.836
360.136
405.257
388.718
373.836
360.14
405.248
388.713
373.834
360.142
405.242
388.707
373.83
360.141
405.239
388.702
373.827
360.139
405.239
388.702
373.827
360.139
405.244
388.708
373.831
360.141
405.251
388.715
373.835
360.142
405.261
388.72
373.837
360.14
405.271
388.725
373.837
360.136
405.28
388.727
373.835
360.13
405.286
388.728
373.834
360.124
405.294
388.723
373.843
360.118
405.204
388.72
373.877
360.183
405.295
388.893
374.065
360.434
378.391
364.597
352.123
340.774
378.304
364.451
351.972
340.582
378.388
364.453
351.943
340.524
378.378
364.458
351.935
340.531
378.37
364.456
351.936
340.537
378.359
364.452
351.937
340.543
378.347
364.446
351.936
340.548
378.336
364.44
351.934
340.549
378.328
364.433
351.93
340.548
378.323
364.427
351.926
340.547
378.324
364.427
351.926
340.547
378.33
364.434
351.93
340.548
378.339
364.441
351.934
340.549
378.351
364.448
351.937
340.548
378.364
364.454
351.938
340.543
378.375
364.458
351.937
340.537
378.384
364.461
351.936
340.531
378.394
364.456
351.944
340.524
378.311
364.454
351.973
340.582
378.397
364.6
352.124
340.774
350.946
339.423
329.044
319.706
350.866
339.302
328.926
319.562
350.943
339.305
328.901
319.51
350.933
339.308
328.894
319.517
350.924
339.305
328.895
319.523
350.912
339.3
328.895
319.527
350.899
339.294
328.893
319.53
350.887
339.286
328.889
319.53
350.878
339.278
328.884
319.528
350.872
339.272
328.88
319.526
350.873
339.273
328.881
319.526
350.88
339.279
328.885
319.528
350.89
339.288
328.89
319.53
350.903
339.295
328.893
319.53
350.916
339.302
328.895
319.527
350.929
339.308
328.896
319.522
350.938
339.311
328.895
319.517
350.949
339.307
328.902
319.51
350.872
339.305
328.927
319.562
350.952
339.426
329.045
319.706
323.437
313.758
305.108
297.401
323.363
313.658
305.015
297.293
323.434
313.661
304.994
297.246
323.424
313.663
304.988
297.253
323.415
313.66
304.987
297.257
323.403
313.654
304.986
297.26
323.39
313.647
304.983
297.26
323.378
313.638
304.978
297.258
323.368
313.63
304.972
297.255
323.361
313.624
304.968
297.253
323.362
313.624
304.968
297.253
323.369
313.631
304.973
297.255
323.38
313.64
304.979
297.258
323.393
313.648
304.984
297.26
323.406
313.656
304.987
297.259
323.419
313.662
304.988
297.256
323.429
313.666
304.988
297.252
323.439
313.663
304.995
297.246
323.368
313.66
305.016
297.293
323.442
313.761
305.109
297.401
296.187
287.974
280.707
274.289
296.117
287.889
280.634
274.208
296.182
287.892
280.615
274.165
296.173
287.894
280.609
274.17
296.163
287.89
280.608
274.173
296.152
287.884
280.606
274.174
296.139
287.876
280.602
274.173
296.127
287.868
280.596
274.169
296.117
287.859
280.59
274.165
296.11
287.853
280.585
274.162
296.11
287.853
280.585
274.162
296.118
287.86
280.59
274.165
296.129
287.869
280.597
274.169
296.142
287.878
280.602
274.173
296.155
287.886
280.607
274.174
296.167
287.892
280.609
274.173
296.176
287.896
280.61
274.17
296.186
287.894
280.616
274.164
296.121
287.892
280.635
274.207
296.191
287.977
280.708
274.288
269.444
262.417
256.267
250.882
269.378
262.345
256.209
250.822
269.436
262.347
256.192
250.783
269.427
262.348
256.187
250.787
269.418
262.344
256.185
250.789
269.407
262.338
256.182
250.789
269.395
262.33
256.177
250.786
269.383
262.321
256.171
250.782
269.373
262.313
256.164
250.777
269.366
262.306
256.16
250.773
269.366
262.306
256.16
250.773
269.374
262.313
256.165
250.777
269.384
262.322
256.171
250.782
269.397
262.331
256.178
250.786
269.409
262.339
256.183
250.788
269.421
262.346
256.186
250.788
269.43
262.35
256.187
250.787
269.439
262.349
256.193
250.782
269.381
262.347
256.209
250.821
269.447
262.419
256.268
250.882
243.444
237.411
232.19
227.664
243.383
237.349
232.143
227.619
243.435
237.351
232.128
227.583
243.426
237.351
232.123
227.587
243.418
237.347
232.121
227.588
243.407
237.341
232.118
227.587
243.395
237.333
232.112
227.584
243.384
237.325
232.106
227.579
243.374
237.316
232.099
227.574
243.367
237.31
232.095
227.57
243.367
237.31
232.095
227.57
243.375
237.317
232.1
227.574
243.385
237.325
232.106
227.579
243.397
237.334
232.113
227.583
243.408
237.342
232.118
227.586
243.419
237.349
232.121
227.587
243.428
237.353
232.123
227.587
243.437
237.352
232.129
227.582
243.384
237.35
232.143
227.618
243.446
237.412
232.19
227.663
218.432
213.253
208.825
205.033
218.374
213.2
208.787
205.001
218.421
213.202
208.775
204.969
218.413
213.202
208.77
204.972
218.405
213.198
208.768
204.972
218.395
213.192
208.764
204.971
218.383
213.185
208.759
204.967
218.372
213.176
208.752
204.962
218.363
213.168
208.746
204.957
218.356
213.162
208.741
204.953
218.356
213.162
208.741
204.953
218.363
213.168
208.746
204.957
218.373
213.177
208.752
204.962
218.384
213.185
208.759
204.966
218.395
213.193
208.764
204.97
218.405
213.199
208.767
204.971
218.413
213.203
208.77
204.971
218.422
213.203
208.774
204.967
218.375
213.201
208.787
204.999
218.432
213.254
208.824
205.032
194.639
190.206
186.462
183.304
194.586
190.161
186.433
183.282
194.628
190.162
186.422
183.254
194.62
190.163
186.417
183.257
194.612
190.159
186.415
183.257
194.603
190.153
186.412
183.255
194.592
190.146
186.406
183.251
194.582
190.137
186.4
183.246
194.573
190.13
186.394
183.241
194.566
190.124
186.39
183.237
194.566
190.124
186.39
183.237
194.573
190.13
186.394
183.24
194.582
190.138
186.4
183.245
194.592
190.146
186.406
183.25
194.602
190.153
186.411
183.254
194.612
190.159
186.415
183.255
194.619
190.162
186.417
183.255
194.627
190.162
186.421
183.252
194.585
190.161
186.432
183.28
194.638
190.206
186.462
183.303
172.266
168.483
165.331
162.718
172.219
168.445
165.308
162.703
172.255
168.446
165.299
162.678
172.248
168.446
165.295
162.681
172.241
168.443
165.292
162.681
172.232
168.437
165.289
162.678
172.222
168.43
165.284
162.675
172.212
168.422
165.278
162.67
172.204
168.415
165.272
162.665
172.197
168.41
165.268
162.662
172.197
168.41
165.268
162.662
172.203
168.415
165.272
162.664
172.211
168.422
165.278
162.669
172.221
168.43
165.283
162.674
172.23
168.436
165.288
162.677
172.239
168.442
165.291
162.679
172.245
168.445
165.293
162.679
172.252
168.445
165.297
162.676
172.216
168.444
165.307
162.701
172.263
168.482
165.33
162.716
151.464
148.245
145.601
143.45
151.422
148.213
145.583
143.441
151.454
148.214
145.575
143.42
151.447
148.214
145.571
143.422
151.44
148.21
145.569
143.421
151.432
148.205
145.566
143.419
151.423
148.198
145.561
143.416
151.414
148.191
145.555
143.411
151.406
148.184
145.55
143.406
151.4
148.179
145.546
143.403
151.399
148.179
145.546
143.403
151.405
148.184
145.549
143.406
151.412
148.19
145.555
143.41
151.421
148.197
145.56
143.414
151.429
148.203
145.564
143.418
151.437
148.208
145.567
143.42
151.443
148.211
145.569
143.42
151.449
148.211
145.573
143.417
151.417
148.21
145.581
143.439
151.459
148.242
145.598
143.448
132.329
129.596
127.384
125.623
132.292
129.568
127.37
125.618
132.32
129.569
127.364
125.599
132.314
129.569
127.36
125.601
132.307
129.566
127.358
125.601
132.3
129.561
127.355
125.598
132.291
129.555
127.35
125.595
132.283
129.548
127.345
125.591
132.275
129.542
127.34
125.586
132.27
129.537
127.337
125.584
132.269
129.537
127.337
125.583
132.274
129.541
127.34
125.586
132.28
129.547
127.344
125.59
132.288
129.553
127.349
125.594
132.295
129.558
127.353
125.597
132.302
129.562
127.356
125.599
132.308
129.565
127.358
125.599
132.313
129.565
127.361
125.597
132.285
129.564
127.367
125.615
132.322
129.591
127.381
125.62
114.905
112.588
110.742
109.305
114.872
112.565
110.732
109.304
114.896
112.566
110.726
109.288
114.891
112.565
110.723
109.289
114.885
112.562
110.721
109.288
114.878
112.557
110.718
109.286
114.87
112.552
110.714
109.283
114.862
112.546
110.709
109.279
114.855
112.54
110.705
109.275
114.85
112.536
110.701
109.273
114.849
112.535
110.701
109.272
114.853
112.539
110.704
109.274
114.859
112.544
110.708
109.278
114.865
112.549
110.712
109.282
114.872
112.554
110.716
109.285
114.878
112.558
110.718
109.286
114.883
112.56
110.72
109.287
114.888
112.56
110.723
109.285
114.863
112.559
110.728
109.301
114.896
112.582
110.738
109.302
99.1881
97.2273
95.6908
94.522
99.1594
97.2082
95.6832
94.5227
99.1797
97.2087
95.6781
94.5088
99.1747
97.2082
95.6755
94.5101
99.1693
97.2052
95.6736
94.5094
99.1629
97.2009
95.6707
94.5074
99.1557
97.1957
95.6667
94.5043
99.1484
97.19
95.6623
94.5005
99.1418
97.1846
95.658
94.497
99.1367
97.1807
95.6551
94.4947
99.1359
97.1801
95.6547
94.4945
99.1393
97.183
95.657
94.4963
99.1443
97.1874
95.6606
94.4995
99.15
97.1921
95.6644
94.5028
99.1556
97.1963
95.6677
94.5055
99.1607
97.1997
95.67
94.5072
99.165
97.202
95.6714
94.5076
99.1691
97.202
95.6737
94.506
99.1483
97.2011
95.6786
94.5198
99.1767
97.2199
95.6861
94.519
85.1373
83.4815
82.2047
81.2571
85.1123
83.4655
82.199
81.2591
85.1295
83.4659
82.1947
81.2473
85.1249
83.4652
82.1923
81.2484
85.12
83.4624
82.1905
81.2476
85.1141
83.4585
82.1878
81.2457
85.1075
83.4537
82.1842
81.2428
85.1008
83.4485
82.1801
81.2394
85.0947
83.4435
82.1762
81.2362
85.0899
83.4398
82.1735
81.2341
85.0889
83.4391
82.1731
81.2339
85.0917
83.4415
82.175
81.2356
85.0959
83.4453
82.1781
81.2383
85.1008
83.4493
82.1815
81.2413
85.1055
83.4529
82.1844
81.2438
85.1099
83.4559
82.1864
81.2453
85.1135
83.4578
82.1877
81.2458
85.1171
83.4578
82.1896
81.2445
85.0992
83.457
82.1937
81.2562
85.1238
83.4727
82.1992
81.2541
72.6817
71.2864
70.2274
69.4613
72.6601
71.2731
70.2232
69.4641
72.6746
71.2733
70.2195
69.454
72.6705
71.2726
70.2174
69.4549
72.666
71.27
70.2157
69.4541
72.6606
71.2663
70.2132
69.4523
72.6546
71.2619
70.2099
69.4497
72.6485
71.2572
70.2061
69.4466
72.6428
71.2526
70.2026
69.4437
72.6383
71.2492
70.2001
69.4419
72.6372
71.2485
70.1997
69.4417
72.6394
71.2504
70.2013
69.4431
72.6429
71.2535
70.204
69.4455
72.647
71.2569
70.2068
69.4482
72.651
71.26
70.2094
69.4504
72.6547
71.2625
70.2112
69.4519
72.6577
71.2641
70.2123
69.4524
72.6607
71.2641
70.2139
69.4512
72.6454
71.2634
70.2173
69.4612
72.6666
71.2764
70.2213
69.4582
61.7283
60.5549
59.6779
59.0598
61.7097
60.5437
59.6748
59.063
61.7219
60.5438
59.6716
59.0544
61.7182
60.5431
59.6697
59.0551
61.7141
60.5407
59.6682
59.0544
61.7092
60.5374
59.6659
59.0527
61.7038
60.5334
59.6629
59.0503
61.6983
60.529
59.6595
59.0476
61.6931
60.5249
59.6563
59.0451
61.6889
60.5218
59.6541
59.0434
61.6877
60.5209
59.6536
59.0432
61.6894
60.5225
59.6549
59.0445
61.6922
60.5251
59.6572
59.0466
61.6955
60.5279
59.6596
59.049
61.6988
60.5305
59.6618
59.051
61.7019
60.5325
59.6634
59.0523
61.7044
60.5339
59.6643
59.0528
61.7069
60.5338
59.6657
59.0518
61.6939
60.5332
59.6685
59.0603
61.712
60.544
59.6714
59.0569
52.1684
51.1833
50.4579
49.9599
52.1525
51.174
50.4556
49.9633
52.1627
51.174
50.453
49.956
52.1594
51.1733
50.4513
49.9566
52.1558
51.1711
50.4499
49.9559
52.1514
51.1681
50.4478
49.9544
52.1466
51.1645
50.4451
49.9523
52.1416
51.1606
50.4421
49.9498
52.1369
51.1569
50.4393
49.9476
52.1331
51.1541
50.4373
49.9462
52.1318
51.1532
50.4368
49.946
52.1331
51.1544
50.4378
49.9471
52.1353
51.1565
50.4397
49.949
52.1379
51.1588
50.4418
49.951
52.1406
51.1609
50.4437
49.9528
52.143
51.1626
50.445
49.954
52.1451
51.1637
50.4458
49.9545
52.1471
51.1636
50.447
49.9537
52.1361
51.163
50.4493
49.9608
52.1515
51.172
50.4514
49.9573
43.8841
43.0582
42.4587
42.0576
43.8705
43.0505
42.457
42.0609
43.879
43.0504
42.4547
42.0548
43.8761
43.0497
42.4533
42.0553
43.8729
43.0478
42.452
42.0546
43.869
43.0451
42.4502
42.0533
43.8647
43.042
42.4478
42.0514
43.8603
43.0385
42.4452
42.0493
43.8561
43.0352
42.4427
42.0474
43.8527
43.0326
42.4409
42.0461
43.8514
43.0318
42.4404
42.046
43.8523
43.0327
42.4413
42.0469
43.854
43.0344
42.4429
42.0486
43.8561
43.0363
42.4446
42.0504
43.8582
43.038
42.4462
42.052
43.8602
43.0394
42.4473
42.053
43.8618
43.0402
42.448
42.0535
43.8634
43.0401
42.4489
42.0529
43.8541
43.0395
42.4509
42.0588
43.8672
43.0469
42.4523
42.0554
36.7529
36.0614
35.566
35.2429
36.7414
36.055
35.5648
35.2459
36.7484
36.0549
35.5629
35.2409
36.7459
36.0543
35.5617
35.2413
36.7431
36.0526
35.5606
35.2407
36.7398
36.0503
35.559
35.2395
36.7361
36.0475
35.5569
35.2379
36.7322
36.0445
35.5546
35.2361
36.7285
36.0416
35.5525
35.2345
36.7255
36.0394
35.5509
35.2334
36.7243
36.0386
35.5505
35.2333
36.7249
36.0392
35.5512
35.2342
36.7262
36.0406
35.5525
35.2356
36.7278
36.0421
35.554
35.2371
36.7295
36.0435
35.5553
35.2385
36.731
36.0446
35.5562
35.2395
36.7322
36.0453
35.5568
35.2399
36.7336
36.0451
35.5576
35.2394
36.7257
36.0446
35.5591
35.2443
36.7367
36.0507
35.5601
35.2411
30.6526
30.0744
29.6651
29.4045
30.6429
30.069
29.6642
29.4073
30.6488
30.069
29.6627
29.4031
30.6466
30.0685
29.6617
29.4035
30.6442
30.067
29.6607
29.403
30.6414
30.0651
29.6594
29.402
30.6382
30.0627
29.6576
29.4007
30.6349
30.0602
29.6557
29.3992
30.6318
30.0577
29.6539
29.3978
30.6292
30.0558
29.6526
29.3969
30.6281
30.0551
29.6522
29.3969
30.6285
30.0556
29.6528
29.3976
30.6295
30.0567
29.6539
29.3988
30.6308
30.0579
29.6551
29.4001
30.632
30.059
29.6562
29.4013
30.6332
30.0598
29.6569
29.4021
30.6342
30.0603
29.6574
29.4025
30.6352
30.0602
29.658
29.4021
30.6286
30.0597
29.6593
29.4062
30.6379
30.0647
29.66
29.4032
25.4644
24.9817
24.6437
24.4333
25.4564
24.9773
24.643
24.4359
25.4613
24.9773
24.6418
24.4324
25.4595
24.9769
24.641
24.4328
25.4575
24.9757
24.6402
24.4324
25.4552
24.9741
24.6391
24.4316
25.4526
24.9722
24.6377
24.4305
25.4499
24.9701
24.6361
24.4293
25.4473
24.9681
24.6347
24.4282
25.4451
24.9665
24.6336
24.4275
25.4441
24.9659
24.6333
24.4275
25.4445
24.9663
24.6338
24.4281
25.4452
24.9672
24.6347
24.4291
25.4462
24.9681
24.6357
24.4302
25.4472
24.969
24.6366
24.4312
25.4481
24.9697
24.6372
24.4319
25.4489
24.9701
24.6375
24.4322
25.4497
24.9699
24.638
24.4318
25.4442
24.9694
24.6391
24.4352
25.4519
24.9736
24.6395
24.4326
21.076
20.6737
20.3947
20.2248
21.0692
20.67
20.3942
20.2271
21.0733
20.6701
20.3932
20.2243
21.0719
20.6698
20.3926
20.2246
21.0704
20.669
20.3921
20.2244
21.0686
20.6677
20.3913
20.2238
21.0665
20.6662
20.3902
20.223
21.0644
20.6646
20.3889
20.222
21.0623
20.663
20.3878
20.2211
21.0606
20.6617
20.3869
20.2206
21.0598
20.6613
20.3867
20.2206
21.0601
20.6616
20.3872
20.2211
21.0608
20.6624
20.3879
20.222
21.0616
20.6632
20.3888
20.223
21.0623
20.6639
20.3895
20.2238
21.063
20.6644
20.39
20.2243
21.0636
20.6647
20.3902
20.2246
21.0643
20.6645
20.3906
20.2242
21.0597
20.6641
20.3915
20.227
21.0661
20.6675
20.3918
20.2247
17.3825
17.0481
16.8182
16.6811
17.377
17.0451
16.8178
16.683
17.3805
17.0453
16.8171
16.6808
17.3794
17.0451
16.8167
16.6811
17.3783
17.0445
16.8163
16.681
17.3769
17.0436
16.8157
16.6806
17.3754
17.0425
16.8149
16.68
17.3738
17.0413
16.814
16.6792
17.3723
17.0401
16.8132
16.6786
17.371
17.0392
16.8126
16.6782
17.3705
17.039
16.8125
16.6783
17.3708
17.0393
16.8129
16.6787
17.3714
17.04
16.8136
16.6795
17.3721
17.0407
16.8143
16.6803
17.3727
17.0412
16.8149
16.681
17.3733
17.0417
16.8153
16.6814
17.3737
17.0419
16.8155
16.6816
17.3743
17.0417
16.8158
16.6813
17.3705
17.0414
16.8164
16.6835
17.3758
17.0442
16.8167
16.6815
14.2887
14.0115
13.8224
13.7118
14.2842
14.0091
13.8221
13.7134
14.2872
14.0093
13.8216
13.7116
14.2864
14.0093
13.8214
13.712
14.2857
14.0089
13.8212
13.712
14.2847
14.0083
13.8208
13.7117
14.2837
14.0076
13.8203
13.7113
14.2826
14.0068
13.8196
13.7108
14.2816
14.006
13.8191
13.7103
14.2808
14.0054
13.8187
13.7101
14.2805
14.0053
13.8187
13.7102
14.2809
14.0058
13.8191
13.7106
14.2815
14.0064
13.8197
13.7113
14.2821
14.007
13.8204
13.7119
14.2827
14.0075
13.8209
13.7125
14.2832
14.0079
13.8212
13.7129
14.2836
14.0081
13.8214
13.713
14.2841
14.008
13.8216
13.7127
14.281
14.0077
13.8222
13.7145
14.2854
14.01
13.8223
13.7129
11.7088
11.4796
11.3244
11.2352
11.7051
11.4776
11.3243
11.2367
11.7076
11.4779
11.3239
11.2353
11.7072
11.478
11.3238
11.2356
11.7067
11.4779
11.3237
11.2356
11.7062
11.4776
11.3235
11.2355
11.7056
11.4772
11.3232
11.2352
11.705
11.4767
11.3228
11.2349
11.7044
11.4763
11.3225
11.2346
11.704
11.476
11.3223
11.2345
11.704
11.4761
11.3225
11.2346
11.7045
11.4766
11.3229
11.235
11.7052
11.4772
11.3235
11.2356
11.7058
11.4778
11.3241
11.2362
11.7064
11.4784
11.3246
11.2367
11.7069
11.4787
11.3249
11.237
11.7073
11.4789
11.325
11.2371
11.7077
11.4788
11.3252
11.2368
11.7051
11.4786
11.3257
11.2383
11.7088
11.4806
11.3258
11.2369
9.56645
9.37751
9.25046
9.17865
9.5635
9.37596
9.2504
9.17985
9.56566
9.37625
9.25014
9.17873
9.56544
9.37648
9.25012
9.17904
9.56525
9.37649
9.25018
9.17912
9.56502
9.37641
9.25013
9.17906
9.56477
9.37626
9.25
9.17889
9.56454
9.37608
9.24982
9.17867
9.56436
9.37593
9.24968
9.1785
9.56429
9.37592
9.24967
9.17846
9.56459
9.37621
9.24991
9.17865
9.56525
9.3768
9.25039
9.17905
9.56596
9.37748
9.25097
9.17957
9.56665
9.37811
9.25153
9.18009
9.56726
9.37863
9.25199
9.18052
9.56777
9.37902
9.2523
9.1808
9.56818
9.37924
9.25247
9.18091
9.56859
9.37921
9.25265
9.18073
9.56657
9.37906
9.25303
9.18195
9.5696
9.38069
9.25316
9.18079
7.79467
7.63935
7.53559
7.47776
7.79231
7.63812
7.53557
7.47877
7.79416
7.63843
7.5354
7.47787
7.79411
7.63872
7.53545
7.47816
7.79413
7.63886
7.53558
7.47825
7.79414
7.63895
7.53563
7.47824
7.79418
7.639
7.53563
7.47814
7.79424
7.63904
7.5356
7.47801
7.79437
7.63911
7.5356
7.47791
7.79459
7.6393
7.53572
7.47794
7.7951
7.63974
7.53604
7.47815
7.79588
7.64041
7.53654
7.47853
7.79669
7.64113
7.53712
7.479
7.79744
7.64179
7.53767
7.47947
7.79809
7.64234
7.53813
7.47987
7.79864
7.64275
7.53844
7.48013
7.79909
7.64302
7.53862
7.48024
7.7995
7.64304
7.5388
7.48011
7.79791
7.64295
7.53913
7.4811
7.80043
7.64433
7.53926
7.48016
6.33494
6.20764
6.12309
6.07657
6.33305
6.20667
6.12309
6.0774
6.33464
6.20699
6.123
6.07669
6.33471
6.20731
6.12309
6.07694
6.33487
6.20753
6.12325
6.07704
6.33507
6.20773
6.12338
6.07705
6.3353
6.20792
6.12346
6.07699
6.33559
6.20812
6.12353
6.07691
6.33594
6.20835
6.12363
6.07687
6.33637
6.20869
6.12383
6.07692
6.33704
6.20922
6.12419
6.07713
6.3379
6.20993
6.12471
6.07749
6.33876
6.21067
6.12528
6.07792
6.33955
6.21135
6.12581
6.07835
6.34024
6.21191
6.12625
6.07871
6.34082
6.21234
6.12656
6.07895
6.34128
6.21263
6.12675
6.07906
6.3417
6.2127
6.12693
6.07896
6.34047
6.21266
6.12721
6.07977
6.34255
6.21382
6.12734
6.07902
5.13667
5.03267
4.96393
4.92657
5.13516
5.0319
4.96395
4.92725
5.13651
5.0322
4.9639
4.92668
5.13666
5.03253
4.96401
4.92689
5.13691
5.0328
4.96419
4.92698
5.13722
5.03307
4.96435
4.927
5.13759
5.03335
4.96448
4.92697
5.13802
5.03364
4.96461
4.92692
5.13851
5.03397
4.96477
4.9269
5.13907
5.03439
4.96501
4.92697
5.13981
5.03497
4.96539
4.92717
5.1407
5.03568
4.96589
4.92748
5.14156
5.03639
4.96642
4.92786
5.14234
5.03704
4.96691
4.92823
5.14302
5.03758
4.96732
4.92855
5.14359
5.038
4.96761
4.92877
5.14404
5.03828
4.9678
4.92887
5.14445
5.03838
4.96796
4.92879
5.14349
5.03838
4.96821
4.92945
5.14521
5.03934
4.96832
4.92885
4.15649
4.07177
4.01601
3.98601
4.15529
4.07116
4.01603
3.98656
4.15642
4.07144
4.01601
3.9861
4.15661
4.07175
4.01612
3.98628
4.1569
4.07203
4.01629
3.98635
4.15726
4.07233
4.01646
3.98637
4.1577
4.07264
4.01661
3.98634
4.15819
4.07298
4.01676
3.98631
4.15874
4.07335
4.01694
3.9863
4.15934
4.07378
4.01718
3.98637
4.16008
4.07434
4.01754
3.98654
4.16092
4.075
4.01798
3.9868
4.16171
4.07564
4.01844
3.98712
4.16242
4.07621
4.01887
3.98743
4.16303
4.07669
4.01922
3.98769
4.16354
4.07706
4.01948
3.98787
4.16395
4.07731
4.01964
3.98796
4.16431
4.07741
4.01979
3.9879
4.16355
4.07742
4.01999
3.98844
4.16497
4.07821
4.0201
3.98795
3.35753
3.28864
3.24343
3.21926
3.35656
3.28815
3.24344
3.2197
3.35749
3.28839
3.24342
3.21932
3.35768
3.28866
3.24351
3.21945
3.35796
3.28891
3.24366
3.2195
3.35832
3.28919
3.2438
3.2195
3.35875
3.28949
3.24394
3.21948
3.35924
3.28982
3.24408
3.21944
3.35977
3.29017
3.24424
3.21943
3.36033
3.29056
3.24445
3.21948
3.36099
3.29104
3.24475
3.21961
3.36171
3.29159
3.24511
3.21981
3.36237
3.29212
3.24548
3.22006
3.36294
3.29258
3.24582
3.2203
3.36343
3.29295
3.2461
3.22051
3.36383
3.29324
3.2463
3.22065
3.36415
3.29343
3.24642
3.22072
3.36444
3.29351
3.24653
3.22067
3.36383
3.29351
3.2467
3.2211
3.36498
3.29416
3.24679
3.22071
2.70857
2.65256
2.61582
2.59621
2.70779
2.65215
2.61583
2.59654
2.70853
2.65233
2.61579
2.59622
2.70868
2.65254
2.61585
2.5963
2.70892
2.65274
2.61595
2.59631
2.70922
2.65295
2.61604
2.59629
2.70959
2.65319
2.61613
2.59624
2.71001
2.65346
2.61622
2.59618
2.71045
2.65373
2.61633
2.59615
2.7109
2.65403
2.61648
2.59616
2.7114
2.65439
2.61669
2.59623
2.71194
2.65479
2.61694
2.59637
2.71242
2.65517
2.6172
2.59654
2.71282
2.65548
2.61744
2.59672
2.71314
2.65573
2.61763
2.59687
2.7134
2.65591
2.61776
2.59697
2.71362
2.65603
2.61784
2.59701
2.71381
2.65606
2.61791
2.59697
2.71329
2.65605
2.61803
2.59732
2.71422
2.65656
2.6181
2.59701
2.18334
2.13771
2.10774
2.09165
2.18269
2.13736
2.10772
2.09189
2.18326
2.13747
2.10766
2.0916
2.18334
2.13759
2.10766
2.09163
2.18349
2.1377
2.10769
2.09159
2.1837
2.13783
2.10772
2.09151
2.18396
2.13797
2.10773
2.09142
2.18425
2.13812
2.10775
2.09132
2.18455
2.13828
2.10777
2.09124
2.18483
2.13844
2.10782
2.09119
2.18514
2.13864
2.10791
2.0912
2.18546
2.13886
2.10805
2.09126
2.18572
2.13907
2.10819
2.09136
2.18592
2.13922
2.10831
2.09146
2.18607
2.13934
2.1084
2.09155
2.18618
2.13941
2.10846
2.09161
2.18627
2.13944
2.10848
2.09164
2.18637
2.13942
2.10851
2.0916
2.1859
2.13938
2.10859
2.09187
2.18664
2.13978
2.10864
2.09162
1.75978
1.72251
1.69794
1.68464
1.75923
1.72219
1.6979
1.68481
1.75964
1.72223
1.69781
1.68453
1.75963
1.72226
1.69775
1.6845
1.75968
1.72227
1.69769
1.6844
1.75975
1.72227
1.69763
1.68426
1.75987
1.72228
1.69754
1.6841
1.75999
1.72229
1.69746
1.68393
1.76011
1.7223
1.69737
1.68378
1.76019
1.72229
1.6973
1.68366
1.76028
1.72231
1.69727
1.6836
1.76037
1.72235
1.69727
1.68358
1.76041
1.72238
1.69728
1.68359
1.76041
1.72238
1.69729
1.68362
1.76039
1.72235
1.69729
1.68365
1.76036
1.72232
1.69727
1.68367
1.76032
1.72227
1.69724
1.68367
1.76032
1.72219
1.69723
1.68362
1.75989
1.72212
1.69727
1.68384
1.76046
1.72243
1.6973
1.68363
1.41957
1.38904
1.36881
1.35779
1.41908
1.38874
1.36873
1.3579
1.41934
1.38871
1.36861
1.35763
1.41924
1.38864
1.36849
1.35754
1.41916
1.38854
1.36835
1.35738
1.4191
1.38841
1.36819
1.35718
1.41905
1.38828
1.36801
1.35695
1.41899
1.38813
1.36781
1.35671
1.4189
1.38797
1.3676
1.35648
1.41877
1.38779
1.36741
1.35628
1.41862
1.38762
1.36724
1.35613
1.41849
1.38748
1.36711
1.35603
1.41832
1.38733
1.367
1.35596
1.41814
1.38718
1.3669
1.35593
1.41795
1.38703
1.36681
1.3559
1.41778
1.38689
1.36672
1.35587
1.41764
1.38676
1.36663
1.35583
1.41755
1.38663
1.36657
1.35577
1.41714
1.38652
1.36657
1.35593
1.41758
1.38675
1.36658
1.35575
1.14757
1.12248
1.10573
1.09663
1.14713
1.1222
1.10563
1.09669
1.14726
1.1221
1.10548
1.09644
1.14707
1.12194
1.1053
1.09631
1.14687
1.12174
1.1051
1.0961
1.14666
1.1215
1.10486
1.09585
1.14644
1.12123
1.10458
1.09557
1.14619
1.12093
1.10428
1.09527
1.1459
1.1206
1.10397
1.09498
1.14556
1.12025
1.10366
1.09471
1.14519
1.11991
1.10338
1.09449
1.14484
1.11959
1.10313
1.09431
1.14448
1.11929
1.10291
1.09418
1.14413
1.11901
1.10271
1.09408
1.14379
1.11874
1.10254
1.094
1.1435
1.1185
1.10237
1.09392
1.14326
1.1183
1.10223
1.09385
1.14308
1.11811
1.10213
1.09377
1.14268
1.11797
1.10209
1.09388
1.143
1.11812
1.10207
1.09372
0.931367
0.910628
0.896631
0.889101
0.930975
0.91036
0.896529
0.889141
0.930985
0.910209
0.896355
0.888913
0.930707
0.909989
0.896151
0.888771
0.9304
0.909702
0.895906
0.888556
0.930063
0.909367
0.895611
0.888291
0.929693
0.908988
0.895274
0.887989
0.929277
0.908566
0.894904
0.887667
0.928805
0.908103
0.894512
0.887343
0.928268
0.907611
0.894116
0.88704
0.927706
0.907122
0.89374
0.886774
0.92716
0.906662
0.8934
0.886555
0.926627
0.906229
0.893093
0.886375
0.926117
0.905823
0.892814
0.886225
0.92565
0.905451
0.892562
0.886097
0.925243
0.905123
0.892338
0.885984
0.924906
0.904845
0.892144
0.885885
0.924657
0.90461
0.892002
0.885786
0.924258
0.904433
0.891927
0.885847
0.924471
0.904517
0.891876
0.885685
0.76079
0.743452
0.731556
0.725221
0.760434
0.743199
0.731452
0.725253
0.76036
0.743017
0.731278
0.725062
0.760023
0.742761
0.731068
0.724935
0.759642
0.742431
0.730813
0.724745
0.759215
0.742045
0.730506
0.724507
0.758738
0.741603
0.730151
0.724232
0.758199
0.741107
0.729755
0.723931
0.757591
0.740559
0.72933
0.723622
0.756912
0.739973
0.72889
0.723322
0.756199
0.739381
0.728461
0.723048
0.7555
0.738814
0.72806
0.722809
0.754825
0.738277
0.727689
0.722601
0.754189
0.737776
0.727348
0.722418
0.75361
0.737319
0.727039
0.722256
0.753106
0.736916
0.726763
0.722111
0.752689
0.736576
0.726528
0.721984
0.752376
0.736297
0.72635
0.721866
0.751975
0.73609
0.726244
0.721888
0.752104
0.736121
0.726171
0.721723
0.62767
0.612789
0.602313
0.596663
0.627342
0.612552
0.602212
0.596697
0.627223
0.612367
0.602056
0.596551
0.626869
0.61211
0.601866
0.596462
0.626467
0.611784
0.601636
0.596323
0.626012
0.611399
0.601357
0.596144
0.625496
0.610955
0.601028
0.59593
0.624909
0.610449
0.600655
0.595687
0.624245
0.609884
0.600243
0.595427
0.623503
0.60927
0.599807
0.595162
0.622715
0.608636
0.599367
0.594906
0.621931
0.608014
0.598941
0.594667
0.621173
0.607419
0.598537
0.594446
0.620461
0.606859
0.598159
0.59424
0.619813
0.606347
0.597812
0.59405
0.619248
0.605895
0.597501
0.593877
0.618781
0.605514
0.597236
0.593724
0.618426
0.605205
0.597033
0.593589
0.618029
0.60498
0.596905
0.593578
0.618106
0.604978
0.596821
0.593413
0.525696
0.512202
0.502332
0.496555
0.525386
0.51198
0.502232
0.496583
0.525263
0.511816
0.502106
0.496484
0.524941
0.511595
0.501957
0.496441
0.524578
0.511316
0.501778
0.496364
0.524164
0.510986
0.501557
0.496257
0.523689
0.510598
0.501291
0.496119
0.523141
0.510147
0.50098
0.495952
0.522516
0.509635
0.500626
0.495759
0.521809
0.509066
0.500237
0.495547
0.521044
0.50846
0.499828
0.495325
0.520266
0.50785
0.499417
0.495102
0.519509
0.507256
0.499017
0.494879
0.518797
0.506692
0.498633
0.494661
0.518146
0.506172
0.498276
0.494452
0.517576
0.505711
0.497955
0.494259
0.517103
0.505322
0.497681
0.494088
0.516744
0.505008
0.49747
0.493941
0.51637
0.504783
0.497334
0.493907
0.516436
0.504779
0.497262
0.493761
0.449832
0.436825
0.426739
0.4196
0.44953
0.436612
0.426625
0.419593
0.44944
0.436489
0.426533
0.419527
0.449194
0.43633
0.426434
0.419523
0.448918
0.436131
0.426318
0.419501
0.448601
0.43589
0.426171
0.41946
0.448231
0.4356
0.425987
0.419394
0.447797
0.435255
0.425762
0.419301
0.447293
0.434851
0.425495
0.419178
0.446709
0.434389
0.425188
0.419027
0.446062
0.43388
0.424852
0.418855
0.44539
0.433353
0.4245
0.418666
0.444727
0.432829
0.424148
0.418466
0.444099
0.432326
0.423804
0.418261
0.443523
0.431858
0.42348
0.41806
0.443016
0.43144
0.423187
0.417872
0.442591
0.431086
0.422935
0.417707
0.442267
0.4308
0.422742
0.417567
0.441938
0.430599
0.422619
0.417532
0.442034
0.430621
0.422592
0.417447
0.394233
0.382533
0.372146
0.36196
0.393974
0.382347
0.372005
0.361847
0.393949
0.382276
0.371945
0.361788
0.393804
0.382189
0.371894
0.361803
0.393639
0.382077
0.371838
0.361815
0.393443
0.381935
0.371763
0.361817
0.393209
0.381759
0.371662
0.361802
0.392924
0.381539
0.37153
0.361767
0.392583
0.381271
0.371364
0.361709
0.392177
0.380954
0.371166
0.361628
0.391713
0.380595
0.37094
0.361526
0.391221
0.380213
0.370698
0.361408
0.39073
0.379826
0.37045
0.361277
0.390259
0.379451
0.370206
0.36114
0.389822
0.379099
0.369973
0.361003
0.389432
0.378781
0.36976
0.360873
0.389103
0.378508
0.369577
0.360758
0.388844
0.378285
0.369436
0.360664
0.38857
0.378128
0.369353
0.360666
0.38868
0.378176
0.369396
0.36072
0.346655
0.338643
0.329862
0.317771
0.346497
0.338503
0.329757
0.317569
0.34652
0.33848
0.329741
0.317531
0.346455
0.338451
0.329736
0.317562
0.346374
0.338406
0.329732
0.317593
0.346274
0.338345
0.32972
0.317624
0.346145
0.338264
0.329699
0.317653
0.345981
0.338158
0.329666
0.317681
0.345776
0.338024
0.32962
0.317706
0.345526
0.337862
0.329563
0.31773
0.345239
0.337678
0.329497
0.317754
0.344931
0.337482
0.329428
0.317779
0.344618
0.337283
0.32936
0.317804
0.34431
0.337089
0.329294
0.317829
0.344019
0.336905
0.329232
0.317852
0.343755
0.336738
0.329175
0.317871
0.343527
0.336593
0.329123
0.317883
0.343346
0.336469
0.329081
0.317885
0.343139
0.336377
0.329057
0.31794
0.343192
0.336432
0.329117
0.318132
0.2707
0.255189
0.252713
0.262572
0.27025
0.255052
0.252823
0.262977
0.270194
0.255043
0.25287
0.263068
0.270104
0.255028
0.252915
0.263173
0.269995
0.255006
0.252965
0.263289
0.269857
0.254976
0.253026
0.263434
0.269681
0.25494
0.253104
0.263619
0.269461
0.254897
0.253201
0.26385
0.269198
0.254849
0.25332
0.264127
0.268896
0.254799
0.253463
0.264452
0.268568
0.254753
0.253629
0.264819
0.268225
0.254713
0.253815
0.265222
0.267872
0.254679
0.254015
0.265647
0.267518
0.254648
0.254221
0.26608
0.267177
0.25462
0.254422
0.266502
0.266863
0.254596
0.254607
0.266889
0.266596
0.254575
0.254764
0.267218
0.266392
0.254557
0.254881
0.267459
0.26624
0.254541
0.254945
0.267606
0.266516
0.254617
0.254853
0.26728
)
;

boundaryField
{
    inlet
    {
        type            calculated;
        value           nonuniform List<scalar> 
80
(
6533.92
6529.26
6526.63
6525.2
6524.47
6524.14
6524.01
6524.01
6524.1
6524.3
6524.3
6524.1
6524.01
6524.01
6524.14
6524.47
6525.2
6526.62
6529.25
6533.92
3984.32
3981.07
3979.51
3978.79
3978.47
3978.28
3978.11
3977.89
3977.61
3977.34
3977.34
3977.61
3977.89
3978.11
3978.28
3978.47
3978.79
3979.51
3981.07
3984.32
3448.34
3443.38
3442.12
3441.76
3441.6
3441.38
3441.03
3440.55
3439.99
3439.51
3439.51
3439.99
3440.55
3441.03
3441.38
3441.6
3441.76
3442.11
3443.38
3448.34
5111.4
5107.43
5106.52
5106.18
5105.83
5105.34
5104.72
5103.99
5103.25
5102.72
5102.72
5103.25
5103.99
5104.72
5105.34
5105.82
5106.18
5106.52
5107.43
5111.4
)
;
    }
    outlet
    {
        type            calculated;
        value           nonuniform List<scalar> 
80
(
0.224001
0.223878
0.223725
0.223562
0.223366
0.223121
0.222819
0.222455
0.222034
0.221565
0.221068
0.220559
0.220041
0.219526
0.219033
0.218583
0.218202
0.217912
0.217755
0.217702
0.19421
0.194225
0.194203
0.194171
0.194134
0.194092
0.194046
0.193999
0.193956
0.193922
0.193903
0.193899
0.193905
0.193918
0.193934
0.193953
0.193972
0.193991
0.194008
0.193989
0.197501
0.197561
0.197628
0.197694
0.197773
0.197876
0.198011
0.198185
0.198399
0.198653
0.198945
0.199268
0.19961
0.199958
0.200296
0.20061
0.20088
0.201089
0.201216
0.201262
0.233147
0.233322
0.233485
0.23364
0.233825
0.234062
0.234367
0.234748
0.235205
0.235734
0.236326
0.236966
0.237635
0.238312
0.23897
0.239575
0.240094
0.24049
0.240714
0.240749
)
;
    }
    inner-wall
    {
        type            calculated;
        value           nonuniform List<scalar> 
1600
(
7397.9
7340.28
7336.79
7335.05
7334.18
7333.88
7333.98
7334.39
7335.06
7335.82
7335.82
7335.06
7334.39
7333.98
7333.88
7334.18
7335.05
7336.79
7340.28
7397.9
3939.44
3953
3947.28
3945.86
3945.11
3944.74
3944.68
3944.9
3945.39
3946.87
3946.87
3945.4
3944.9
3944.69
3944.75
3945.11
3945.86
3947.28
3953
3939.45
4102.88
4125.78
4120.13
4119.38
4118.84
4118.44
4118.24
4118.33
4118.88
4120.97
4120.97
4118.89
4118.34
4118.24
4118.44
4118.84
4119.39
4120.13
4125.78
4102.88
5593.92
5610.91
5605.98
5605.63
5605.32
5605.07
5604.96
5605.12
5605.71
5607.8
5607.81
5605.72
5605.12
5604.97
5605.08
5605.32
5605.64
5605.99
5610.92
5593.93
6944.83
6960.08
6955.29
6955.06
6954.82
6954.68
6954.67
6954.92
6955.56
6957.64
6957.64
6955.56
6954.92
6954.68
6954.68
6954.83
6955.07
6955.3
6960.08
6944.84
7890.15
7907.09
7902.38
7902.33
7902.2
7902.17
7902.28
7902.61
7903.31
7905.4
7905.4
7903.31
7902.61
7902.28
7902.17
7902.21
7902.34
7902.39
7907.1
7890.16
8438.25
8457.85
8453.3
8453.55
8453.65
8453.84
8454.13
8454.6
8455.39
8457.52
8457.52
8455.39
8454.6
8454.13
8453.84
8453.66
8453.56
8453.31
8457.86
8438.26
8628.58
8650.44
8646.15
8646.82
8647.32
8647.86
8648.47
8649.19
8650.14
8652.33
8652.33
8650.14
8649.19
8648.47
8647.87
8647.32
8646.83
8646.16
8650.45
8628.59
8491.81
8515.05
8511.14
8512.32
8513.36
8514.43
8515.51
8516.62
8517.83
8520.12
8520.12
8517.83
8516.62
8515.52
8514.44
8513.37
8512.33
8511.15
8515.06
8491.82
8050.13
8073.99
8070.58
8072.32
8074.02
8075.76
8077.47
8079.1
8080.68
8083.1
8083.1
8080.69
8079.1
8077.47
8075.76
8074.03
8072.33
8070.59
8074
8050.14
7329.14
7353.29
7350.46
7352.77
7355.17
7357.65
7360.08
7362.34
7364.38
7366.94
7366.94
7364.38
7362.34
7360.08
7357.66
7355.18
7352.78
7350.47
7353.3
7329.15
6375.43
6399.96
6397.71
6400.54
6403.6
6406.8
6409.94
6412.83
6415.34
6418.03
6418.03
6415.34
6412.84
6409.94
6406.81
6403.61
6400.55
6397.72
6399.96
6375.44
5280.75
5305.76
5304.05
5307.28
5310.87
5314.65
5318.39
5321.83
5324.73
5327.46
5327.46
5324.73
5321.83
5318.39
5314.66
5310.88
5307.29
5304.06
5305.77
5280.76
4205.89
4230.39
4229.14
4232.6
4236.53
4240.7
4244.83
4248.63
4251.77
4254.39
4254.39
4251.77
4248.63
4244.83
4240.7
4236.54
4232.6
4229.15
4230.4
4205.89
3354.88
3375.62
3374.69
3378.06
3382
3386.21
3390.4
3394.22
3397.29
3399.59
3399.59
3397.3
3394.22
3390.4
3386.22
3382.01
3378.07
3374.7
3375.63
3354.89
2821.15
2834.6
2833.76
2836.5
2839.84
2843.44
2847.04
2850.29
2852.85
2854.6
2854.6
2852.86
2850.3
2847.04
2843.45
2839.85
2836.51
2833.77
2834.61
2821.16
2452.99
2460.28
2459.25
2460.96
2463.14
2465.54
2467.94
2470.13
2471.85
2473.01
2473.01
2471.85
2470.13
2467.94
2465.54
2463.15
2460.97
2459.26
2460.3
2453
2056.91
2062.65
2061.34
2062.08
2063.09
2064.21
2065.37
2066.47
2067.4
2068.14
2068.14
2067.4
2066.48
2065.38
2064.22
2063.1
2062.09
2061.35
2062.66
2056.92
1639.76
1647.21
1645.76
1645.98
1646.28
1646.61
1646.99
1647.42
1647.86
1648.44
1648.44
1647.86
1647.42
1647
1646.62
1646.28
1645.99
1645.77
1647.22
1639.77
1339.98
1348.65
1347.26
1347.39
1347.53
1347.68
1347.86
1348.09
1348.39
1348.98
1348.98
1348.4
1348.09
1347.86
1347.69
1347.54
1347.4
1347.27
1348.66
1339.99
1190.67
1198.41
1197.13
1197.25
1197.38
1197.52
1197.67
1197.87
1198.13
1198.69
1198.69
1198.13
1197.87
1197.68
1197.53
1197.39
1197.26
1197.14
1198.42
1190.68
1085.9
1092.52
1091.34
1091.39
1091.43
1091.49
1091.57
1091.69
1091.87
1092.34
1092.34
1091.88
1091.69
1091.57
1091.49
1091.44
1091.39
1091.35
1092.53
1085.91
977.219
983.318
982.307
982.367
982.429
982.508
982.614
982.757
982.943
983.321
983.322
982.945
982.762
982.62
982.516
982.437
982.376
982.318
983.329
977.231
896.667
901.861
901.1
901.289
901.509
901.757
902.026
902.301
902.561
902.885
902.886
902.565
902.306
902.033
901.766
901.519
901.301
901.113
901.875
896.681
852.703
856.448
855.889
856.145
856.459
856.806
857.165
857.505
857.795
858.066
858.067
857.799
857.512
857.173
856.817
856.47
856.158
855.904
856.463
852.719
811.689
814.244
813.779
813.977
814.228
814.508
814.794
815.064
815.29
815.497
815.499
815.294
815.07
814.803
814.519
814.241
813.99
813.794
814.26
811.705
752.71
754.699
754.273
754.367
754.492
754.633
754.779
754.922
755.053
755.199
755.2
755.057
754.929
754.788
754.644
754.505
754.38
754.288
754.715
752.727
683.243
685.077
684.686
684.706
684.734
684.765
684.8
684.844
684.899
685.001
685.002
684.903
684.851
684.809
684.775
684.746
684.72
684.701
685.093
683.259
619.427
621.211
620.867
620.859
620.845
620.826
620.81
620.806
620.822
620.897
620.898
620.826
620.813
620.819
620.837
620.858
620.873
620.882
621.227
619.444
570.417
572.085
571.795
571.79
571.773
571.749
571.726
571.712
571.716
571.774
571.776
571.72
571.718
571.734
571.76
571.785
571.804
571.81
572.101
570.434
536.021
537.485
537.245
537.251
537.247
537.236
537.223
537.217
537.223
537.271
537.272
537.227
537.224
537.232
537.246
537.259
537.264
537.259
537.5
536.037
510.882
512.101
511.902
511.915
511.921
511.922
511.921
511.923
511.932
511.971
511.972
511.936
511.93
511.93
511.932
511.932
511.928
511.916
512.116
510.897
488.97
489.959
489.789
489.802
489.81
489.814
489.817
489.821
489.829
489.86
489.861
489.832
489.827
489.824
489.823
489.82
489.814
489.803
489.973
488.984
466.225
467.03
466.882
466.888
466.891
466.891
466.89
466.89
466.894
466.917
466.919
466.897
466.895
466.897
466.899
466.901
466.899
466.894
467.043
466.238
441.141
441.813
441.682
441.68
441.675
441.668
441.66
441.655
441.653
441.67
441.671
441.656
441.659
441.667
441.676
441.684
441.69
441.692
441.824
441.153
413.977
414.552
414.436
414.428
414.417
414.404
414.391
414.38
414.374
414.386
414.387
414.377
414.384
414.396
414.411
414.425
414.437
414.445
414.562
413.987
385.644
386.145
386.043
386.032
386.017
386.001
385.984
385.971
385.962
385.969
385.97
385.964
385.974
385.989
386.007
386.024
386.04
386.051
386.154
385.653
356.977
357.415
357.325
357.313
357.297
357.28
357.262
357.247
357.237
357.241
357.242
357.239
357.25
357.266
357.285
357.303
357.32
357.332
357.423
356.985
328.495
328.877
328.798
328.786
328.77
328.753
328.735
328.72
328.709
328.712
328.713
328.711
328.723
328.739
328.757
328.775
328.791
328.804
328.884
328.501
300.478
300.81
300.74
300.728
300.713
300.696
300.679
300.665
300.654
300.655
300.655
300.655
300.667
300.682
300.699
300.716
300.732
300.744
300.815
300.483
273.111
273.398
273.337
273.325
273.311
273.295
273.279
273.265
273.254
273.254
273.254
273.256
273.267
273.281
273.297
273.313
273.328
273.34
273.402
273.115
246.585
246.832
246.778
246.767
246.753
246.738
246.724
246.71
246.7
246.698
246.698
246.7
246.711
246.725
246.74
246.755
246.769
246.78
246.834
246.587
221.115
221.327
221.279
221.269
221.256
221.242
221.228
221.215
221.205
221.203
221.203
221.205
221.216
221.228
221.242
221.256
221.269
221.28
221.327
221.115
196.92
197.103
197.061
197.051
197.039
197.026
197.013
197.001
196.991
196.989
196.989
196.991
197.001
197.012
197.025
197.038
197.049
197.059
197.101
196.919
174.198
174.355
174.318
174.309
174.297
174.285
174.274
174.262
174.253
174.25
174.25
174.252
174.261
174.272
174.283
174.294
174.305
174.314
174.351
174.194
153.095
153.229
153.197
153.188
153.178
153.167
153.156
153.146
153.137
153.133
153.133
153.135
153.143
153.153
153.163
153.173
153.183
153.191
153.223
153.088
133.702
133.817
133.789
133.781
133.771
133.761
133.751
133.742
133.733
133.73
133.729
133.731
133.738
133.747
133.755
133.764
133.773
133.78
133.808
133.693
116.058
116.156
116.131
116.124
116.115
116.106
116.097
116.088
116.08
116.077
116.076
116.078
116.084
116.091
116.099
116.106
116.114
116.121
116.144
116.047
100.155
100.237
100.216
100.209
100.201
100.193
100.184
100.176
100.169
100.165
100.164
100.166
100.171
100.177
100.184
100.19
100.197
100.203
100.223
100.141
85.9454
86.0148
85.9966
85.9903
85.9832
85.9756
85.9679
85.9603
85.9536
85.9498
85.9486
85.9499
85.9543
85.9595
85.9651
85.9708
85.9764
85.9814
85.9987
85.9291
73.3559
73.4142
73.3985
73.3929
73.3864
73.3795
73.3725
73.3656
73.3594
73.3557
73.3543
73.3552
73.3588
73.3632
73.3678
73.3726
73.3773
73.3816
73.3963
73.3377
62.2896
62.3384
62.325
62.3199
62.3141
62.3079
62.3016
62.2954
62.2896
62.2861
62.2846
62.2852
62.2881
62.2916
62.2953
62.2993
62.3032
62.3068
62.3192
62.27
52.635
52.6758
52.6643
52.6597
52.6546
52.6491
52.6435
52.6379
52.6327
52.6294
52.6278
52.6281
52.6303
52.6331
52.6361
52.6393
52.6425
52.6455
52.6559
52.6147
44.2715
44.3054
44.2956
44.2916
44.2871
44.2823
44.2774
44.2724
44.2678
44.2647
44.2631
44.2632
44.2649
44.267
44.2693
44.2718
44.2744
44.2769
44.2856
44.2513
37.0743
37.1025
37.0942
37.0908
37.0869
37.0827
37.0784
37.0741
37.07
37.0673
37.0658
37.0656
37.0669
37.0685
37.0703
37.0723
37.0743
37.0763
37.0836
37.055
30.9192
30.9426
30.9356
30.9327
30.9294
30.9258
30.9222
30.9185
30.915
30.9126
30.9112
30.911
30.9119
30.9132
30.9145
30.9161
30.9177
30.9193
30.9253
30.9016
25.6855
25.7048
25.699
25.6966
25.6939
25.691
25.688
25.6849
25.682
25.68
25.6788
25.6786
25.6793
25.6802
25.6813
25.6825
25.6837
25.685
25.69
25.6704
21.259
21.275
21.2703
21.2683
21.2661
21.2638
21.2614
21.259
21.2568
21.2551
21.2542
21.254
21.2546
21.2553
21.2562
21.2571
21.2581
21.2591
21.2633
21.247
17.5338
17.5471
17.5432
17.5417
17.54
17.5383
17.5365
17.5348
17.5331
17.5319
17.5313
17.5312
17.5317
17.5323
17.533
17.5337
17.5346
17.5354
17.5389
17.5254
14.4134
14.4244
14.4213
14.4202
14.419
14.4178
14.4166
14.4154
14.4143
14.4136
14.4133
14.4134
14.4139
14.4145
14.4151
14.4157
14.4164
14.4171
14.42
14.4089
11.8112
11.8203
11.8179
11.8171
11.8163
11.8156
11.8149
11.8142
11.8136
11.8133
11.8133
11.8136
11.8142
11.8148
11.8154
11.816
11.8167
11.8173
11.8198
11.8107
9.65032
9.65784
9.65594
9.65549
9.65505
9.65468
9.65439
9.65417
9.654
9.6541
9.6544
9.65488
9.65559
9.65627
9.65692
9.65756
9.6582
9.65883
9.66088
9.65344
7.86316
7.86935
7.86789
7.86766
7.8675
7.86743
7.86746
7.86758
7.86775
7.86816
7.86872
7.86939
7.87022
7.87099
7.87171
7.87238
7.87304
7.87367
7.87543
7.86937
6.39071
6.39579
6.39468
6.39462
6.39465
6.39481
6.39507
6.39544
6.39587
6.3965
6.39724
6.39806
6.39897
6.39981
6.40057
6.40128
6.40195
6.40256
6.40409
6.39918
5.18193
5.18609
5.18525
5.1853
5.18547
5.18576
5.18619
5.18672
5.18731
5.18806
5.18891
5.18979
5.19073
5.19158
5.19234
5.19303
5.19367
5.19426
5.19557
5.1916
4.1931
4.19649
4.19585
4.19596
4.1962
4.19657
4.19708
4.19768
4.19835
4.19914
4.19999
4.20085
4.20173
4.20251
4.20319
4.20381
4.20439
4.20491
4.20601
4.2028
3.38703
3.38978
3.38928
3.38942
3.38967
3.39006
3.39057
3.39118
3.39183
3.39257
3.39332
3.39408
3.39481
3.39545
3.396
3.39649
3.39695
3.39737
3.39826
3.39568
2.73233
2.73454
2.73414
2.73425
2.73447
2.73482
2.73527
2.73581
2.73637
2.73697
2.73756
2.73813
2.73866
2.7391
2.73947
2.7398
2.74012
2.74041
2.7411
2.73901
2.20251
2.20427
2.20392
2.20398
2.20413
2.20438
2.20473
2.20513
2.20553
2.20594
2.20631
2.20665
2.20695
2.20717
2.20734
2.20749
2.20765
2.20781
2.20831
2.20662
1.77533
1.77673
1.77639
1.77637
1.77642
1.77654
1.77673
1.77696
1.77716
1.77735
1.77747
1.77756
1.77762
1.77761
1.77759
1.77758
1.77758
1.77762
1.77796
1.77658
1.43227
1.43337
1.43302
1.43291
1.43283
1.43281
1.43282
1.43284
1.43283
1.43277
1.43263
1.43248
1.43231
1.4321
1.4319
1.43173
1.43161
1.43154
1.43174
1.4306
1.15806
1.15893
1.15854
1.15833
1.15813
1.15794
1.15777
1.15758
1.15734
1.15704
1.15665
1.15626
1.15587
1.15548
1.15512
1.15481
1.15457
1.1544
1.15449
1.15353
0.940176
0.94086
0.94043
0.940117
0.939792
0.939461
0.93911
0.938717
0.938257
0.937732
0.937114
0.93651
0.935921
0.935357
0.934848
0.934413
0.934063
0.933808
0.933798
0.932968
0.768328
0.768867
0.768407
0.768019
0.767602
0.767158
0.76667
0.76612
0.765489
0.764788
0.763988
0.763201
0.762447
0.761739
0.761102
0.760556
0.760113
0.759783
0.759691
0.758959
0.634298
0.634719
0.63426
0.633846
0.633396
0.632905
0.632357
0.631733
0.631021
0.630235
0.629338
0.628444
0.627592
0.626795
0.626078
0.62546
0.624955
0.624576
0.624426
0.623785
0.531862
0.532175
0.531759
0.531379
0.530966
0.530514
0.53
0.529408
0.528727
0.527972
0.527095
0.526201
0.525349
0.52455
0.523828
0.523203
0.522689
0.522302
0.522127
0.521598
0.456067
0.456272
0.455942
0.455648
0.455333
0.454986
0.454587
0.454117
0.453567
0.452947
0.452205
0.45143
0.450684
0.449982
0.449343
0.448787
0.448327
0.447976
0.447808
0.447421
0.400436
0.400567
0.400363
0.400192
0.400006
0.399797
0.399549
0.399248
0.398883
0.398459
0.39793
0.397362
0.396808
0.39628
0.395795
0.395368
0.395009
0.394726
0.394576
0.394317
0.349366
0.349656
0.349575
0.349505
0.349423
0.349325
0.349199
0.349032
0.348818
0.348557
0.348228
0.34787
0.347511
0.347156
0.34682
0.346516
0.346257
0.346047
0.34591
0.345537
0.314705
0.314252
0.31409
0.313948
0.313782
0.313572
0.313305
0.31297
0.312564
0.312096
0.311576
0.311029
0.310462
0.309888
0.309331
0.308819
0.308382
0.308052
0.307878
0.308076
)
;
    }
    outer-wall
    {
        type            calculated;
        value           nonuniform List<scalar> 
1600
(
5627.63
5693.76
5693.61
5693.14
5692.4
5691.54
5690.65
5689.8
5689.1
5688.69
5688.69
5689.1
5689.8
5690.65
5691.54
5692.4
5693.14
5693.61
5693.76
5627.62
2447.82
2459.21
2459.31
2459.07
2458.65
2458.08
2457.47
2456.88
2456.38
2456.06
2456.06
2456.38
2456.88
2457.47
2458.08
2458.65
2459.07
2459.31
2459.21
2447.82
2694.59
2681.12
2682.12
2682.15
2682.22
2682.22
2682.12
2681.93
2681.63
2681.35
2681.35
2681.63
2681.93
2682.12
2682.21
2682.22
2682.15
2682.12
2681.12
2694.58
3935.55
3914.12
3916.94
3917.21
3917.44
3917.61
3917.71
3917.69
3917.51
3917.29
3917.29
3917.51
3917.69
3917.71
3917.61
3917.43
3917.21
3916.93
3914.11
3935.55
4939.56
4913.23
4917.15
4917.51
4917.72
4917.93
4918.11
4918.19
4918.09
4917.91
4917.91
4918.09
4918.19
4918.11
4917.93
4917.72
4917.5
4917.15
4913.22
4939.55
5624.27
5594.46
5598.91
5599.18
5599.29
5599.45
5599.65
5599.78
5599.75
5599.62
5599.62
5599.75
5599.78
5599.65
5599.45
5599.29
5599.18
5598.91
5594.46
5624.27
6026.38
5994.63
5999.2
5999.32
5999.26
5999.31
5999.45
5999.58
5999.58
5999.48
5999.48
5999.58
5999.58
5999.45
5999.3
5999.26
5999.31
5999.2
5994.63
6026.38
6175.67
6143.35
6147.75
6147.64
6147.36
6147.22
6147.22
6147.27
6147.24
6147.14
6147.14
6147.24
6147.27
6147.22
6147.21
6147.36
6147.63
6147.74
6143.35
6175.66
6090.84
6059.09
6063.06
6062.65
6062.07
6061.64
6061.39
6061.25
6061.11
6060.96
6060.96
6061.1
6061.25
6061.39
6061.63
6062.07
6062.64
6063.06
6059.09
6090.83
5787.12
5756.94
5760.24
5759.42
5758.44
5757.58
5756.93
5756.45
5756.06
5755.8
5755.8
5756.06
5756.45
5756.93
5757.58
5758.43
5759.42
5760.23
5756.93
5787.11
5284.2
5256.56
5258.95
5257.63
5256.12
5254.69
5253.46
5252.47
5251.71
5251.25
5251.25
5251.7
5252.47
5253.46
5254.69
5256.11
5257.62
5258.94
5256.56
5284.19
4616.06
4592.03
4593.29
4591.42
4589.32
4587.23
4585.32
4583.68
4582.43
4581.7
4581.7
4582.43
4583.68
4585.32
4587.23
4589.31
4591.41
4593.29
4592.03
4616.06
3845.64
3826.57
3826.67
3824.36
3821.82
3819.2
3816.69
3814.48
3812.76
3811.78
3811.78
3812.76
3814.48
3816.69
3819.2
3821.81
3824.36
3826.67
3826.57
3845.63
3078.57
3066.49
3065.73
3063.46
3060.99
3058.39
3055.82
3053.49
3051.63
3050.56
3050.56
3051.63
3053.49
3055.82
3058.39
3060.99
3063.46
3065.72
3066.49
3078.57
2440.77
2437.79
2436.86
2435.33
2433.72
2431.98
2430.19
2428.49
2427.08
2426.25
2426.25
2427.08
2428.49
2430.19
2431.98
2433.72
2435.33
2436.86
2437.79
2440.77
1977.38
1982.84
1982.24
1981.64
1981.06
1980.37
1979.6
1978.8
1978.08
1977.61
1977.61
1978.08
1978.8
1979.6
1980.37
1981.05
1981.64
1982.23
1982.83
1977.38
1586.93
1595.78
1595.23
1594.79
1594.36
1593.83
1593.22
1592.58
1592
1591.64
1591.64
1592
1592.58
1593.22
1593.83
1594.36
1594.79
1595.22
1595.78
1586.93
1176.55
1182.67
1181.66
1180.64
1179.55
1178.36
1177.12
1175.95
1175
1174.44
1174.44
1174.99
1175.95
1177.11
1178.35
1179.55
1180.63
1181.65
1182.67
1176.55
851.381
850.949
849.923
848.778
847.651
846.475
845.299
844.218
843.355
842.86
842.86
843.355
844.217
845.297
846.473
847.648
848.774
849.92
850.946
851.378
810.301
806.156
806.4
806.455
806.718
807.066
807.424
807.733
807.946
808.047
808.047
807.946
807.733
807.423
807.065
806.716
806.453
806.398
806.154
810.299
906.473
902.917
904.001
904.761
905.732
906.804
907.864
908.794
909.481
909.841
909.841
909.481
908.795
907.865
906.804
905.732
904.761
904
902.917
906.473
909.225
906.107
907.147
907.726
908.41
909.138
909.838
910.435
910.86
911.075
911.075
910.86
910.435
909.839
909.139
908.41
907.726
907.146
906.108
909.226
794.011
790.598
791.22
791.327
791.44
791.54
791.608
791.632
791.615
791.587
791.587
791.616
791.632
791.608
791.54
791.44
791.327
791.219
790.597
794.011
631.519
627.839
628.056
627.801
627.505
627.169
626.805
626.444
626.132
625.942
625.942
626.133
626.445
626.805
627.169
627.505
627.8
628.055
627.839
631.518
490.7
487.161
487.144
486.754
486.327
485.86
485.376
484.914
484.529
484.302
484.302
484.53
484.914
485.376
485.86
486.326
486.753
487.143
487.16
490.7
405.727
402.562
402.483
402.141
401.788
401.416
401.038
400.682
400.389
400.216
400.216
400.389
400.682
401.038
401.415
401.788
402.14
402.482
402.561
405.727
381.528
378.89
378.874
378.683
378.512
378.347
378.185
378.035
377.909
377.833
377.833
377.909
378.035
378.185
378.346
378.512
378.682
378.873
378.889
381.528
397.767
395.791
395.877
395.839
395.837
395.854
395.877
395.898
395.909
395.91
395.91
395.909
395.898
395.877
395.853
395.836
395.838
395.876
395.79
397.766
422.701
421.31
421.46
421.506
421.584
421.681
421.781
421.871
421.936
421.968
421.968
421.936
421.871
421.781
421.68
421.583
421.505
421.459
421.309
422.7
436.249
435.235
435.394
435.456
435.539
435.633
435.727
435.808
435.866
435.895
435.895
435.866
435.808
435.726
435.632
435.538
435.455
435.393
435.234
436.248
434.509
433.689
433.823
433.868
433.922
433.98
434.036
434.081
434.111
434.125
434.125
434.111
434.081
434.035
433.979
433.921
433.866
433.822
433.688
434.507
422.296
421.573
421.673
421.695
421.72
421.746
421.767
421.782
421.789
421.79
421.79
421.789
421.782
421.767
421.745
421.719
421.694
421.672
421.571
422.295
405.711
405.058
405.131
405.138
405.148
405.156
405.161
405.161
405.158
405.153
405.153
405.157
405.161
405.16
405.155
405.147
405.137
405.13
405.057
405.71
388.457
387.881
387.936
387.939
387.945
387.949
387.951
387.949
387.945
387.941
387.941
387.945
387.949
387.951
387.949
387.944
387.938
387.935
387.88
388.456
371.472
370.983
371.029
371.033
371.04
371.047
371.051
371.052
371.051
371.048
371.048
371.051
371.052
371.051
371.046
371.039
371.032
371.028
370.982
371.471
354.152
353.749
353.79
353.797
353.806
353.815
353.822
353.825
353.826
353.825
353.825
353.826
353.825
353.821
353.814
353.805
353.796
353.789
353.748
354.152
335.647
335.32
335.357
335.365
335.375
335.384
335.391
335.394
335.395
335.394
335.394
335.395
335.394
335.39
335.383
335.374
335.365
335.357
335.32
335.647
315.55
315.285
315.317
315.325
315.334
315.341
315.346
315.348
315.347
315.346
315.346
315.347
315.347
315.345
315.34
315.333
315.325
315.317
315.284
315.549
293.992
293.775
293.804
293.811
293.817
293.822
293.824
293.824
293.821
293.819
293.819
293.821
293.823
293.824
293.821
293.816
293.81
293.803
293.775
293.992
271.447
271.267
271.292
271.297
271.302
271.304
271.304
271.301
271.298
271.295
271.295
271.298
271.301
271.303
271.303
271.301
271.296
271.291
271.266
271.446
248.487
248.338
248.358
248.363
248.366
248.367
248.365
248.361
248.356
248.353
248.353
248.356
248.361
248.364
248.366
248.365
248.362
248.357
248.336
248.485
225.639
225.516
225.533
225.537
225.539
225.538
225.536
225.531
225.526
225.523
225.523
225.526
225.53
225.535
225.537
225.537
225.535
225.532
225.514
225.638
203.329
203.226
203.242
203.245
203.246
203.245
203.241
203.237
203.232
203.228
203.228
203.231
203.236
203.24
203.243
203.244
203.243
203.24
203.224
203.327
181.879
181.795
181.808
181.81
181.811
181.809
181.806
181.801
181.796
181.793
181.793
181.796
181.8
181.805
181.808
181.809
181.808
181.806
181.792
181.877
161.533
161.464
161.475
161.477
161.478
161.476
161.472
161.468
161.463
161.46
161.46
161.462
161.467
161.471
161.474
161.476
161.475
161.473
161.462
161.53
142.47
142.413
142.423
142.425
142.425
142.423
142.42
142.415
142.411
142.408
142.408
142.41
142.414
142.418
142.422
142.423
142.423
142.421
142.411
142.467
124.814
124.768
124.776
124.778
124.778
124.776
124.772
124.768
124.764
124.761
124.761
124.763
124.767
124.771
124.774
124.776
124.776
124.774
124.765
124.811
108.639
108.602
108.609
108.611
108.61
108.608
108.605
108.601
108.597
108.595
108.595
108.597
108.6
108.604
108.607
108.608
108.609
108.607
108.6
108.637
93.9749
93.9447
93.951
93.952
93.9515
93.9496
93.9466
93.943
93.9397
93.9375
93.9374
93.9392
93.9422
93.9455
93.9482
93.9498
93.9501
93.9489
93.9425
93.9726
80.8084
80.784
80.7894
80.7901
80.7896
80.7878
80.785
80.7818
80.7788
80.7768
80.7767
80.7783
80.781
80.784
80.7865
80.7881
80.7884
80.7875
80.782
80.8064
69.0939
69.0741
69.0787
69.0793
69.0787
69.077
69.0745
69.0716
69.0689
69.0672
69.0671
69.0685
69.071
69.0737
69.076
69.0775
69.0779
69.0771
69.0725
69.0921
58.7593
58.7433
58.7472
58.7477
58.7471
58.7455
58.7432
58.7407
58.7383
58.7369
58.7368
58.7381
58.7402
58.7426
58.7447
58.7462
58.7466
58.746
58.7421
58.758
49.7143
49.7014
49.7047
49.7051
49.7045
49.703
49.701
49.6987
49.6967
49.6955
49.6954
49.6966
49.6985
49.7006
49.7026
49.7039
49.7044
49.704
49.7006
49.7134
41.8567
41.8463
41.8491
41.8494
41.8488
41.8476
41.8458
41.8438
41.8421
41.841
41.841
41.8421
41.8438
41.8457
41.8474
41.8486
41.8491
41.8488
41.846
41.8564
35.0785
35.0701
35.0724
35.0727
35.0722
35.0711
35.0696
35.0679
35.0664
35.0655
35.0656
35.0665
35.068
35.0697
35.0712
35.0723
35.0728
35.0726
35.0702
35.0785
29.2698
29.2631
29.2651
29.2653
29.2649
29.264
29.2627
29.2613
29.2601
29.2594
29.2594
29.2602
29.2616
29.263
29.2643
29.2653
29.2657
29.2656
29.2636
29.2703
24.323
24.3176
24.3193
24.3195
24.3192
24.3185
24.3174
24.3163
24.3153
24.3147
24.3148
24.3155
24.3166
24.3179
24.319
24.3198
24.3202
24.32
24.3184
24.3238
20.1345
20.1301
20.1316
20.1318
20.1316
20.1311
20.1303
20.1294
20.1286
20.1282
20.1283
20.1289
20.1298
20.1309
20.1318
20.1325
20.1328
20.1326
20.1312
20.1355
16.6071
16.6036
16.6049
16.6052
16.6051
16.6047
16.6041
16.6034
16.6028
16.6025
16.6027
16.6032
16.604
16.6048
16.6056
16.6061
16.6064
16.6062
16.605
16.6085
13.6513
13.6485
13.6496
13.6499
13.6499
13.6496
13.6492
13.6487
13.6483
13.6481
13.6483
13.6487
13.6494
13.6501
13.6507
13.6512
13.6513
13.6512
13.6502
13.653
11.1859
11.1837
11.1846
11.1848
11.1849
11.1847
11.1844
11.1841
11.1838
11.1837
11.1839
11.1843
11.1848
11.1855
11.186
11.1863
11.1865
11.1864
11.1855
11.1878
9.13836
9.13655
9.13734
9.13758
9.13762
9.13752
9.13731
9.13707
9.13687
9.13683
9.137
9.13738
9.13788
9.1384
9.13886
9.13918
9.1393
9.1392
9.1385
9.14033
7.44488
7.44341
7.44408
7.44428
7.44432
7.44425
7.44409
7.4439
7.44376
7.44374
7.44391
7.44425
7.4447
7.44516
7.44556
7.44584
7.44596
7.44589
7.44531
7.4468
6.04977
6.04857
6.04912
6.04929
6.04932
6.04926
6.04912
6.04897
6.04886
6.04885
6.049
6.0493
6.04969
6.05009
6.05044
6.05069
6.05081
6.05075
6.05027
6.05149
4.90477
4.90378
4.90423
4.90436
4.90439
4.90433
4.90421
4.90408
4.90398
4.90397
4.9041
4.90435
4.90468
4.90502
4.90532
4.90553
4.90563
4.90558
4.90519
4.90618
3.96829
3.96749
3.96785
3.96795
3.96796
3.9679
3.96779
3.96768
3.96759
3.96758
3.96767
3.96787
3.96813
3.96841
3.96865
3.96883
3.96891
3.96887
3.96855
3.96936
3.20483
3.20416
3.20445
3.20451
3.20451
3.20444
3.20434
3.20423
3.20415
3.20412
3.20419
3.20434
3.20454
3.20475
3.20494
3.20508
3.20515
3.20512
3.20486
3.20551
2.58436
2.58379
2.58401
2.58404
2.584
2.58392
2.58381
2.58369
2.5836
2.58356
2.58358
2.58368
2.58382
2.58398
2.58412
2.58423
2.58429
2.58427
2.58406
2.5846
2.08183
2.08134
2.08149
2.08147
2.08139
2.08127
2.08113
2.08099
2.08086
2.08078
2.08077
2.08081
2.08089
2.081
2.0811
2.08118
2.08122
2.08121
2.08104
2.08149
1.67647
1.67605
1.67613
1.67606
1.67593
1.67576
1.67556
1.67536
1.67519
1.67505
1.67498
1.67496
1.67498
1.67503
1.67509
1.67513
1.67516
1.67515
1.67502
1.67538
1.35105
1.35068
1.3507
1.35058
1.3504
1.35017
1.34991
1.34966
1.34941
1.34921
1.34907
1.34899
1.34895
1.34894
1.34895
1.34896
1.34897
1.34895
1.34884
1.34912
1.09113
1.09082
1.09081
1.09066
1.09044
1.09017
1.08987
1.08957
1.08928
1.08902
1.08883
1.08869
1.0886
1.08854
1.08851
1.08848
1.08846
1.08843
1.08832
1.08854
0.884683
0.884435
0.88441
0.884263
0.884048
0.883781
0.883483
0.883172
0.88287
0.882599
0.882378
0.882211
0.882089
0.882
0.881932
0.881877
0.88183
0.881781
0.881683
0.881827
0.721679
0.721499
0.721484
0.72137
0.721197
0.720979
0.720729
0.720463
0.720197
0.719953
0.719744
0.719575
0.719441
0.719331
0.719238
0.719157
0.719086
0.71902
0.71892
0.719002
0.593708
0.59359
0.593602
0.59354
0.593436
0.593296
0.593128
0.592941
0.592744
0.592552
0.592375
0.592218
0.592077
0.591949
0.591828
0.591719
0.591621
0.591534
0.591428
0.591459
0.493669
0.493593
0.493635
0.493629
0.493597
0.493542
0.493463
0.493362
0.493241
0.493107
0.492966
0.492822
0.492675
0.492525
0.492377
0.492236
0.492111
0.492002
0.491891
0.491897
0.415939
0.415859
0.415916
0.41595
0.415975
0.415987
0.415981
0.415952
0.415897
0.415817
0.415714
0.41559
0.415449
0.415296
0.415139
0.414987
0.414852
0.414739
0.414638
0.414669
0.356367
0.356197
0.356232
0.356273
0.35632
0.356362
0.356392
0.356405
0.356396
0.356365
0.356311
0.356237
0.356145
0.356041
0.35593
0.355821
0.355725
0.355651
0.355599
0.355744
0.307162
0.306633
0.306638
0.306671
0.306712
0.306754
0.306796
0.306838
0.30688
0.306922
0.306966
0.307011
0.307055
0.307098
0.307136
0.307168
0.307192
0.307208
0.307237
0.30778
0.298069
0.298567
0.29873
0.298862
0.299007
0.299188
0.299418
0.299707
0.300057
0.300466
0.300931
0.301441
0.301982
0.302533
0.30307
0.303563
0.30398
0.304283
0.304418
0.304006
)
;
    }
    symmetry-x
    {
        type            symmetryPlane;
    }
    symmetry-y
    {
        type            symmetryPlane;
    }
}


// ************************************************************************* //
